chr	start	end	feature1	feature2	length
chr20	47280254	47280604	ENSG00000101040.20	gene|regulatory|transcript	350
chr20	15385904	15386254	ENSG00000172264.19	gene|regulatory|transcript	350
chr20	46715310	46715660	ENSG00000197496.6	gene|regulatory|transcript	350
chr20	46674199	46674549	ENSG00000158296.14	gene|regulatory|transcript	350
chr20	51447244	51447594	ENSG00000101096.20	gene|regulatory|transcript	350
chr20	51446685	51447035	ENSG00000101096.20	gene|regulatory|transcript	350
chr20	34016772	34017122	ENSG00000125970.12|ENSG00000228386.2	gene|regulatory|transcript	350
chr20	4897043	4897393	ENSG00000089057.15	gene|regulatory|transcript	350
chr20	4895097	4895447	ENSG00000089057.15	gene|regulatory|transcript	350
chr20	51412982	51413332	ENSG00000101096.20	gene|regulatory|transcript	350
chr20	16020981	16021331	ENSG00000172264.19	gene|regulatory|transcript	350
chr20	16011049	16011399	ENSG00000172264.19	gene|regulatory|transcript	350
chr20	14879329	14879679	ENSG00000172264.19	gene|regulatory|transcript	350
chr20	16007203	16007553	ENSG00000172264.19	gene|regulatory|transcript	350
chr20	59812326	59812676	ENSG00000087495.17	gene|regulatory|transcript	350
chr20	47724389	47724739	ENSG00000196562.16	gene|regulatory|transcript	350
chr20	47717435	47717785	ENSG00000196562.16	gene|regulatory|transcript	350
chr20	16027692	16028042	ENSG00000172264.19	gene|regulatory|transcript	350
chr20	16397050	16397400	ENSG00000089177.20	gene|regulatory|transcript	350
chr20	59752307	59752657	ENSG00000087495.17	gene|regulatory|transcript	350
chr20	16491552	16491902	ENSG00000089177.20	gene|regulatory|transcript	350
chr20	14599646	14599996	ENSG00000172264.19|ENSG00000227927.2	gene|regulatory|transcript	350
chr20	59748633	59748983	ENSG00000087495.17	gene|regulatory|transcript	350
chr20	61298016	61298366	ENSG00000179242.16	gene|regulatory|transcript	350
chr20	51404709	51405059	ENSG00000101096.20	gene|regulatory|transcript	350
chr20	62891224	62891574	ENSG00000101191.17	gene|regulatory|transcript	350
chr20	62885452	62885802	ENSG00000101191.17	gene|regulatory|transcript	350
chr20	50929368	50929718	ENSG00000101126.18	gene|regulatory|transcript	350
chr20	4814608	4814958	ENSG00000101265.16	gene|regulatory|transcript	350
chr20	51678413	51678763	ENSG00000054793.14	gene|regulatory|transcript	350
chr20	38559775	38560125	ENSG00000170471.15	gene|regulatory|transcript	350
chr20	62740231	62740581	ENSG00000101188.5	gene|regulatory|transcript	350
chr20	5081202	5081552	ENSG00000089063.15	gene|regulatory|transcript	350
chr20	4999846	5000196	ENSG00000089057.15	gene|regulatory|transcript	350
chr20	13864313	13864663	ENSG00000101251.13	gene|regulatory|transcript	350
chr20	17681167	17681517	ENSG00000125844.17	gene|regulatory|transcript	350
chr20	59243073	59243423	ENSG00000124203.7	gene|regulatory|transcript	350
chr20	43682059	43682409	ENSG00000101057.16	gene|regulatory|transcript	350
chr20	43710627	43710977	ENSG00000101057.16	gene|regulatory|transcript	350
chr20	44637507	44637857	ENSG00000196839.14	gene|regulatory|transcript	350
chr20	44615365	44615715	ENSG00000168734.14|ENSG00000196839.14	gene|regulatory|transcript	350
chr20	14580673	14581023	ENSG00000172264.19|ENSG00000227927.2	gene|regulatory|transcript	350
chr20	17267221	17267571	ENSG00000125851.10	gene|regulatory|transcript	350
chr20	14335210	14335560	ENSG00000125848.10|ENSG00000172264.19	gene|regulatory|transcript	350
chr20	17518413	17518763	ENSG00000125864.14	gene|regulatory|transcript	350
chr20	59664574	59664924	ENSG00000087495.17	gene|regulatory|transcript	350
chr20	14384444	14384794	ENSG00000172264.19	gene|regulatory|transcript	350
chr20	17570607	17570957	ENSG00000125868.16	gene|regulatory|transcript	350
chr20	14245618	14245968	ENSG00000172264.19	gene|regulatory|transcript	350
chr20	48719221	48719571	ENSG00000124126.14	gene|regulatory|transcript	350
chr20	48716068	48716418	ENSG00000124126.14	gene|regulatory|transcript	350
chr20	2947440	2947790	ENSG00000132670.21	gene|regulatory|transcript	350
chr20	36862029	36862379	ENSG00000149639.15	gene|regulatory|transcript	350
chr20	48682652	48683002	ENSG00000124126.14	gene|regulatory|transcript	350
chr20	47774141	47774491	ENSG00000196562.16	gene|regulatory|transcript	350
chr20	14193976	14194326	ENSG00000172264.19	gene|regulatory|transcript	350
chr20	17650383	17650733	ENSG00000125844.17	gene|regulatory|transcript	350
chr20	14143249	14143599	ENSG00000172264.19	gene|regulatory|transcript	350
chr20	17648204	17648554	ENSG00000125844.17	gene|regulatory|transcript	350
chr20	51533287	51533637	ENSG00000101096.20	gene|regulatory|transcript	350
chr20	51493437	51493787	ENSG00000101096.20	gene|regulatory|transcript	350
chr20	4973545	4973895	ENSG00000089057.15	gene|regulatory|transcript	350
chr20	51462891	51463241	ENSG00000101096.20	gene|regulatory|transcript	350
chr20	63884540	63884890	ENSG00000101150.18|ENSG00000290226.1	gene|regulatory|transcript	350
chr20	46401009	46401359	ENSG00000062598.18	gene|regulatory|transcript	350
chr20	52105949	52106299	ENSG00000020256.20	gene|regulatory|transcript	350
chr20	62728277	62728627	ENSG00000101188.5	gene|regulatory|transcript	350
chr20	51695605	51695955	ENSG00000054793.14	gene|regulatory|transcript	350
chr20	4234159	4234509	ENSG00000171873.8	gene|regulatory|transcript	350
chr20	4810453	4810803	ENSG00000101265.16	gene|regulatory|transcript	350
chr20	13141551	13141901	ENSG00000172296.13	gene|regulatory|transcript	350
chr20	61556115	61556465	ENSG00000179242.16	gene|regulatory|transcript	350
chr20	61531579	61531929	ENSG00000179242.16	gene|regulatory|transcript	350
chr20	59207771	59208121	ENSG00000124203.7	gene|regulatory|transcript	350
chr20	18388850	18389200	ENSG00000089091.17	gene|regulatory|transcript	350
chr20	59021057	59021407	ENSG00000101162.4	gene|regulatory|transcript	350
chr20	13272590	13272940	ENSG00000101230.6	gene|regulatory|transcript	350
chr20	13401577	13401927	ENSG00000089123.16	gene|regulatory|transcript	350
chr20	37853843	37854193	ENSG00000132792.21	gene|regulatory|transcript	350
chr20	63822364	63822714	ENSG00000130584.12	gene|regulatory|transcript	350
chr20	1920269	1920619	ENSG00000198053.12	gene|regulatory|transcript	350
chr20	50819350	50819700	ENSG00000124243.19	gene|regulatory|transcript	350
chr20	34605055	34605405	ENSG00000101464.11	gene|regulatory|transcript	350
chr20	4158656	4159006	ENSG00000088826.18	gene|regulatory|transcript	350
chr20	38870861	38871211	ENSG00000101445.10	gene|regulatory|transcript	350
chr20	38875506	38875856	ENSG00000101445.10	gene|regulatory|transcript	350
chr20	5767522	5767872	ENSG00000171984.15	gene|regulatory|transcript	350
chr20	32539799	32540149	ENSG00000197183.15	gene|regulatory|transcript	350
chr20	13068357	13068707	ENSG00000172296.13	gene|regulatory|transcript	350
chr20	13012964	13013314	ENSG00000172296.13	gene|regulatory|transcript	350
chr20	13009666	13010016	ENSG00000172296.13	gene|regulatory|transcript	350
chr20	19341405	19341755	ENSG00000185052.13	gene|regulatory|transcript	350
chr20	13251589	13251939	ENSG00000101230.6	gene|regulatory|transcript	350
chr20	13286657	13287007	ENSG00000101230.6	gene|regulatory|transcript	350
chr20	18667073	18667423	ENSG00000125821.13|ENSG00000284776.1	gene|regulatory|transcript	350
chr20	18719448	18719798	ENSG00000125821.13|ENSG00000284776.1	gene|regulatory|transcript	350
chr20	18739764	18740114	ENSG00000125821.13|ENSG00000284776.1	gene|regulatory|transcript	350
chr20	13158367	13158717	ENSG00000172296.13	gene|regulatory|transcript	350
chr20	47231732	47232082	ENSG00000101040.20	gene|regulatory|transcript	350
chr20	48945925	48946275	ENSG00000124198.10	gene|regulatory|transcript	350
chr20	36630023	36630373	ENSG00000101082.14	gene|regulatory|transcript	350
chr20	48772417	48772767	ENSG00000124126.14	gene|regulatory|transcript	350
chr20	36808793	36809143	ENSG00000149639.15	gene|regulatory|transcript	350
chr20	63553342	63553692	ENSG00000125531.7	gene|regulatory|transcript	350
chr20	19233014	19233364	ENSG00000185052.13	gene|regulatory|transcript	350
chr20	45016261	45016611	ENSG00000101109.13	gene|regulatory|transcript	350
chr20	19252697	19253047	ENSG00000179447.2|ENSG00000185052.13	gene|regulatory|transcript	350
chr20	19314666	19315016	ENSG00000185052.13	gene|regulatory|transcript	350
chr20	13102762	13103112	ENSG00000172296.13	gene|regulatory|transcript	350
chr20	62644208	62644558	ENSG00000101187.16	gene|regulatory|transcript	350
chr20	53003444	53003794	ENSG00000182463.17	gene|regulatory|transcript	350
chr20	32581159	32581509	ENSG00000197183.15	gene|regulatory|transcript	350
chr20	53001623	53001973	ENSG00000182463.17	gene|regulatory|transcript	350
chr20	32642383	32642733	ENSG00000198547.10|ENSG00000285382.1	gene|regulatory|transcript	350
chr20	62365855	62366205	ENSG00000130702.15	gene|regulatory|transcript	350
chr20	32285730	32286080	ENSG00000101350.8	gene|regulatory|transcript	350
chr20	5848761	5849111	ENSG00000171984.15	gene|regulatory|transcript	350
chr20	10655751	10656101	ENSG00000101384.12	gene|regulatory|transcript	350
chr20	19815547	19815897	ENSG00000132669.14	gene|regulatory|transcript	350
chr20	19807696	19808046	ENSG00000132669.14	gene|regulatory|transcript	350
chr20	42855918	42856268	ENSG00000196090.14	gene|regulatory|transcript	350
chr20	10671558	10671908	ENSG00000101384.12	gene|regulatory|transcript	350
chr20	37822134	37822484	ENSG00000132792.21	gene|regulatory|transcript	350
chr20	62469976	62470326	ENSG00000130700.7	gene|regulatory|transcript	350
chr20	5835913	5836263	ENSG00000171984.15	gene|regulatory|transcript	350
chr20	38826043	38826393	ENSG00000101445.10	gene|regulatory|transcript	350
chr20	39036922	39037272	ENSG00000101452.15	gene|regulatory|transcript	350
chr20	31985185	31985535	ENSG00000260903.3	gene|regulatory|transcript	350
chr20	53434719	53435069	ENSG00000182463.17|ENSG00000271774.1	gene|regulatory|transcript	350
chr20	7912583	7912933	ENSG00000101323.5	gene|regulatory|transcript	350
chr20	53284225	53284575	ENSG00000182463.17|ENSG00000271774.1	gene|regulatory|transcript	350
chr20	6008245	6008595	ENSG00000088766.12|ENSG00000286235.1	gene|regulatory|transcript	350
chr20	36468400	36468750	ENSG00000080845.19	gene|regulatory|transcript	350
chr20	36484440	36484790	ENSG00000080845.19	gene|regulatory|transcript	350
chr20	10660027	10660377	ENSG00000101384.12	gene|regulatory|transcript	350
chr20	42635726	42636076	ENSG00000196090.14	gene|regulatory|transcript	350
chr20	64116509	64116859	ENSG00000196132.14	gene|regulatory|transcript	350
chr20	61745836	61746186	ENSG00000179242.16|ENSG00000225106.1	gene|regulatory|transcript	350
chr20	46965609	46965959	ENSG00000064655.19	gene|regulatory|transcript	350
chr20	50675991	50676341	ENSG00000042062.13	gene|regulatory|transcript	350
chr20	50638426	50638776	ENSG00000042062.13	gene|regulatory|transcript	350
chr20	41050637	41050987	ENSG00000198900.7	gene|regulatory|transcript	350
chr20	41039087	41039437	ENSG00000198900.7	gene|regulatory|transcript	350
chr20	31708388	31708738	ENSG00000171552.14|ENSG00000236559.1	gene|regulatory|transcript	350
chr20	54004432	54004782	ENSG00000064787.14	gene|regulatory|transcript	350
chr20	53984370	53984720	ENSG00000064787.14	gene|regulatory|transcript	350
chr20	53593088	53593438	ENSG00000171940.14	gene|regulatory|transcript	350
chr20	41074477	41074827	ENSG00000198900.7	gene|regulatory|transcript	350
chr20	54214560	54214910	ENSG00000101132.10	gene|regulatory|transcript	350
chr20	31675348	31675698	ENSG00000171552.14	gene|regulatory|transcript	350
chr20	31699185	31699535	ENSG00000171552.14|ENSG00000236559.1	gene|regulatory|transcript	350
chr20	31684691	31685041	ENSG00000171552.14	gene|regulatory|transcript	350
chr20	57695077	57695427	ENSG00000124225.16	gene|regulatory|transcript	350
chr20	45339091	45339441	ENSG00000124145.6	gene|regulatory|transcript	350
chr20	45337758	45338108	ENSG00000124145.6	gene|regulatory|transcript	350
chr20	19868045	19868395	ENSG00000132669.14	gene|regulatory|transcript	350
chr20	19884743	19885093	ENSG00000132669.14	gene|regulatory|transcript	350
chr20	10594363	10594713	ENSG00000149346.15	gene|regulatory|transcript	350
chr20	58481506	58481856	ENSG00000198768.11	gene|regulatory|transcript	350
chr20	58480683	58481033	ENSG00000198768.11	gene|regulatory|transcript	350
chr20	37986972	37987322	ENSG00000101407.13	gene|regulatory|transcript	350
chr20	36128453	36128803	ENSG00000088367.23	gene|regulatory|transcript	350
chr20	3283461	3283811	ENSG00000088854.13	gene|regulatory|transcript	350
chr20	20498471	20498821	ENSG00000188559.16	gene|regulatory|transcript	350
chr20	20491468	20491818	ENSG00000188559.16	gene|regulatory|transcript	350
chr20	19993919	19994269	ENSG00000132669.14	gene|regulatory|transcript	350
chr20	10501370	10501720	ENSG00000149346.15	gene|regulatory|transcript	350
chr20	41138901	41139251	ENSG00000124181.15	gene|regulatory|transcript	350
chr20	54633930	54634280	ENSG00000101134.12	gene|regulatory|transcript	350
chr20	54624642	54624992	ENSG00000101134.12	gene|regulatory|transcript	350
chr20	54619203	54619553	ENSG00000101134.12	gene|regulatory|transcript	350
chr20	54606419	54606769	ENSG00000101134.12	gene|regulatory|transcript	350
chr20	8425891	8426241	ENSG00000182621.19	gene|regulatory|transcript	350
chr20	31566783	31567133	ENSG00000101294.19	gene|regulatory|transcript	350
chr20	1392090	1392440	ENSG00000088832.18|ENSG00000274322.1	gene|regulatory|transcript	350
chr20	3799095	3799445	ENSG00000101224.18	gene|regulatory|transcript	350
chr20	62954221	62954571	ENSG00000101194.18	gene|regulatory|transcript	350
chr20	49387306	49387656	ENSG00000158445.10|ENSG00000290421.1	gene|regulatory|transcript	350
chr20	49384476	49384826	ENSG00000158445.10|ENSG00000290421.1	gene|regulatory|transcript	350
chr20	36105803	36106153	ENSG00000088367.23	gene|regulatory|transcript	350
chr20	37930383	37930733	ENSG00000132821.12	gene|regulatory|transcript	350
chr20	20303711	20304061	ENSG00000089101.19	gene|regulatory|transcript	350
chr20	42218655	42219005	ENSG00000196090.14	gene|regulatory|transcript	350
chr20	57692407	57692757	ENSG00000124225.16	gene|regulatory|transcript	350
chr20	35055793	35056143	ENSG00000100991.12	gene|regulatory|transcript	350
chr20	50110193	50110543	ENSG00000124208.16|ENSG00000244687.13	gene|regulatory|transcript	350
chr20	49986040	49986390	ENSG00000124216.4	gene|regulatory|transcript	350
chr20	49948777	49949127	ENSG00000124226.11	gene|regulatory|transcript	350
chr20	49936639	49936989	ENSG00000124226.11	gene|regulatory|transcript	350
chr20	3711378	3711728	ENSG00000088827.14	gene|regulatory|transcript	350
chr20	35308244	35308594	ENSG00000101019.22	gene|regulatory|transcript	350
chr20	56422859	56423209	ENSG00000087589.17	gene|regulatory|transcript	350
chr20	62258515	62258865	ENSG00000130703.17	gene|regulatory|transcript	350
chr20	41169725	41170075	ENSG00000124181.15	gene|regulatory|transcript	350
chr20	8901592	8901942	ENSG00000182621.19	gene|regulatory|transcript	350
chr20	8670842	8671192	ENSG00000182621.19	gene|regulatory|transcript	350
chr20	42083308	42083658	ENSG00000196090.14	gene|regulatory|transcript	350
chr20	20548693	20549043	ENSG00000188559.16	gene|regulatory|transcript	350
chr20	21174621	21174971	ENSG00000088970.16|ENSG00000232712.6	gene|regulatory|transcript	350
chr20	57657623	57657973	ENSG00000124225.16	gene|regulatory|transcript	350
chr20	21235904	21236254	ENSG00000088970.16	gene|regulatory|transcript	350
chr20	47117795	47118145	ENSG00000064655.19	gene|regulatory|transcript	350
chr20	47113726	47114076	ENSG00000064655.19	gene|regulatory|transcript	350
chr20	25577165	25577515	ENSG00000101004.16	gene|regulatory|transcript	350
chr20	31515730	31516080	ENSG00000101294.19	gene|regulatory|transcript	350
chr20	56362821	56363171	ENSG00000124098.10	gene|regulatory|transcript	350
chr20	9072950	9073300	ENSG00000101333.19	gene|regulatory|transcript	350
chr20	41218525	41218875	ENSG00000174306.22	gene|regulatory|transcript	350
chr20	41276431	41276781	ENSG00000174306.22	gene|regulatory|transcript	350
chr20	25281656	25282006	ENSG00000100994.12	gene|regulatory|transcript	350
chr20	25308979	25309329	ENSG00000100997.20	gene|regulatory|transcript	350
chr20	62238123	62238473	ENSG00000130703.17	gene|regulatory|transcript	350
chr20	25324479	25324829	ENSG00000100997.20	gene|regulatory|transcript	350
chr20	8853750	8854100	ENSG00000182621.19	gene|regulatory|transcript	350
chr20	24990943	24991293	ENSG00000101474.12	gene|regulatory|transcript	350
chr20	24984979	24985329	ENSG00000101474.12	gene|regulatory|transcript	350
chr20	57258133	57258483	ENSG00000101144.13	gene|regulatory|transcript	350
chr20	23399768	23400118	ENSG00000125814.17	gene|regulatory|transcript	350
chr20	23436007	23436357	ENSG00000125823.13	gene|regulatory|transcript	350
chr20	57401121	57401471	ENSG00000132819.17	gene|regulatory|transcript	350
chr20	24492327	24492677	ENSG00000101463.6|ENSG00000228539.1	gene|regulatory|transcript	350
chr20	24634751	24635101	ENSG00000101463.6	gene|regulatory|transcript	350
chr20	56439799	56440149	ENSG00000087589.17	gene|regulatory|transcript	350
chr20	1301016	1301366	ENSG00000101298.15	gene|regulatory|transcript	350
chr20	25040511	25040861	ENSG00000154930.15	gene|regulatory|transcript	350
chr20	25076646	25076996	ENSG00000100987.15	gene|regulatory|transcript	350
chr20	57195476	57195826	ENSG00000101144.13	gene|regulatory|transcript	350
chr20	25277917	25278267	ENSG00000100994.12	gene|regulatory|transcript	350
chr20	49863696	49864046	ENSG00000197818.12	gene|regulatory|transcript	350
chr20	35442995	35443345	ENSG00000125965.9	gene|regulatory|transcript	350
chr20	49672195	49672545	ENSG00000158470.5	gene|regulatory|transcript	350
chr20	49562284	49562634	ENSG00000124212.6	gene|regulatory|transcript	350
chr20	3616221	3616571	ENSG00000088812.18	gene|regulatory|transcript	350
chr20	49482671	49483021	ENSG00000158445.10	gene|regulatory|transcript	350
chr20	35886565	35886915	ENSG00000025293.17	gene|regulatory|transcript	350
chr20	24650143	24650493	ENSG00000101463.6	gene|regulatory|transcript	350
chr20	1291119	1291469	ENSG00000101298.15|ENSG00000244588.6	gene|regulatory|transcript	350
chr20	57264243	57264593	ENSG00000101144.13	gene|regulatory|transcript	350
chr20	15047131	15047481	ENSG00000172264.19	gene|regulatory|transcript	350
chr20	15188463	15188813	ENSG00000172264.19	gene|regulatory|transcript	350
chr20	15011626	15011976	ENSG00000172264.19	gene|regulatory|transcript	350
chr20	14992103	14992453	ENSG00000172264.19	gene|regulatory|transcript	350
chr20	14963315	14963665	ENSG00000172264.19	gene|regulatory|transcript	350
chr20	37314653	37315003	ENSG00000101363.13	gene|regulatory|transcript	350
chr20	37308082	37308432	ENSG00000101363.13	gene|regulatory|transcript	350
chr20	47502839	47503189	ENSG00000124151.19	gene|regulatory|transcript	350
chr20	37358742	37359092	ENSG00000197122.13	gene|regulatory|transcript	350
chr20	47305704	47306054	ENSG00000101040.20	gene|regulatory|transcript	350
chr20	37194622	37194972	ENSG00000118705.18	gene|regulatory|transcript	350
chr20	47682365	47682715	ENSG00000196562.16|ENSG00000255438.2	gene|regulatory|transcript	350
chr20	47663778	47664128	ENSG00000196562.16	gene|regulatory|transcript	350
chr20	2748705	2749055	ENSG00000088881.22	gene|regulatory|transcript	350
chr20	47576631	47576981	ENSG00000124151.19	gene|regulatory|transcript	350
chr20	347667	348017	ENSG00000125841.13|ENSG00000225377.6	gene|regulatory|transcript	350
chr20	44310085	44310435	ENSG00000197296.6	gene|regulatory|transcript	350
chr20	64224377	64224727	ENSG00000196132.14	gene|regulatory|transcript	350
chr20	44123828	44124178	ENSG00000149596.7	gene|regulatory|transcript	350
chr20	44504431	44504781	ENSG00000132824.14	gene|regulatory|transcript	350
chr20	64277577	64277927	ENSG00000203880.13	gene|regulatory|transcript	350
chr20	44166521	44166871	ENSG00000149596.7	gene|regulatory|transcript	350
chr20	64212858	64213207	ENSG00000196132.14	gene|regulatory|transcript	349
chr20	37257911	37258260	ENSG00000118702.11	gene|regulatory|transcript	349
chr20	37234201	37234550	ENSG00000118705.18	gene|regulatory|transcript	349
chr20	2750946	2751295	ENSG00000088881.22	gene|regulatory|transcript	349
chr20	47336450	47336799	ENSG00000101040.20	gene|regulatory|transcript	349
chr20	2738768	2739117	ENSG00000088881.22	gene|regulatory|transcript	349
chr20	37356459	37356808	ENSG00000197122.13	gene|regulatory|transcript	349
chr20	59940747	59941096	ENSG00000196227.11	gene|regulatory|transcript	349
chr20	15637901	15638250	ENSG00000172264.19	gene|regulatory|transcript	349
chr20	15045289	15045638	ENSG00000172264.19	gene|regulatory|transcript	349
chr20	57260164	57260513	ENSG00000101144.13	gene|regulatory|transcript	349
chr20	24981800	24982149	ENSG00000101474.12	gene|regulatory|transcript	349
chr20	9442871	9443220	ENSG00000101333.19	gene|regulatory|transcript	349
chr20	41453035	41453384	ENSG00000124177.16	gene|regulatory|transcript	349
chr20	41423017	41423366	ENSG00000124177.16	gene|regulatory|transcript	349
chr20	2296225	2296574	ENSG00000125780.12|ENSG00000286022.1	gene|regulatory|transcript	349
chr20	35849751	35850100	ENSG00000025293.17	gene|regulatory|transcript	349
chr20	38084477	38084826	ENSG00000101413.12	gene|regulatory|transcript	349
chr20	49851256	49851605	ENSG00000197818.12	gene|regulatory|transcript	349
chr20	25273457	25273806	ENSG00000100994.12	gene|regulatory|transcript	349
chr20	25252020	25252369	ENSG00000100994.12	gene|regulatory|transcript	349
chr20	25223255	25223604	ENSG00000197586.13	gene|regulatory|transcript	349
chr20	25048562	25048911	ENSG00000154930.15	gene|regulatory|transcript	349
chr20	25042516	25042865	ENSG00000154930.15	gene|regulatory|transcript	349
chr20	25043084	25043433	ENSG00000154930.15	gene|regulatory|transcript	349
chr20	45850999	45851348	ENSG00000101473.17	gene|regulatory|transcript	349
chr20	24580810	24581159	ENSG00000101463.6	gene|regulatory|transcript	349
chr20	57395645	57395994	ENSG00000132819.17	gene|regulatory|transcript	349
chr20	24507514	24507863	ENSG00000101463.6	gene|regulatory|transcript	349
chr20	9573401	9573750	ENSG00000101349.17	gene|regulatory|transcript	349
chr20	62050517	62050866	ENSG00000130699.20	gene|regulatory|transcript	349
chr20	9617963	9618312	ENSG00000101349.17	gene|regulatory|transcript	349
chr20	57244760	57245109	ENSG00000101144.13	gene|regulatory|transcript	349
chr20	9301754	9302103	ENSG00000101333.19	gene|regulatory|transcript	349
chr20	8812948	8813297	ENSG00000182621.19	gene|regulatory|transcript	349
chr20	25382734	25383083	ENSG00000100997.20	gene|regulatory|transcript	349
chr20	25299752	25300101	ENSG00000100997.20	gene|regulatory|transcript	349
chr20	41222346	41222695	ENSG00000174306.22	gene|regulatory|transcript	349
chr20	63977761	63978110	ENSG00000130590.14	gene|regulatory|transcript	349
chr20	47118635	47118984	ENSG00000064655.19	gene|regulatory|transcript	349
chr20	21339531	21339880	ENSG00000088930.8	gene|regulatory|transcript	349
chr20	62030884	62031233	ENSG00000130699.20	gene|regulatory|transcript	349
chr20	9744612	9744961	ENSG00000101349.17	gene|regulatory|transcript	349
chr20	57672135	57672484	ENSG00000124225.16	gene|regulatory|transcript	349
chr20	20593637	20593986	ENSG00000188559.16	gene|regulatory|transcript	349
chr20	20549292	20549641	ENSG00000188559.16	gene|regulatory|transcript	349
chr20	10178762	10179111	ENSG00000132639.15|ENSG00000227906.10|ENSG00000230506.2|ENSG00000232448.2	gene|regulatory|transcript	349
chr20	45436843	45437192	ENSG00000124155.19|ENSG00000277022.1	gene|regulatory|transcript	349
chr20	62276426	62276775	ENSG00000130703.17	gene|regulatory|transcript	349
chr20	41139726	41140075	ENSG00000124181.15	gene|regulatory|transcript	349
chr20	63208528	63208877	ENSG00000149658.18	gene|regulatory|transcript	349
chr20	62959493	62959842	ENSG00000101194.18	gene|regulatory|transcript	349
chr20	20393793	20394142	ENSG00000188559.16	gene|regulatory|transcript	349
chr20	20407450	20407799	ENSG00000188559.16	gene|regulatory|transcript	349
chr20	42281791	42282140	ENSG00000196090.14	gene|regulatory|transcript	349
chr20	10303615	10303964	ENSG00000132639.15|ENSG00000227906.10	gene|regulatory|transcript	349
chr20	49344972	49345321	ENSG00000158445.10|ENSG00000290421.1	gene|regulatory|transcript	349
chr20	49380352	49380701	ENSG00000158445.10|ENSG00000290421.1	gene|regulatory|transcript	349
chr20	49381570	49381919	ENSG00000158445.10|ENSG00000290421.1	gene|regulatory|transcript	349
chr20	3492241	3492590	ENSG00000088812.18	gene|regulatory|transcript	349
chr20	35903881	35904230	ENSG00000025293.17	gene|regulatory|transcript	349
chr20	50138652	50139001	ENSG00000124208.16|ENSG00000240849.11	gene|regulatory|transcript	349
chr20	46994384	46994733	ENSG00000064655.19	gene|regulatory|transcript	349
chr20	54524900	54525249	ENSG00000101134.12	gene|regulatory|transcript	349
chr20	31537555	31537904	ENSG00000101294.19	gene|regulatory|transcript	349
chr20	56003079	56003428	ENSG00000054803.4	gene|regulatory|transcript	349
chr20	63911152	63911501	ENSG00000101152.12|ENSG00000290226.1	gene|regulatory|transcript	349
chr20	20233005	20233354	ENSG00000089101.19	gene|regulatory|transcript	349
chr20	10468301	10468650	ENSG00000149346.15	gene|regulatory|transcript	349
chr20	10505890	10506239	ENSG00000149346.15	gene|regulatory|transcript	349
chr20	20085096	20085445	ENSG00000089101.19	gene|regulatory|transcript	349
chr20	10540721	10541070	ENSG00000149346.15	gene|regulatory|transcript	349
chr20	42485026	42485375	ENSG00000196090.14	gene|regulatory|transcript	349
chr20	45344240	45344589	ENSG00000124145.6	gene|regulatory|transcript	349
chr20	64078039	64078388	ENSG00000171700.14	gene|regulatory|transcript	349
chr20	41469220	41469569	ENSG00000124177.16	gene|regulatory|transcript	349
chr20	20463964	20464313	ENSG00000188559.16	gene|regulatory|transcript	349
chr20	20480722	20481071	ENSG00000188559.16	gene|regulatory|transcript	349
chr20	57688874	57689223	ENSG00000124225.16	gene|regulatory|transcript	349
chr20	36199725	36200074	ENSG00000088367.23	gene|regulatory|transcript	349
chr20	10596776	10597125	ENSG00000149346.15	gene|regulatory|transcript	349
chr20	10635049	10635398	ENSG00000149346.15	gene|regulatory|transcript	349
chr20	58512843	58513192	ENSG00000198768.11	gene|regulatory|transcript	349
chr20	10476406	10476755	ENSG00000149346.15	gene|regulatory|transcript	349
chr20	54061506	54061855	ENSG00000064787.14	gene|regulatory|transcript	349
chr20	54067581	54067930	ENSG00000064787.14	gene|regulatory|transcript	349
chr20	8399985	8400334	ENSG00000182621.19	gene|regulatory|transcript	349
chr20	62321453	62321802	ENSG00000130702.15	gene|regulatory|transcript	349
chr20	63949079	63949428	ENSG00000198276.16	gene|regulatory|transcript	349
chr20	53578769	53579118	ENSG00000171940.14	gene|regulatory|transcript	349
chr20	53591405	53591754	ENSG00000171940.14	gene|regulatory|transcript	349
chr20	54014570	54014919	ENSG00000064787.14	gene|regulatory|transcript	349
chr20	54026400	54026749	ENSG00000064787.14	gene|regulatory|transcript	349
chr20	50513768	50514117	ENSG00000196396.10	gene|regulatory|transcript	349
chr20	3912020	3912369	ENSG00000125779.24	gene|regulatory|transcript	349
chr20	50570277	50570626	ENSG00000196396.10	gene|regulatory|transcript	349
chr20	34916831	34917180	ENSG00000131069.20	gene|regulatory|transcript	349
chr20	4014032	4014381	ENSG00000101236.17	gene|regulatory|transcript	349
chr20	50672694	50673043	ENSG00000042062.13	gene|regulatory|transcript	349
chr20	50673520	50673869	ENSG00000042062.13	gene|regulatory|transcript	349
chr20	50735824	50736173	ENSG00000124171.9	gene|regulatory|transcript	349
chr20	38152826	38153175	ENSG00000198959.12	gene|regulatory|transcript	349
chr20	58661843	58662192	ENSG00000124222.23|ENSG00000254995.4	gene|regulatory|transcript	349
chr20	61753340	61753689	ENSG00000179242.16|ENSG00000225106.1	gene|regulatory|transcript	349
chr20	19710386	19710735	ENSG00000185052.13	gene|regulatory|transcript	349
chr20	19625467	19625816	ENSG00000185052.13	gene|regulatory|transcript	349
chr20	63750996	63751345	ENSG00000130584.12	gene|regulatory|transcript	349
chr20	36482024	36482373	ENSG00000080845.19	gene|regulatory|transcript	349
chr20	49046595	49046944	ENSG00000124207.17	gene|regulatory|transcript	349
chr20	36384033	36384382	ENSG00000080845.19	gene|regulatory|transcript	349
chr20	36385456	36385805	ENSG00000080845.19	gene|regulatory|transcript	349
chr20	3278069	3278418	ENSG00000088854.13	gene|regulatory|transcript	349
chr20	46293117	46293466	ENSG00000149654.11	gene|regulatory|transcript	349
chr20	6007625	6007974	ENSG00000088766.12|ENSG00000286235.1	gene|regulatory|transcript	349
chr20	6104833	6105182	ENSG00000101311.17	gene|regulatory|transcript	349
chr20	32227879	32228228	ENSG00000101346.15	gene|regulatory|transcript	349
chr20	62361836	62362185	ENSG00000130702.15	gene|regulatory|transcript	349
chr20	32112895	32113244	ENSG00000101337.16	gene|regulatory|transcript	349
chr20	46246608	46246957	ENSG00000149654.11	gene|regulatory|transcript	349
chr20	10663066	10663415	ENSG00000101384.12	gene|regulatory|transcript	349
chr20	19609735	19610084	ENSG00000185052.13	gene|regulatory|transcript	349
chr20	19582936	19583285	ENSG00000185052.13	gene|regulatory|transcript	349
chr20	11891531	11891880	ENSG00000132640.15	gene|regulatory|transcript	349
chr20	19495937	19496286	ENSG00000185052.13	gene|regulatory|transcript	349
chr20	11907095	11907444	ENSG00000132640.15	gene|regulatory|transcript	349
chr20	45041656	45042005	ENSG00000101109.13	gene|regulatory|transcript	349
chr20	64112301	64112650	ENSG00000196132.14	gene|regulatory|transcript	349
chr20	19396734	19397083	ENSG00000185052.13	gene|regulatory|transcript	349
chr20	10649813	10650162	ENSG00000101384.12	gene|regulatory|transcript	349
chr20	62425316	62425665	ENSG00000130701.4	gene|regulatory|transcript	349
chr20	32465539	32465888	ENSG00000197183.15	gene|regulatory|transcript	349
chr20	5973213	5973562	ENSG00000125885.13|ENSG00000286235.1	gene|regulatory|transcript	349
chr20	53162335	53162684	ENSG00000182463.17	gene|regulatory|transcript	349
chr20	46261442	46261791	ENSG00000149654.11	gene|regulatory|transcript	349
chr20	46268252	46268601	ENSG00000149654.11	gene|regulatory|transcript	349
chr20	32673108	32673457	ENSG00000198547.10|ENSG00000285382.1	gene|regulatory|transcript	349
chr20	32636385	32636734	ENSG00000198547.10|ENSG00000285382.1	gene|regulatory|transcript	349
chr20	19260668	19261017	ENSG00000179447.2|ENSG00000185052.13	gene|regulatory|transcript	349
chr20	48776337	48776686	ENSG00000124126.14	gene|regulatory|transcript	349
chr20	48797265	48797614	ENSG00000124126.14	gene|regulatory|transcript	349
chr20	63455041	63455390	ENSG00000075043.21	gene|regulatory|transcript	349
chr20	63456896	63457245	ENSG00000075043.21	gene|regulatory|transcript	349
chr20	43103983	43104332	ENSG00000196090.14	gene|regulatory|transcript	349
chr20	43017396	43017745	ENSG00000196090.14	gene|regulatory|transcript	349
chr20	43022592	43022941	ENSG00000196090.14	gene|regulatory|transcript	349
chr20	13262781	13263130	ENSG00000101230.6	gene|regulatory|transcript	349
chr20	19427560	19427909	ENSG00000185052.13	gene|regulatory|transcript	349
chr20	19382368	19382717	ENSG00000185052.13	gene|regulatory|transcript	349
chr20	5608364	5608713	ENSG00000125772.14	gene|regulatory|transcript	349
chr20	5609802	5610151	ENSG00000125772.14	gene|regulatory|transcript	349
chr20	4154977	4155326	ENSG00000088826.18	gene|regulatory|transcript	349
chr20	50815634	50815983	ENSG00000124243.19	gene|regulatory|transcript	349
chr20	1912704	1913053	ENSG00000198053.12	gene|regulatory|transcript	349
chr20	1933476	1933825	ENSG00000198053.12	gene|regulatory|transcript	349
chr20	1934766	1935115	ENSG00000198053.12	gene|regulatory|transcript	349
chr20	18613594	18613943	ENSG00000125821.13|ENSG00000284776.1	gene|regulatory|transcript	349
chr20	13424383	13424732	ENSG00000089123.16	gene|regulatory|transcript	349
chr20	61589027	61589376	ENSG00000179242.16	gene|regulatory|transcript	349
chr20	59164734	59165083	ENSG00000124203.7	gene|regulatory|transcript	349
chr20	44967462	44967811	ENSG00000101109.13	gene|regulatory|transcript	349
chr20	59242718	59243067	ENSG00000124203.7	gene|regulatory|transcript	349
chr20	58882347	58882696	ENSG00000087460.29|ENSG00000225806.8	gene|regulatory|transcript	349
chr20	5127546	5127895	ENSG00000101290.14	gene|regulatory|transcript	349
chr20	62675475	62675824	ENSG00000101187.16	gene|regulatory|transcript	349
chr20	1537728	1538077	ENSG00000125900.13|ENSG00000242324.1	gene|regulatory|transcript	349
chr20	51481452	51481801	ENSG00000101096.20	gene|regulatory|transcript	349
chr20	62816517	62816866	ENSG00000092758.18	gene|regulatory|transcript	349
chr20	43544291	43544640	ENSG00000185513.18|ENSG00000277611.1	gene|regulatory|transcript	349
chr20	605260	605609	ENSG00000125878.7	gene|regulatory|transcript	349
chr20	47747352	47747701	ENSG00000196562.16	gene|regulatory|transcript	349
chr20	47758605	47758954	ENSG00000196562.16	gene|regulatory|transcript	349
chr20	37021039	37021388	ENSG00000080839.12	gene|regulatory|transcript	349
chr20	63772781	63773130	ENSG00000130584.12	gene|regulatory|transcript	349
chr20	14568681	14569030	ENSG00000172264.19|ENSG00000227927.2	gene|regulatory|transcript	349
chr20	5000947	5001296	ENSG00000089057.15	gene|regulatory|transcript	349
chr20	62739472	62739821	ENSG00000101188.5	gene|regulatory|transcript	349
chr20	51631382	51631731	ENSG00000054793.14	gene|regulatory|transcript	349
chr20	34472505	34472854	ENSG00000078747.17|ENSG00000289720.1	gene|regulatory|transcript	349
chr20	34435502	34435851	ENSG00000078747.17|ENSG00000289720.1	gene|regulatory|transcript	349
chr20	34240673	34241022	ENSG00000101440.10|ENSG00000250917.1	gene|regulatory|transcript	349
chr20	15917399	15917748	ENSG00000172264.19|ENSG00000286546.1	gene|regulatory|transcript	349
chr20	14985138	14985487	ENSG00000172264.19	gene|regulatory|transcript	349
chr20	14667277	14667626	ENSG00000172264.19	gene|regulatory|transcript	349
chr20	61380528	61380877	ENSG00000179242.16	gene|regulatory|transcript	349
chr20	16349937	16350286	ENSG00000089177.20	gene|regulatory|transcript	349
chr20	16351404	16351753	ENSG00000089177.20	gene|regulatory|transcript	349
chr20	16025101	16025450	ENSG00000172264.19	gene|regulatory|transcript	349
chr20	16036361	16036710	ENSG00000172264.19	gene|regulatory|transcript	349
chr20	44594733	44595082	ENSG00000168734.14|ENSG00000196839.14	gene|regulatory|transcript	349
chr20	47258872	47259221	ENSG00000101040.20	gene|regulatory|transcript	349
chr20	37776516	37776865	ENSG00000132792.21	gene|regulatory|transcript	349
chr20	2539366	2539715	ENSG00000149488.14	gene|regulatory|transcript	349
chr20	47741965	47742314	ENSG00000196562.16	gene|regulatory|transcript	349
chr20	61332075	61332424	ENSG00000179242.16	gene|regulatory|transcript	349
chr20	61332653	61333002	ENSG00000179242.16	gene|regulatory|transcript	349
chr20	59826297	59826646	ENSG00000087495.17	gene|regulatory|transcript	349
chr20	14915337	14915686	ENSG00000172264.19|ENSG00000235914.2	gene|regulatory|transcript	349
chr20	59838011	59838360	ENSG00000087495.17	gene|regulatory|transcript	349
chr20	34060988	34061337	ENSG00000125970.12	gene|regulatory|transcript	349
chr20	34024420	34024769	ENSG00000125970.12	gene|regulatory|transcript	349
chr20	46666996	46667345	ENSG00000158296.14	gene|regulatory|transcript	349
chr20	37524928	37525277	ENSG00000166619.15	gene|regulatory|transcript	349
chr20	47277268	47277617	ENSG00000101040.20	gene|regulatory|transcript	349
chr20	47295966	47296315	ENSG00000101040.20	gene|regulatory|transcript	349
chr20	61255222	61255571	ENSG00000179242.16	gene|regulatory|transcript	349
chr20	64217560	64217909	ENSG00000196132.14	gene|regulatory|transcript	349
chr20	44552871	44553220	ENSG00000168734.14	gene|regulatory|transcript	349
chr20	44579661	44580010	ENSG00000168734.14	gene|regulatory|transcript	349
chr20	44026952	44027300	ENSG00000124191.18	gene|regulatory|transcript	348
chr20	15138709	15139057	ENSG00000172264.19	gene|regulatory|transcript	348
chr20	14991049	14991397	ENSG00000172264.19	gene|regulatory|transcript	348
chr20	15760136	15760484	ENSG00000172264.19	gene|regulatory|transcript	348
chr20	37712268	37712616	ENSG00000132792.21	gene|regulatory|transcript	348
chr20	37519549	37519897	ENSG00000166619.15	gene|regulatory|transcript	348
chr20	60009819	60010167	ENSG00000124215.17	gene|regulatory|transcript	348
chr20	34004835	34005183	ENSG00000125970.12	gene|regulatory|transcript	348
chr20	46604600	46604948	ENSG00000158296.14	gene|regulatory|transcript	348
chr20	46572204	46572552	ENSG00000158296.14	gene|regulatory|transcript	348
chr20	51437528	51437876	ENSG00000101096.20	gene|regulatory|transcript	348
chr20	51434043	51434391	ENSG00000101096.20	gene|regulatory|transcript	348
chr20	51428420	51428768	ENSG00000101096.20	gene|regulatory|transcript	348
chr20	34037144	34037492	ENSG00000125970.12	gene|regulatory|transcript	348
chr20	46931726	46932074	ENSG00000064655.19	gene|regulatory|transcript	348
chr20	51423853	51424201	ENSG00000101096.20	gene|regulatory|transcript	348
chr20	51402194	51402542	ENSG00000101096.20	gene|regulatory|transcript	348
chr20	62886348	62886696	ENSG00000101191.17	gene|regulatory|transcript	348
chr20	4822530	4822878	ENSG00000101265.16	gene|regulatory|transcript	348
chr20	62898618	62898966	ENSG00000101191.17	gene|regulatory|transcript	348
chr20	38725363	38725711	ENSG00000101438.4	gene|regulatory|transcript	348
chr20	33568441	33568789	ENSG00000078699.22	gene|regulatory|transcript	348
chr20	1569448	1569796	ENSG00000101307.16|ENSG00000260861.6	gene|regulatory|transcript	348
chr20	32681316	32681664	ENSG00000285382.1	gene|regulatory|transcript	348
chr20	62662387	62662735	ENSG00000101187.16	gene|regulatory|transcript	348
chr20	32871666	32872014	ENSG00000215529.13	gene|regulatory|transcript	348
chr20	62723271	62723619	ENSG00000101188.5	gene|regulatory|transcript	348
chr20	33009427	33009775	ENSG00000078898.7	gene|regulatory|transcript	348
chr20	51701446	51701794	ENSG00000054793.14	gene|regulatory|transcript	348
chr20	51687098	51687446	ENSG00000054793.14	gene|regulatory|transcript	348
chr20	50856143	50856491	ENSG00000124243.19	gene|regulatory|transcript	348
chr20	50838929	50839277	ENSG00000124243.19	gene|regulatory|transcript	348
chr20	4225788	4226136	ENSG00000171873.8	gene|regulatory|transcript	348
chr20	50795284	50795632	ENSG00000124243.19	gene|regulatory|transcript	348
chr20	5779558	5779906	ENSG00000171984.15	gene|regulatory|transcript	348
chr20	32528418	32528766	ENSG00000197183.15	gene|regulatory|transcript	348
chr20	53070772	53071120	ENSG00000182463.17	gene|regulatory|transcript	348
chr20	46282670	46283018	ENSG00000149654.11	gene|regulatory|transcript	348
chr20	46260536	46260884	ENSG00000149654.11	gene|regulatory|transcript	348
chr20	38927921	38928269	ENSG00000101447.15	gene|regulatory|transcript	348
chr20	5846166	5846514	ENSG00000171984.15	gene|regulatory|transcript	348
chr20	39009381	39009729	ENSG00000101452.15	gene|regulatory|transcript	348
chr20	46215925	46216273	ENSG00000149654.11	gene|regulatory|transcript	348
chr20	53408894	53409242	ENSG00000182463.17|ENSG00000231703.2|ENSG00000271774.1	gene|regulatory|transcript	348
chr20	4135557	4135905	ENSG00000088826.18	gene|regulatory|transcript	348
chr20	4006722	4007070	ENSG00000101236.17	gene|regulatory|transcript	348
chr20	34876187	34876535	ENSG00000131069.20	gene|regulatory|transcript	348
chr20	50568588	50568936	ENSG00000196396.10	gene|regulatory|transcript	348
chr20	41048835	41049183	ENSG00000198900.7	gene|regulatory|transcript	348
chr20	8388143	8388491	ENSG00000182621.19	gene|regulatory|transcript	348
chr20	8342386	8342734	ENSG00000182621.19	gene|regulatory|transcript	348
chr20	31712779	31713127	ENSG00000171552.14|ENSG00000236559.1	gene|regulatory|transcript	348
chr20	31717419	31717767	ENSG00000171552.14	gene|regulatory|transcript	348
chr20	62358371	62358719	ENSG00000130702.15	gene|regulatory|transcript	348
chr20	41072386	41072734	ENSG00000198900.7	gene|regulatory|transcript	348
chr20	1382754	1383102	ENSG00000088832.18|ENSG00000274322.1	gene|regulatory|transcript	348
chr20	54221382	54221730	ENSG00000101132.10	gene|regulatory|transcript	348
chr20	31670630	31670978	ENSG00000171552.14	gene|regulatory|transcript	348
chr20	54062769	54063117	ENSG00000064787.14	gene|regulatory|transcript	348
chr20	8505876	8506224	ENSG00000182621.19	gene|regulatory|transcript	348
chr20	41075635	41075983	ENSG00000198900.7	gene|regulatory|transcript	348
chr20	46073963	46074311	ENSG00000124160.12	gene|regulatory|transcript	348
chr20	31570811	31571159	ENSG00000101294.19|ENSG00000230613.1	gene|regulatory|transcript	348
chr20	54477180	54477528	ENSG00000101134.12	gene|regulatory|transcript	348
chr20	2224253	2224601	ENSG00000286022.1	gene|regulatory|transcript	348
chr20	47027134	47027482	ENSG00000064655.19	gene|regulatory|transcript	348
chr20	35305711	35306059	ENSG00000101019.22	gene|regulatory|transcript	348
chr20	46029396	46029744	ENSG00000124140.15	gene|regulatory|transcript	348
chr20	8912743	8913091	ENSG00000182621.19	gene|regulatory|transcript	348
chr20	8782843	8783191	ENSG00000182621.19	gene|regulatory|transcript	348
chr20	25485164	25485512	ENSG00000101004.16	gene|regulatory|transcript	348
chr20	8578333	8578681	ENSG00000182621.19	gene|regulatory|transcript	348
chr20	25584587	25584935	ENSG00000101004.16	gene|regulatory|transcript	348
chr20	25356209	25356557	ENSG00000100997.20	gene|regulatory|transcript	348
chr20	62244056	62244404	ENSG00000130703.17	gene|regulatory|transcript	348
chr20	64003938	64004286	ENSG00000101161.8	gene|regulatory|transcript	348
chr20	41308348	41308696	ENSG00000174306.22	gene|regulatory|transcript	348
chr20	9202396	9202744	ENSG00000101333.19	gene|regulatory|transcript	348
chr20	57198379	57198727	ENSG00000101144.13	gene|regulatory|transcript	348
chr20	2137598	2137946	ENSG00000125834.13	gene|regulatory|transcript	348
chr20	2133248	2133596	ENSG00000125834.13	gene|regulatory|transcript	348
chr20	35363219	35363567	ENSG00000101019.22	gene|regulatory|transcript	348
chr20	49685212	49685560	ENSG00000158470.5	gene|regulatory|transcript	348
chr20	35875536	35875884	ENSG00000025293.17	gene|regulatory|transcript	348
chr20	64024181	64024529	ENSG00000101161.8	gene|regulatory|transcript	348
chr20	24953730	24954078	ENSG00000077984.6	gene|regulatory|transcript	348
chr20	57261466	57261814	ENSG00000101144.13	gene|regulatory|transcript	348
chr20	64057782	64058130	ENSG00000171703.17	gene|regulatory|transcript	348
chr20	9742040	9742388	ENSG00000101349.17	gene|regulatory|transcript	348
chr20	23367828	23368176	ENSG00000125812.16	gene|regulatory|transcript	348
chr20	9460572	9460920	ENSG00000101333.19	gene|regulatory|transcript	348
chr20	9574223	9574571	ENSG00000101349.17	gene|regulatory|transcript	348
chr20	42082662	42083010	ENSG00000196090.14	gene|regulatory|transcript	348
chr20	21221364	21221712	ENSG00000088970.16	gene|regulatory|transcript	348
chr20	45771368	45771716	ENSG00000124116.19	gene|regulatory|transcript	348
chr20	47102677	47103025	ENSG00000064655.19	gene|regulatory|transcript	348
chr20	35907050	35907398	ENSG00000025293.17	gene|regulatory|transcript	348
chr20	3407039	3407387	ENSG00000088854.13|ENSG00000288577.1	gene|regulatory|transcript	348
chr20	49356705	49357053	ENSG00000158445.10|ENSG00000290421.1	gene|regulatory|transcript	348
chr20	20410711	20411059	ENSG00000188559.16	gene|regulatory|transcript	348
chr20	20452381	20452729	ENSG00000188559.16	gene|regulatory|transcript	348
chr20	20502704	20503052	ENSG00000188559.16	gene|regulatory|transcript	348
chr20	42360628	42360976	ENSG00000196090.14	gene|regulatory|transcript	348
chr20	20181336	20181684	ENSG00000089101.19	gene|regulatory|transcript	348
chr20	20217541	20217889	ENSG00000089101.19	gene|regulatory|transcript	348
chr20	20317782	20318130	ENSG00000089101.19	gene|regulatory|transcript	348
chr20	42530866	42531214	ENSG00000196090.14	gene|regulatory|transcript	348
chr20	19875777	19876125	ENSG00000132669.14	gene|regulatory|transcript	348
chr20	10603378	10603726	ENSG00000149346.15	gene|regulatory|transcript	348
chr20	19926562	19926910	ENSG00000132669.14	gene|regulatory|transcript	348
chr20	19947667	19948015	ENSG00000132669.14	gene|regulatory|transcript	348
chr20	10551723	10552071	ENSG00000149346.15	gene|regulatory|transcript	348
chr20	3307115	3307463	ENSG00000088854.13	gene|regulatory|transcript	348
chr20	3277707	3278055	ENSG00000088854.13	gene|regulatory|transcript	348
chr20	36454700	36455048	ENSG00000080845.19	gene|regulatory|transcript	348
chr20	49000457	49000805	ENSG00000124198.10	gene|regulatory|transcript	348
chr20	64131383	64131731	ENSG00000196132.14	gene|regulatory|transcript	348
chr20	19758888	19759236	ENSG00000132669.14	gene|regulatory|transcript	348
chr20	61789354	61789702	ENSG00000179242.16	gene|regulatory|transcript	348
chr20	61761762	61762110	ENSG00000179242.16	gene|regulatory|transcript	348
chr20	13035383	13035731	ENSG00000172296.13	gene|regulatory|transcript	348
chr20	61719800	61720148	ENSG00000179242.16	gene|regulatory|transcript	348
chr20	58716848	58717196	ENSG00000215440.12	gene|regulatory|transcript	348
chr20	19620451	19620799	ENSG00000185052.13	gene|regulatory|transcript	348
chr20	19588265	19588613	ENSG00000185052.13	gene|regulatory|transcript	348
chr20	37914869	37915217	ENSG00000132821.12	gene|regulatory|transcript	348
chr20	3123553	3123901	ENSG00000185019.17|ENSG00000235958.5	gene|regulatory|transcript	348
chr20	63454077	63454425	ENSG00000075043.21	gene|regulatory|transcript	348
chr20	36663049	36663397	ENSG00000101079.21	gene|regulatory|transcript	348
chr20	36736745	36737093	ENSG00000101079.21	gene|regulatory|transcript	348
chr20	835629	835977	ENSG00000125898.13	gene|regulatory|transcript	348
chr20	42986180	42986528	ENSG00000196090.14	gene|regulatory|transcript	348
chr20	13099741	13100089	ENSG00000172296.13	gene|regulatory|transcript	348
chr20	19407802	19408150	ENSG00000185052.13	gene|regulatory|transcript	348
chr20	18705526	18705874	ENSG00000125821.13|ENSG00000284776.1	gene|regulatory|transcript	348
chr20	18754119	18754467	ENSG00000125821.13	gene|regulatory|transcript	348
chr20	13147978	13148326	ENSG00000172296.13	gene|regulatory|transcript	348
chr20	13142208	13142556	ENSG00000172296.13	gene|regulatory|transcript	348
chr20	43187762	43188110	ENSG00000196090.14	gene|regulatory|transcript	348
chr20	17966930	17967278	ENSG00000089006.17|ENSG00000125850.11	gene|regulatory|transcript	348
chr20	18005626	18005974	ENSG00000125850.11	gene|regulatory|transcript	348
chr20	63545164	63545512	ENSG00000125508.4	gene|regulatory|transcript	348
chr20	36822165	36822513	ENSG00000149639.15	gene|regulatory|transcript	348
chr20	36827899	36828247	ENSG00000149639.15	gene|regulatory|transcript	348
chr20	48697870	48698218	ENSG00000124126.14	gene|regulatory|transcript	348
chr20	36852221	36852569	ENSG00000149639.15	gene|regulatory|transcript	348
chr20	14208953	14209301	ENSG00000172264.19	gene|regulatory|transcript	348
chr20	59583385	59583733	ENSG00000087495.17	gene|regulatory|transcript	348
chr20	14142165	14142513	ENSG00000172264.19	gene|regulatory|transcript	348
chr20	59315094	59315442	ENSG00000124205.18	gene|regulatory|transcript	348
chr20	59308855	59309203	ENSG00000124205.18	gene|regulatory|transcript	348
chr20	17700683	17701031	ENSG00000125888.15	gene|regulatory|transcript	348
chr20	59253366	59253714	ENSG00000124203.7	gene|regulatory|transcript	348
chr20	17282764	17283112	ENSG00000125851.10	gene|regulatory|transcript	348
chr20	17358944	17359292	ENSG00000125851.10	gene|regulatory|transcript	348
chr20	17344133	17344481	ENSG00000125851.10	gene|regulatory|transcript	348
chr20	14775782	14776130	ENSG00000172264.19	gene|regulatory|transcript	348
chr20	61333860	61334208	ENSG00000179242.16	gene|regulatory|transcript	348
chr20	16350519	16350867	ENSG00000089177.20	gene|regulatory|transcript	348
chr20	44015330	44015678	ENSG00000124191.18	gene|regulatory|transcript	348
chr20	59830999	59831347	ENSG00000087495.17	gene|regulatory|transcript	348
chr20	59820326	59820674	ENSG00000087495.17	gene|regulatory|transcript	348
chr20	47710623	47710971	ENSG00000196562.16	gene|regulatory|transcript	348
chr20	47686581	47686929	ENSG00000196562.16	gene|regulatory|transcript	348
chr20	64189177	64189525	ENSG00000196132.14	gene|regulatory|transcript	348
chr20	15446535	15446883	ENSG00000172264.19	gene|regulatory|transcript	348
chr20	64226312	64226660	ENSG00000196132.14	gene|regulatory|transcript	348
chr20	44137208	44137556	ENSG00000149596.7	gene|regulatory|transcript	348
chr20	44428518	44428866	ENSG00000101076.20	gene|regulatory|transcript	348
chr20	64229456	64229804	ENSG00000196132.14	gene|regulatory|transcript	348
chr20	15297082	15297429	ENSG00000172264.19	gene|regulatory|transcript	347
chr20	15155866	15156213	ENSG00000172264.19	gene|regulatory|transcript	347
chr20	15496549	15496896	ENSG00000172264.19	gene|regulatory|transcript	347
chr20	44154559	44154906	ENSG00000149596.7	gene|regulatory|transcript	347
chr20	42259414	42259761	ENSG00000196090.14	gene|regulatory|transcript	347
chr20	10550747	10551094	ENSG00000149346.15	gene|regulatory|transcript	347
chr20	63363107	63363454	ENSG00000101204.18|ENSG00000203900.2	gene|regulatory|transcript	347
chr20	10504935	10505282	ENSG00000149346.15	gene|regulatory|transcript	347
chr20	49460917	49461264	ENSG00000158445.10	gene|regulatory|transcript	347
chr20	45346243	45346590	ENSG00000124145.6	gene|regulatory|transcript	347
chr20	37991282	37991629	ENSG00000101407.13	gene|regulatory|transcript	347
chr20	61745424	61745771	ENSG00000179242.16|ENSG00000225106.1	gene|regulatory|transcript	347
chr20	32282421	32282768	ENSG00000101350.8	gene|regulatory|transcript	347
chr20	51461415	51461762	ENSG00000101096.20	gene|regulatory|transcript	347
chr20	59835462	59835809	ENSG00000087495.17	gene|regulatory|transcript	347
chr20	32677830	32678177	ENSG00000285382.1	gene|regulatory|transcript	347
chr20	62426739	62427086	ENSG00000130701.4	gene|regulatory|transcript	347
chr20	61318120	61318467	ENSG00000179242.16	gene|regulatory|transcript	347
chr20	15814984	15815331	ENSG00000172264.19	gene|regulatory|transcript	347
chr20	53020382	53020729	ENSG00000182463.17	gene|regulatory|transcript	347
chr20	53040762	53041109	ENSG00000182463.17	gene|regulatory|transcript	347
chr20	46296529	46296876	ENSG00000149654.11	gene|regulatory|transcript	347
chr20	16040756	16041103	ENSG00000172264.19	gene|regulatory|transcript	347
chr20	53354347	53354694	ENSG00000182463.17|ENSG00000271774.1	gene|regulatory|transcript	347
chr20	43968484	43968831	ENSG00000124191.18	gene|regulatory|transcript	347
chr20	38883312	38883659	ENSG00000101445.10	gene|regulatory|transcript	347
chr20	46350937	46351284	ENSG00000080189.15	gene|regulatory|transcript	347
chr20	53390080	53390427	ENSG00000182463.17|ENSG00000271774.1	gene|regulatory|transcript	347
chr20	46368407	46368754	ENSG00000062598.18|ENSG00000273828.2	gene|regulatory|transcript	347
chr20	47274503	47274850	ENSG00000101040.20	gene|regulatory|transcript	347
chr20	43917340	43917687	ENSG00000124191.18	gene|regulatory|transcript	347
chr20	48723790	48724137	ENSG00000124126.14	gene|regulatory|transcript	347
chr20	48686391	48686738	ENSG00000124126.14	gene|regulatory|transcript	347
chr20	48751159	48751506	ENSG00000124126.14	gene|regulatory|transcript	347
chr20	8540491	8540838	ENSG00000182621.19	gene|regulatory|transcript	347
chr20	54598415	54598762	ENSG00000101134.12	gene|regulatory|transcript	347
chr20	54510549	54510896	ENSG00000101134.12	gene|regulatory|transcript	347
chr20	17228742	17229089	ENSG00000125851.10	gene|regulatory|transcript	347
chr20	47125961	47126308	ENSG00000064655.19	gene|regulatory|transcript	347
chr20	8272839	8273186	ENSG00000182621.19	gene|regulatory|transcript	347
chr20	51393580	51393927	ENSG00000101096.20	gene|regulatory|transcript	347
chr20	10474492	10474839	ENSG00000149346.15	gene|regulatory|transcript	347
chr20	47778408	47778755	ENSG00000196562.16	gene|regulatory|transcript	347
chr20	10522424	10522771	ENSG00000149346.15	gene|regulatory|transcript	347
chr20	53445279	53445626	ENSG00000182463.17|ENSG00000271774.1	gene|regulatory|transcript	347
chr20	10523998	10524345	ENSG00000149346.15	gene|regulatory|transcript	347
chr20	41034266	41034613	ENSG00000198900.7	gene|regulatory|transcript	347
chr20	47713936	47714283	ENSG00000196562.16	gene|regulatory|transcript	347
chr20	16391012	16391359	ENSG00000089177.20	gene|regulatory|transcript	347
chr20	46900034	46900381	ENSG00000064655.19	gene|regulatory|transcript	347
chr20	53580010	53580357	ENSG00000171940.14	gene|regulatory|transcript	347
chr20	31823720	31824067	ENSG00000101306.11	gene|regulatory|transcript	347
chr20	53142743	53143090	ENSG00000182463.17	gene|regulatory|transcript	347
chr20	14712330	14712677	ENSG00000172264.19	gene|regulatory|transcript	347
chr20	50953181	50953528	ENSG00000000419.14	gene|regulatory|transcript	347
chr20	8334612	8334959	ENSG00000182621.19	gene|regulatory|transcript	347
chr20	62846184	62846531	ENSG00000101190.13	gene|regulatory|transcript	347
chr20	8372899	8373246	ENSG00000182621.19	gene|regulatory|transcript	347
chr20	34195349	34195696	ENSG00000101440.10	gene|regulatory|transcript	347
chr20	51411907	51412254	ENSG00000101096.20	gene|regulatory|transcript	347
chr20	61414431	61414778	ENSG00000179242.16	gene|regulatory|transcript	347
chr20	46896459	46896806	ENSG00000064655.19	gene|regulatory|transcript	347
chr20	62339673	62340020	ENSG00000130702.15	gene|regulatory|transcript	347
chr20	23397963	23398310	ENSG00000125814.17	gene|regulatory|transcript	347
chr20	3893452	3893799	ENSG00000125779.24	gene|regulatory|transcript	347
chr20	50624544	50624891	ENSG00000042062.13	gene|regulatory|transcript	347
chr20	18428736	18429083	ENSG00000089091.17	gene|regulatory|transcript	347
chr20	48963289	48963636	ENSG00000124198.10	gene|regulatory|transcript	347
chr20	18431271	18431618	ENSG00000089091.17	gene|regulatory|transcript	347
chr20	24610395	24610742	ENSG00000101463.6	gene|regulatory|transcript	347
chr20	13147118	13147465	ENSG00000172296.13	gene|regulatory|transcript	347
chr20	19218430	19218777	ENSG00000185052.13	gene|regulatory|transcript	347
chr20	57509674	57510021	ENSG00000124092.13	gene|regulatory|transcript	347
chr20	20666358	20666705	ENSG00000188559.16	gene|regulatory|transcript	347
chr20	50146893	50147240	ENSG00000124208.16|ENSG00000240849.11	gene|regulatory|transcript	347
chr20	15759587	15759934	ENSG00000172264.19	gene|regulatory|transcript	347
chr20	15012579	15012926	ENSG00000172264.19	gene|regulatory|transcript	347
chr20	46406106	46406453	ENSG00000062598.18	gene|regulatory|transcript	347
chr20	19376719	19377066	ENSG00000185052.13	gene|regulatory|transcript	347
chr20	19354993	19355340	ENSG00000185052.13	gene|regulatory|transcript	347
chr20	49937244	49937591	ENSG00000124226.11	gene|regulatory|transcript	347
chr20	19308179	19308526	ENSG00000185052.13	gene|regulatory|transcript	347
chr20	41482666	41483013	ENSG00000124177.16	gene|regulatory|transcript	347
chr20	21360704	21361051	ENSG00000088930.8	gene|regulatory|transcript	347
chr20	57331011	57331358	ENSG00000054796.13	gene|regulatory|transcript	347
chr20	4160948	4161295	ENSG00000088826.18	gene|regulatory|transcript	347
chr20	17697213	17697560	ENSG00000125888.15	gene|regulatory|transcript	347
chr20	34627521	34627868	ENSG00000101464.11	gene|regulatory|transcript	347
chr20	41177626	41177973	ENSG00000124181.15	gene|regulatory|transcript	347
chr20	41143041	41143388	ENSG00000124181.15	gene|regulatory|transcript	347
chr20	45971754	45972101	ENSG00000198026.8	gene|regulatory|transcript	347
chr20	17705907	17706254	ENSG00000125888.15	gene|regulatory|transcript	347
chr20	44806066	44806413	ENSG00000101098.13	gene|regulatory|transcript	347
chr20	4151952	4152299	ENSG00000088826.18	gene|regulatory|transcript	347
chr20	3987325	3987672	ENSG00000101236.17	gene|regulatory|transcript	347
chr20	62918906	62919253	ENSG00000101191.17	gene|regulatory|transcript	347
chr20	46936760	46937107	ENSG00000064655.19	gene|regulatory|transcript	347
chr20	25220182	25220529	ENSG00000197586.13	gene|regulatory|transcript	347
chr20	24657267	24657614	ENSG00000101463.6	gene|regulatory|transcript	347
chr20	59317040	59317387	ENSG00000124205.18	gene|regulatory|transcript	347
chr20	25539035	25539382	ENSG00000101004.16	gene|regulatory|transcript	347
chr20	17635886	17636233	ENSG00000125844.17	gene|regulatory|transcript	347
chr20	61516487	61516834	ENSG00000179242.16	gene|regulatory|transcript	347
chr20	61511758	61512105	ENSG00000179242.16	gene|regulatory|transcript	347
chr20	37815963	37816310	ENSG00000132792.21	gene|regulatory|transcript	347
chr20	37807533	37807880	ENSG00000132792.21	gene|regulatory|transcript	347
chr20	25508093	25508440	ENSG00000101004.16	gene|regulatory|transcript	347
chr20	50824116	50824463	ENSG00000124243.19	gene|regulatory|transcript	347
chr20	50844689	50845036	ENSG00000124243.19	gene|regulatory|transcript	347
chr20	17571179	17571526	ENSG00000125868.16	gene|regulatory|transcript	347
chr20	20334486	20334833	ENSG00000089101.19	gene|regulatory|transcript	347
chr20	41617609	41617956	ENSG00000124177.16	gene|regulatory|transcript	347
chr20	19433287	19433634	ENSG00000185052.13	gene|regulatory|transcript	347
chr20	19530028	19530375	ENSG00000185052.13	gene|regulatory|transcript	347
chr20	13028000	13028347	ENSG00000172296.13	gene|regulatory|transcript	347
chr20	36183191	36183538	ENSG00000088367.23	gene|regulatory|transcript	347
chr20	20267985	20268332	ENSG00000089101.19	gene|regulatory|transcript	347
chr20	62321091	62321438	ENSG00000130702.15	gene|regulatory|transcript	347
chr20	44586323	44586670	ENSG00000168734.14|ENSG00000196839.14	gene|regulatory|transcript	347
chr20	62711099	62711446	ENSG00000101188.5	gene|regulatory|transcript	347
chr20	59972416	59972763	ENSG00000124215.17	gene|regulatory|transcript	347
chr20	47506424	47506771	ENSG00000124151.19	gene|regulatory|transcript	347
chr20	5169018	5169365	ENSG00000101290.14	gene|regulatory|transcript	347
chr20	52150671	52151018	ENSG00000020256.20	gene|regulatory|transcript	347
chr20	51703821	51704168	ENSG00000054793.14	gene|regulatory|transcript	347
chr20	63432024	63432371	ENSG00000075043.21	gene|regulatory|transcript	347
chr20	21377712	21378059	ENSG00000088930.8	gene|regulatory|transcript	347
chr20	20441286	20441633	ENSG00000188559.16	gene|regulatory|transcript	347
chr20	57693091	57693438	ENSG00000124225.16	gene|regulatory|transcript	347
chr20	63794660	63795007	ENSG00000130584.12	gene|regulatory|transcript	347
chr20	45071311	45071658	ENSG00000101109.13	gene|regulatory|transcript	347
chr20	63416660	63417007	ENSG00000075043.21	gene|regulatory|transcript	347
chr20	35318459	35318806	ENSG00000101019.22	gene|regulatory|transcript	347
chr20	42093665	42094012	ENSG00000196090.14	gene|regulatory|transcript	347
chr20	38082889	38083236	ENSG00000101413.12	gene|regulatory|transcript	347
chr20	23419966	23420313	ENSG00000125814.17	gene|regulatory|transcript	347
chr20	38986613	38986959	ENSG00000101452.15	gene|regulatory|transcript	346
chr20	32482645	32482991	ENSG00000197183.15	gene|regulatory|transcript	346
chr20	19688442	19688788	ENSG00000185052.13	gene|regulatory|transcript	346
chr20	49697086	49697432	ENSG00000158470.5	gene|regulatory|transcript	346
chr20	3390812	3391158	ENSG00000088854.13	gene|regulatory|transcript	346
chr20	39004557	39004903	ENSG00000101452.15	gene|regulatory|transcript	346
chr20	8155278	8155624	ENSG00000182621.19	gene|regulatory|transcript	346
chr20	31678586	31678932	ENSG00000171552.14	gene|regulatory|transcript	346
chr20	16488115	16488461	ENSG00000089177.20	gene|regulatory|transcript	346
chr20	14616027	14616373	ENSG00000172264.19|ENSG00000227927.2	gene|regulatory|transcript	346
chr20	46204807	46205153	ENSG00000149654.11	gene|regulatory|transcript	346
chr20	34111086	34111432	ENSG00000125977.7	gene|regulatory|transcript	346
chr20	41049429	41049775	ENSG00000198900.7	gene|regulatory|transcript	346
chr20	8205997	8206343	ENSG00000182621.19	gene|regulatory|transcript	346
chr20	58222450	58222796	ENSG00000124227.6	gene|regulatory|transcript	346
chr20	3565910	3566256	ENSG00000088812.18	gene|regulatory|transcript	346
chr20	63680936	63681282	ENSG00000026036.23|ENSG00000258366.12	gene|regulatory|transcript	346
chr20	53100436	53100782	ENSG00000182463.17	gene|regulatory|transcript	346
chr20	51624261	51624607	ENSG00000054793.14	gene|regulatory|transcript	346
chr20	32522528	32522874	ENSG00000197183.15	gene|regulatory|transcript	346
chr20	59902476	59902822	ENSG00000196074.13	gene|regulatory|transcript	346
chr20	38812242	38812588	ENSG00000101445.10	gene|regulatory|transcript	346
chr20	15515742	15516088	ENSG00000172264.19	gene|regulatory|transcript	346
chr20	44410198	44410544	ENSG00000101076.20	gene|regulatory|transcript	346
chr20	19993185	19993531	ENSG00000132669.14	gene|regulatory|transcript	346
chr20	37994556	37994902	ENSG00000101407.13	gene|regulatory|transcript	346
chr20	42429229	42429575	ENSG00000196090.14	gene|regulatory|transcript	346
chr20	37505300	37505646	ENSG00000166619.15	gene|regulatory|transcript	346
chr20	64089754	64090100	ENSG00000125510.18	gene|regulatory|transcript	346
chr20	19958237	19958583	ENSG00000132669.14	gene|regulatory|transcript	346
chr20	32479840	32480186	ENSG00000197183.15	gene|regulatory|transcript	346
chr20	33672463	33672809	ENSG00000125967.17	gene|regulatory|transcript	346
chr20	5844328	5844674	ENSG00000171984.15	gene|regulatory|transcript	346
chr20	5788352	5788698	ENSG00000171984.15	gene|regulatory|transcript	346
chr20	62364921	62365267	ENSG00000130702.15	gene|regulatory|transcript	346
chr20	7984206	7984552	ENSG00000125827.9	gene|regulatory|transcript	346
chr20	51440631	51440977	ENSG00000101096.20	gene|regulatory|transcript	346
chr20	19633965	19634311	ENSG00000185052.13	gene|regulatory|transcript	346
chr20	57703037	57703383	ENSG00000124225.16	gene|regulatory|transcript	346
chr20	20106913	20107259	ENSG00000089101.19	gene|regulatory|transcript	346
chr20	42708284	42708630	ENSG00000196090.14	gene|regulatory|transcript	346
chr20	61896268	61896614	ENSG00000179242.16	gene|regulatory|transcript	346
chr20	20231860	20232206	ENSG00000089101.19	gene|regulatory|transcript	346
chr20	62892378	62892724	ENSG00000101191.17	gene|regulatory|transcript	346
chr20	8223464	8223810	ENSG00000182621.19	gene|regulatory|transcript	346
chr20	62366394	62366740	ENSG00000130702.15	gene|regulatory|transcript	346
chr20	59692041	59692387	ENSG00000087495.17	gene|regulatory|transcript	346
chr20	17394919	17395265	ENSG00000125851.10	gene|regulatory|transcript	346
chr20	17403479	17403825	ENSG00000125851.10	gene|regulatory|transcript	346
chr20	50919585	50919931	ENSG00000101126.18	gene|regulatory|transcript	346
chr20	59726032	59726378	ENSG00000087495.17	gene|regulatory|transcript	346
chr20	17315964	17316310	ENSG00000125851.10	gene|regulatory|transcript	346
chr20	17227658	17228004	ENSG00000125851.10	gene|regulatory|transcript	346
chr20	3000934	3001280	ENSG00000132670.21	gene|regulatory|transcript	346
chr20	51423317	51423663	ENSG00000101096.20	gene|regulatory|transcript	346
chr20	62269963	62270309	ENSG00000130703.17	gene|regulatory|transcript	346
chr20	2124645	2124991	ENSG00000125834.13	gene|regulatory|transcript	346
chr20	34707069	34707415	ENSG00000078804.13|ENSG00000198646.14	gene|regulatory|transcript	346
chr20	13736824	13737170	ENSG00000089048.15	gene|regulatory|transcript	346
chr20	50680319	50680665	ENSG00000042062.13	gene|regulatory|transcript	346
chr20	4161920	4162266	ENSG00000088826.18	gene|regulatory|transcript	346
chr20	62155963	62156309	ENSG00000184402.15	gene|regulatory|transcript	346
chr20	62246929	62247275	ENSG00000130703.17	gene|regulatory|transcript	346
chr20	41232973	41233319	ENSG00000174306.22	gene|regulatory|transcript	346
chr20	46954414	46954760	ENSG00000064655.19	gene|regulatory|transcript	346
chr20	62906231	62906577	ENSG00000101191.17	gene|regulatory|transcript	346
chr20	13030048	13030394	ENSG00000172296.13	gene|regulatory|transcript	346
chr20	10466299	10466645	ENSG00000149346.15	gene|regulatory|transcript	346
chr20	10665767	10666113	ENSG00000101384.12	gene|regulatory|transcript	346
chr20	19428364	19428710	ENSG00000185052.13	gene|regulatory|transcript	346
chr20	8693721	8694067	ENSG00000182621.19	gene|regulatory|transcript	346
chr20	8854569	8854915	ENSG00000182621.19	gene|regulatory|transcript	346
chr20	37803509	37803855	ENSG00000132792.21	gene|regulatory|transcript	346
chr20	25323536	25323882	ENSG00000100997.20	gene|regulatory|transcript	346
chr20	56431498	56431844	ENSG00000087589.17	gene|regulatory|transcript	346
chr20	17634742	17635088	ENSG00000125844.17	gene|regulatory|transcript	346
chr20	43146097	43146443	ENSG00000196090.14	gene|regulatory|transcript	346
chr20	61557679	61558025	ENSG00000179242.16	gene|regulatory|transcript	346
chr20	42100258	42100604	ENSG00000196090.14	gene|regulatory|transcript	346
chr20	25216244	25216590	ENSG00000197586.13	gene|regulatory|transcript	346
chr20	62924461	62924807	ENSG00000101191.17	gene|regulatory|transcript	346
chr20	62178800	62179146	ENSG00000184402.15	gene|regulatory|transcript	346
chr20	25038632	25038978	ENSG00000154930.15	gene|regulatory|transcript	346
chr20	48825519	48825865	ENSG00000124126.14|ENSG00000278231.1	gene|regulatory|transcript	346
chr20	41344502	41344848	ENSG00000132793.12	gene|regulatory|transcript	346
chr20	50126610	50126956	ENSG00000124208.16|ENSG00000240849.11	gene|regulatory|transcript	346
chr20	63796135	63796481	ENSG00000130584.12	gene|regulatory|transcript	346
chr20	64107988	64108334	ENSG00000196132.14	gene|regulatory|transcript	346
chr20	63441208	63441554	ENSG00000075043.21	gene|regulatory|transcript	346
chr20	3157370	3157716	ENSG00000185019.17|ENSG00000215251.5	gene|regulatory|transcript	346
chr20	59149144	59149490	ENSG00000124203.7	gene|regulatory|transcript	346
chr20	47055980	47056326	ENSG00000064655.19	gene|regulatory|transcript	346
chr20	35010397	35010743	ENSG00000100991.12	gene|regulatory|transcript	346
chr20	9572722	9573068	ENSG00000101349.17	gene|regulatory|transcript	346
chr20	50516633	50516979	ENSG00000196396.10	gene|regulatory|transcript	346
chr20	43009542	43009888	ENSG00000196090.14	gene|regulatory|transcript	346
chr20	47335744	47336090	ENSG00000101040.20	gene|regulatory|transcript	346
chr20	19382016	19382362	ENSG00000185052.13	gene|regulatory|transcript	346
chr20	35312380	35312726	ENSG00000101019.22	gene|regulatory|transcript	346
chr20	3315137	3315483	ENSG00000088854.13	gene|regulatory|transcript	346
chr20	19347984	19348330	ENSG00000185052.13	gene|regulatory|transcript	346
chr20	15518015	15518361	ENSG00000172264.19	gene|regulatory|transcript	346
chr20	5171106	5171452	ENSG00000101290.14	gene|regulatory|transcript	346
chr20	52103784	52104130	ENSG00000020256.20	gene|regulatory|transcript	346
chr20	5172893	5173239	ENSG00000101290.14	gene|regulatory|transcript	346
chr20	63321361	63321707	ENSG00000101203.17	gene|regulatory|transcript	346
chr20	44583132	44583478	ENSG00000168734.14	gene|regulatory|transcript	346
chr20	43955394	43955740	ENSG00000124191.18	gene|regulatory|transcript	346
chr20	51660879	51661225	ENSG00000054793.14	gene|regulatory|transcript	346
chr20	62711598	62711944	ENSG00000101188.5	gene|regulatory|transcript	346
chr20	62737411	62737756	ENSG00000101188.5	gene|regulatory|transcript	345
chr20	37357060	37357405	ENSG00000197122.13	gene|regulatory|transcript	345
chr20	47262632	47262977	ENSG00000101040.20	gene|regulatory|transcript	345
chr20	64176960	64177305	ENSG00000196132.14	gene|regulatory|transcript	345
chr20	49424571	49424916	ENSG00000158445.10|ENSG00000290421.1	gene|regulatory|transcript	345
chr20	19937263	19937608	ENSG00000132669.14	gene|regulatory|transcript	345
chr20	19918957	19919302	ENSG00000132669.14	gene|regulatory|transcript	345
chr20	10633193	10633538	ENSG00000149346.15	gene|regulatory|transcript	345
chr20	10619466	10619811	ENSG00000149346.15	gene|regulatory|transcript	345
chr20	58511905	58512250	ENSG00000198768.11	gene|regulatory|transcript	345
chr20	15364813	15365158	ENSG00000172264.19	gene|regulatory|transcript	345
chr20	15111678	15112023	ENSG00000172264.19	gene|regulatory|transcript	345
chr20	20668720	20669065	ENSG00000188559.16	gene|regulatory|transcript	345
chr20	62019419	62019764	ENSG00000130699.20	gene|regulatory|transcript	345
chr20	58870652	58870997	ENSG00000087460.29|ENSG00000225806.8	gene|regulatory|transcript	345
chr20	62961314	62961659	ENSG00000101194.18	gene|regulatory|transcript	345
chr20	41509803	41510148	ENSG00000124177.16	gene|regulatory|transcript	345
chr20	49865549	49865894	ENSG00000197818.12	gene|regulatory|transcript	345
chr20	10225606	10225951	ENSG00000132639.15|ENSG00000227906.10	gene|regulatory|transcript	345
chr20	23368339	23368684	ENSG00000125812.16	gene|regulatory|transcript	345
chr20	1121472	1121817	ENSG00000125818.18	gene|regulatory|transcript	345
chr20	36391015	36391360	ENSG00000080845.19	gene|regulatory|transcript	345
chr20	667396	667741	ENSG00000215397.4|ENSG00000270299.1	gene|regulatory|transcript	345
chr20	35048728	35049073	ENSG00000100991.12	gene|regulatory|transcript	345
chr20	63444043	63444388	ENSG00000075043.21	gene|regulatory|transcript	345
chr20	18052885	18053230	ENSG00000125850.11	gene|regulatory|transcript	345
chr20	62141493	62141838	ENSG00000101182.15	gene|regulatory|transcript	345
chr20	9520134	9520479	ENSG00000125869.10	gene|regulatory|transcript	345
chr20	20489973	20490318	ENSG00000188559.16	gene|regulatory|transcript	345
chr20	20455053	20455398	ENSG00000188559.16	gene|regulatory|transcript	345
chr20	19397719	19398064	ENSG00000185052.13	gene|regulatory|transcript	345
chr20	48951675	48952020	ENSG00000124198.10	gene|regulatory|transcript	345
chr20	17956076	17956421	ENSG00000089006.17	gene|regulatory|transcript	345
chr20	9112746	9113091	ENSG00000101333.19	gene|regulatory|transcript	345
chr20	50635891	50636236	ENSG00000042062.13	gene|regulatory|transcript	345
chr20	17709347	17709692	ENSG00000125888.15	gene|regulatory|transcript	345
chr20	13739856	13740201	ENSG00000089048.15	gene|regulatory|transcript	345
chr20	34639796	34640141	ENSG00000101464.11	gene|regulatory|transcript	345
chr20	62241670	62242015	ENSG00000130703.17	gene|regulatory|transcript	345
chr20	41205296	41205641	ENSG00000174306.22	gene|regulatory|transcript	345
chr20	56419019	56419364	ENSG00000087589.17	gene|regulatory|transcript	345
chr20	8806088	8806433	ENSG00000182621.19	gene|regulatory|transcript	345
chr20	59585682	59586027	ENSG00000087495.17	gene|regulatory|transcript	345
chr20	17556858	17557203	ENSG00000125864.14	gene|regulatory|transcript	345
chr20	10280479	10280824	ENSG00000132639.15|ENSG00000227906.10	gene|regulatory|transcript	345
chr20	19512916	19513261	ENSG00000185052.13	gene|regulatory|transcript	345
chr20	19504986	19505331	ENSG00000185052.13	gene|regulatory|transcript	345
chr20	36196672	36197017	ENSG00000088367.23	gene|regulatory|transcript	345
chr20	57698968	57699313	ENSG00000124225.16	gene|regulatory|transcript	345
chr20	54477597	54477942	ENSG00000101134.12	gene|regulatory|transcript	345
chr20	1935177	1935522	ENSG00000198053.12	gene|regulatory|transcript	345
chr20	25549166	25549511	ENSG00000101004.16	gene|regulatory|transcript	345
chr20	25573472	25573817	ENSG00000101004.16	gene|regulatory|transcript	345
chr20	61482362	61482707	ENSG00000179242.16	gene|regulatory|transcript	345
chr20	8432805	8433150	ENSG00000182621.19	gene|regulatory|transcript	345
chr20	59736389	59736734	ENSG00000087495.17	gene|regulatory|transcript	345
chr20	34069852	34070197	ENSG00000125970.12	gene|regulatory|transcript	345
chr20	34074106	34074451	ENSG00000125970.12	gene|regulatory|transcript	345
chr20	31713318	31713663	ENSG00000171552.14|ENSG00000236559.1	gene|regulatory|transcript	345
chr20	63295447	63295792	ENSG00000101203.17	gene|regulatory|transcript	345
chr20	42595638	42595983	ENSG00000196090.14	gene|regulatory|transcript	345
chr20	19561072	19561417	ENSG00000185052.13	gene|regulatory|transcript	345
chr20	31991064	31991409	ENSG00000260903.3	gene|regulatory|transcript	345
chr20	37734682	37735027	ENSG00000132792.21	gene|regulatory|transcript	345
chr20	37228086	37228431	ENSG00000118705.18	gene|regulatory|transcript	345
chr20	4918528	4918873	ENSG00000089057.15	gene|regulatory|transcript	345
chr20	31788610	31788955	ENSG00000088325.16	gene|regulatory|transcript	345
chr20	61354869	61355214	ENSG00000179242.16	gene|regulatory|transcript	345
chr20	53294659	53295004	ENSG00000182463.17|ENSG00000271774.1	gene|regulatory|transcript	345
chr20	34015959	34016304	ENSG00000125970.12|ENSG00000228386.2	gene|regulatory|transcript	345
chr20	51510175	51510520	ENSG00000101096.20	gene|regulatory|transcript	345
chr20	43940709	43941054	ENSG00000124191.18	gene|regulatory|transcript	345
chr20	59820698	59821043	ENSG00000087495.17	gene|regulatory|transcript	345
chr20	37712651	37712996	ENSG00000132792.21	gene|regulatory|transcript	345
chr20	32517230	32517575	ENSG00000197183.15|ENSG00000277301.1	gene|regulatory|transcript	345
chr20	53104917	53105262	ENSG00000182463.17	gene|regulatory|transcript	345
chr20	15889640	15889985	ENSG00000172264.19	gene|regulatory|transcript	345
chr20	15812751	15813096	ENSG00000172264.19	gene|regulatory|transcript	345
chr20	15823735	15824080	ENSG00000172264.19	gene|regulatory|transcript	345
chr20	61287565	61287910	ENSG00000179242.16	gene|regulatory|transcript	345
chr20	64077100	64077445	ENSG00000171700.14	gene|regulatory|transcript	345
chr20	1908677	1909022	ENSG00000198053.12	gene|regulatory|transcript	345
chr20	44398331	44398676	ENSG00000101076.20	gene|regulatory|transcript	345
chr20	15178600	15178944	ENSG00000172264.19	gene|regulatory|transcript	344
chr20	14374219	14374563	ENSG00000172264.19	gene|regulatory|transcript	344
chr20	2122966	2123310	ENSG00000125834.13	gene|regulatory|transcript	344
chr20	62244696	62245040	ENSG00000130703.17	gene|regulatory|transcript	344
chr20	17643906	17644250	ENSG00000125844.17	gene|regulatory|transcript	344
chr20	58408011	58408355	ENSG00000124164.16	gene|regulatory|transcript	344
chr20	10514330	10514674	ENSG00000149346.15	gene|regulatory|transcript	344
chr20	32565064	32565408	ENSG00000197183.15|ENSG00000233293.1	gene|regulatory|transcript	344
chr20	33423246	33423590	ENSG00000101400.6	gene|regulatory|transcript	344
chr20	59885156	59885500	ENSG00000196074.13	gene|regulatory|transcript	344
chr20	14986142	14986486	ENSG00000172264.19	gene|regulatory|transcript	344
chr20	51561616	51561960	ENSG00000101096.20	gene|regulatory|transcript	344
chr20	44888584	44888928	ENSG00000166913.13	gene|regulatory|transcript	344
chr20	13775385	13775729	ENSG00000089048.15	gene|regulatory|transcript	344
chr20	36757717	36758061	ENSG00000149636.16	gene|regulatory|transcript	344
chr20	8553201	8553545	ENSG00000182621.19	gene|regulatory|transcript	344
chr20	3083513	3083857	ENSG00000101200.5	gene|regulatory|transcript	344
chr20	63470410	63470754	ENSG00000075043.21	gene|regulatory|transcript	344
chr20	59222522	59222866	ENSG00000124203.7	gene|regulatory|transcript	344
chr20	63941691	63942035	ENSG00000198276.16	gene|regulatory|transcript	344
chr20	41086499	41086843	ENSG00000198900.7	gene|regulatory|transcript	344
chr20	32523198	32523542	ENSG00000197183.15	gene|regulatory|transcript	344
chr20	49679033	49679377	ENSG00000158470.5	gene|regulatory|transcript	344
chr20	58665619	58665963	ENSG00000124222.23|ENSG00000254995.4	gene|regulatory|transcript	344
chr20	19802515	19802859	ENSG00000132669.14	gene|regulatory|transcript	344
chr20	35773367	35773711	ENSG00000025293.17	gene|regulatory|transcript	344
chr20	10592021	10592365	ENSG00000149346.15	gene|regulatory|transcript	344
chr20	9172975	9173319	ENSG00000101333.19	gene|regulatory|transcript	344
chr20	50587440	50587784	ENSG00000042062.13	gene|regulatory|transcript	344
chr20	3907459	3907803	ENSG00000125779.24	gene|regulatory|transcript	344
chr20	45808687	45809031	ENSG00000101457.13	gene|regulatory|transcript	344
chr20	9306514	9306858	ENSG00000101333.19	gene|regulatory|transcript	344
chr20	25032726	25033070	ENSG00000154930.15	gene|regulatory|transcript	344
chr20	31705707	31706051	ENSG00000171552.14|ENSG00000236559.1	gene|regulatory|transcript	344
chr20	8287340	8287684	ENSG00000182621.19	gene|regulatory|transcript	344
chr20	47782143	47782487	ENSG00000196562.16	gene|regulatory|transcript	344
chr20	17283393	17283737	ENSG00000125851.10	gene|regulatory|transcript	344
chr20	20083864	20084208	ENSG00000089101.19	gene|regulatory|transcript	344
chr20	19683189	19683533	ENSG00000185052.13	gene|regulatory|transcript	344
chr20	51497675	51498019	ENSG00000101096.20	gene|regulatory|transcript	344
chr20	51492581	51492925	ENSG00000101096.20	gene|regulatory|transcript	344
chr20	5835532	5835876	ENSG00000171984.15	gene|regulatory|transcript	344
chr20	50626085	50626429	ENSG00000042062.13	gene|regulatory|transcript	344
chr20	51425443	51425787	ENSG00000101096.20	gene|regulatory|transcript	344
chr20	16551996	16552340	ENSG00000089177.20	gene|regulatory|transcript	344
chr20	16541248	16541592	ENSG00000089177.20	gene|regulatory|transcript	344
chr20	64161909	64162253	ENSG00000196132.14	gene|regulatory|transcript	344
chr20	37007928	37008272	ENSG00000080839.12	gene|regulatory|transcript	344
chr20	36950719	36951063	ENSG00000101347.11	gene|regulatory|transcript	344
chr20	47031867	47032211	ENSG00000064655.19	gene|regulatory|transcript	344
chr20	50519391	50519735	ENSG00000196396.10	gene|regulatory|transcript	344
chr20	23629698	23630042	ENSG00000101439.9	gene|regulatory|transcript	344
chr20	47753881	47754225	ENSG00000196562.16	gene|regulatory|transcript	344
chr20	20216970	20217314	ENSG00000089101.19	gene|regulatory|transcript	344
chr20	63377335	63377679	ENSG00000101204.18	gene|regulatory|transcript	344
chr20	19508477	19508821	ENSG00000185052.13	gene|regulatory|transcript	344
chr20	38854794	38855138	ENSG00000101445.10	gene|regulatory|transcript	344
chr20	14820807	14821151	ENSG00000172264.19	gene|regulatory|transcript	344
chr20	53372586	53372930	ENSG00000182463.17|ENSG00000271774.1	gene|regulatory|transcript	344
chr20	9632040	9632384	ENSG00000101349.17	gene|regulatory|transcript	344
chr20	43010753	43011097	ENSG00000196090.14	gene|regulatory|transcript	344
chr20	18715576	18715920	ENSG00000125821.13|ENSG00000284776.1	gene|regulatory|transcript	344
chr20	36400929	36401273	ENSG00000080845.19	gene|regulatory|transcript	344
chr20	49914287	49914631	ENSG00000158480.11	gene|regulatory|transcript	344
chr20	20552104	20552448	ENSG00000188559.16	gene|regulatory|transcript	344
chr20	50149446	50149790	ENSG00000124208.16|ENSG00000240849.11	gene|regulatory|transcript	344
chr20	53360845	53361189	ENSG00000182463.17|ENSG00000271774.1	gene|regulatory|transcript	344
chr20	53330692	53331036	ENSG00000182463.17|ENSG00000271774.1	gene|regulatory|transcript	344
chr20	32302179	32302523	ENSG00000101350.8	gene|regulatory|transcript	344
chr20	5849158	5849502	ENSG00000171984.15	gene|regulatory|transcript	344
chr20	53124078	53124422	ENSG00000182463.17	gene|regulatory|transcript	344
chr20	35317843	35318187	ENSG00000101019.22	gene|regulatory|transcript	344
chr20	49161834	49162178	ENSG00000124214.21	gene|regulatory|transcript	344
chr20	58868798	58869142	ENSG00000087460.29|ENSG00000225806.8	gene|regulatory|transcript	344
chr20	16292528	16292872	ENSG00000089177.20	gene|regulatory|transcript	344
chr20	49272634	49272978	ENSG00000124201.15	gene|regulatory|transcript	344
chr20	35360048	35360392	ENSG00000101019.22	gene|regulatory|transcript	344
chr20	42338361	42338705	ENSG00000196090.14	gene|regulatory|transcript	344
chr20	5153808	5154152	ENSG00000101290.14	gene|regulatory|transcript	344
chr20	15310415	15310759	ENSG00000172264.19	gene|regulatory|transcript	344
chr20	848224	848568	ENSG00000125898.13	gene|regulatory|transcript	344
chr20	62752204	62752548	ENSG00000101188.5	gene|regulatory|transcript	344
chr20	52104142	52104486	ENSG00000020256.20	gene|regulatory|transcript	344
chr20	14959740	14960084	ENSG00000172264.19	gene|regulatory|transcript	344
chr20	47269618	47269961	ENSG00000101040.20	gene|regulatory|transcript	343
chr20	14960896	14961239	ENSG00000172264.19	gene|regulatory|transcript	343
chr20	51799605	51799948	ENSG00000101115.13	gene|regulatory|transcript	343
chr20	62741157	62741500	ENSG00000101188.5	gene|regulatory|transcript	343
chr20	10609784	10610127	ENSG00000149346.15	gene|regulatory|transcript	343
chr20	48797886	48798229	ENSG00000124126.14	gene|regulatory|transcript	343
chr20	51800166	51800509	ENSG00000101115.13	gene|regulatory|transcript	343
chr20	19375376	19375719	ENSG00000185052.13	gene|regulatory|transcript	343
chr20	51448900	51449243	ENSG00000101096.20	gene|regulatory|transcript	343
chr20	43947358	43947701	ENSG00000124191.18	gene|regulatory|transcript	343
chr20	61333511	61333854	ENSG00000179242.16	gene|regulatory|transcript	343
chr20	44598905	44599248	ENSG00000168734.14|ENSG00000196839.14	gene|regulatory|transcript	343
chr20	35319899	35320242	ENSG00000101019.22	gene|regulatory|transcript	343
chr20	38073353	38073696	ENSG00000101413.12	gene|regulatory|transcript	343
chr20	32457453	32457796	ENSG00000197183.15	gene|regulatory|transcript	343
chr20	20461541	20461884	ENSG00000188559.16	gene|regulatory|transcript	343
chr20	51743053	51743396	ENSG00000054793.14	gene|regulatory|transcript	343
chr20	38617065	38617408	ENSG00000124143.11|ENSG00000289012.1	gene|regulatory|transcript	343
chr20	38881455	38881798	ENSG00000101445.10	gene|regulatory|transcript	343
chr20	62400060	62400403	ENSG00000149679.12	gene|regulatory|transcript	343
chr20	37864267	37864610	ENSG00000132792.21	gene|regulatory|transcript	343
chr20	13231411	13231754	ENSG00000101230.6	gene|regulatory|transcript	343
chr20	58877350	58877693	ENSG00000087460.29|ENSG00000225806.8	gene|regulatory|transcript	343
chr20	43112647	43112990	ENSG00000196090.14	gene|regulatory|transcript	343
chr20	57661176	57661519	ENSG00000124225.16	gene|regulatory|transcript	343
chr20	21183777	21184120	ENSG00000088970.16|ENSG00000232712.6	gene|regulatory|transcript	343
chr20	19524718	19525061	ENSG00000185052.13	gene|regulatory|transcript	343
chr20	49821299	49821642	ENSG00000197818.12	gene|regulatory|transcript	343
chr20	32285136	32285479	ENSG00000101350.8	gene|regulatory|transcript	343
chr20	49823533	49823876	ENSG00000197818.12	gene|regulatory|transcript	343
chr20	42204314	42204657	ENSG00000196090.14	gene|regulatory|transcript	343
chr20	41577228	41577571	ENSG00000124177.16	gene|regulatory|transcript	343
chr20	9280661	9281004	ENSG00000101333.19	gene|regulatory|transcript	343
chr20	14568233	14568576	ENSG00000172264.19|ENSG00000227927.2	gene|regulatory|transcript	343
chr20	36543134	36543477	ENSG00000101335.10|ENSG00000232907.9	gene|regulatory|transcript	343
chr20	49701135	49701478	ENSG00000158470.5	gene|regulatory|transcript	343
chr20	62885913	62886256	ENSG00000101191.17	gene|regulatory|transcript	343
chr20	3613178	3613521	ENSG00000088812.18	gene|regulatory|transcript	343
chr20	23420373	23420716	ENSG00000125814.17	gene|regulatory|transcript	343
chr20	48668557	48668900	ENSG00000124126.14	gene|regulatory|transcript	343
chr20	13263454	13263797	ENSG00000101230.6	gene|regulatory|transcript	343
chr20	20210332	20210675	ENSG00000089101.19	gene|regulatory|transcript	343
chr20	48774661	48775004	ENSG00000124126.14	gene|regulatory|transcript	343
chr20	14331289	14331632	ENSG00000125848.10|ENSG00000172264.19	gene|regulatory|transcript	343
chr20	62286828	62287171	ENSG00000130703.17	gene|regulatory|transcript	343
chr20	63536360	63536703	ENSG00000101213.7	gene|regulatory|transcript	343
chr20	44388640	44388983	ENSG00000101076.20|ENSG00000229005.2	gene|regulatory|transcript	343
chr20	47338171	47338514	ENSG00000101040.20	gene|regulatory|transcript	343
chr20	2237089	2237432	ENSG00000286022.1	gene|regulatory|transcript	343
chr20	59845403	59845746	ENSG00000087495.17	gene|regulatory|transcript	343
chr20	3995873	3996216	ENSG00000101236.17	gene|regulatory|transcript	343
chr20	34720303	34720646	ENSG00000198646.14	gene|regulatory|transcript	343
chr20	31638293	31638636	ENSG00000131055.5	gene|regulatory|transcript	343
chr20	58669629	58669972	ENSG00000124222.23|ENSG00000254995.4	gene|regulatory|transcript	343
chr20	37907767	37908110	ENSG00000132821.12	gene|regulatory|transcript	343
chr20	37915773	37916116	ENSG00000132821.12	gene|regulatory|transcript	343
chr20	13492047	13492390	ENSG00000089123.16	gene|regulatory|transcript	343
chr20	47214080	47214423	ENSG00000101040.20	gene|regulatory|transcript	343
chr20	8575544	8575887	ENSG00000182621.19	gene|regulatory|transcript	343
chr20	17958635	17958978	ENSG00000089006.17|ENSG00000125850.11	gene|regulatory|transcript	343
chr20	25057169	25057512	ENSG00000154930.15	gene|regulatory|transcript	343
chr20	62923943	62924286	ENSG00000101191.17	gene|regulatory|transcript	343
chr20	45783920	45784263	ENSG00000124116.19	gene|regulatory|transcript	343
chr20	50579998	50580341	ENSG00000196396.10	gene|regulatory|transcript	343
chr20	37729498	37729841	ENSG00000132792.21	gene|regulatory|transcript	343
chr20	21234398	21234741	ENSG00000088970.16	gene|regulatory|transcript	343
chr20	20261179	20261522	ENSG00000089101.19|ENSG00000243810.1	gene|regulatory|transcript	343
chr20	59751079	59751422	ENSG00000087495.17	gene|regulatory|transcript	343
chr20	36117105	36117448	ENSG00000088367.23	gene|regulatory|transcript	343
chr20	2610965	2611308	ENSG00000149488.14	gene|regulatory|transcript	343
chr20	14838839	14839182	ENSG00000172264.19	gene|regulatory|transcript	343
chr20	2470087	2470430	ENSG00000125835.20|ENSG00000256566.1	gene|regulatory|transcript	343
chr20	53141669	53142011	ENSG00000182463.17	gene|regulatory|transcript	342
chr20	32806390	32806732	ENSG00000088305.19	gene|regulatory|transcript	342
chr20	4936941	4937283	ENSG00000089057.15	gene|regulatory|transcript	342
chr20	53338731	53339073	ENSG00000182463.17|ENSG00000271774.1	gene|regulatory|transcript	342
chr20	50152341	50152683	ENSG00000124208.16|ENSG00000240849.11	gene|regulatory|transcript	342
chr20	53227552	53227894	ENSG00000182463.17	gene|regulatory|transcript	342
chr20	33846564	33846906	ENSG00000101421.4	gene|regulatory|transcript	342
chr20	46622194	46622536	ENSG00000158296.14	gene|regulatory|transcript	342
chr20	43959355	43959697	ENSG00000124191.18	gene|regulatory|transcript	342
chr20	10573259	10573601	ENSG00000149346.15	gene|regulatory|transcript	342
chr20	15561742	15562084	ENSG00000172264.19	gene|regulatory|transcript	342
chr20	14988463	14988805	ENSG00000172264.19	gene|regulatory|transcript	342
chr20	2114618	2114960	ENSG00000125834.13	gene|regulatory|transcript	342
chr20	41147966	41148308	ENSG00000124181.15	gene|regulatory|transcript	342
chr20	41248674	41249016	ENSG00000174306.22	gene|regulatory|transcript	342
chr20	14948294	14948636	ENSG00000172264.19	gene|regulatory|transcript	342
chr20	61874696	61875038	ENSG00000179242.16	gene|regulatory|transcript	342
chr20	38125555	38125897	ENSG00000101413.12	gene|regulatory|transcript	342
chr20	13873888	13874230	ENSG00000101251.13	gene|regulatory|transcript	342
chr20	25291803	25292145	ENSG00000100994.12	gene|regulatory|transcript	342
chr20	59580519	59580861	ENSG00000087495.17	gene|regulatory|transcript	342
chr20	49675768	49676110	ENSG00000158470.5	gene|regulatory|transcript	342
chr20	4012672	4013014	ENSG00000101236.17	gene|regulatory|transcript	342
chr20	17503804	17504146	ENSG00000125864.14	gene|regulatory|transcript	342
chr20	19760230	19760572	ENSG00000132669.14	gene|regulatory|transcript	342
chr20	58684322	58684664	ENSG00000254995.4	gene|regulatory|transcript	342
chr20	25295785	25296127	ENSG00000100994.12|ENSG00000100997.20	gene|regulatory|transcript	342
chr20	9422371	9422713	ENSG00000101333.19	gene|regulatory|transcript	342
chr20	38158812	38159154	ENSG00000198959.12	gene|regulatory|transcript	342
chr20	62292157	62292499	ENSG00000130703.17	gene|regulatory|transcript	342
chr20	56376362	56376704	ENSG00000087586.18	gene|regulatory|transcript	342
chr20	25525929	25526271	ENSG00000101004.16	gene|regulatory|transcript	342
chr20	36845349	36845691	ENSG00000149639.15	gene|regulatory|transcript	342
chr20	10536715	10537057	ENSG00000149346.15	gene|regulatory|transcript	342
chr20	46940663	46941005	ENSG00000064655.19	gene|regulatory|transcript	342
chr20	32475356	32475698	ENSG00000197183.15	gene|regulatory|transcript	342
chr20	36307031	36307373	ENSG00000080845.19	gene|regulatory|transcript	342
chr20	20413921	20414263	ENSG00000188559.16	gene|regulatory|transcript	342
chr20	51456514	51456856	ENSG00000101096.20	gene|regulatory|transcript	342
chr20	14762078	14762420	ENSG00000172264.19	gene|regulatory|transcript	342
chr20	64152126	64152468	ENSG00000196132.14	gene|regulatory|transcript	342
chr20	45014610	45014952	ENSG00000101109.13	gene|regulatory|transcript	342
chr20	2140603	2140945	ENSG00000125834.13	gene|regulatory|transcript	342
chr20	32894090	32894432	ENSG00000215529.13	gene|regulatory|transcript	342
chr20	42857470	42857812	ENSG00000196090.14	gene|regulatory|transcript	342
chr20	62824056	62824398	ENSG00000092758.18	gene|regulatory|transcript	342
chr20	16318006	16318348	ENSG00000089177.20	gene|regulatory|transcript	342
chr20	49937619	49937961	ENSG00000124226.11	gene|regulatory|transcript	342
chr20	33853063	33853405	ENSG00000101421.4	gene|regulatory|transcript	342
chr20	35992725	35993067	ENSG00000149646.12	gene|regulatory|transcript	342
chr20	9119745	9120087	ENSG00000101333.19	gene|regulatory|transcript	342
chr20	33733799	33734141	ENSG00000131061.15	gene|regulatory|transcript	342
chr20	14801913	14802255	ENSG00000172264.19	gene|regulatory|transcript	342
chr20	57709117	57709459	ENSG00000124225.16	gene|regulatory|transcript	342
chr20	62850348	62850690	ENSG00000101190.13	gene|regulatory|transcript	342
chr20	59145888	59146230	ENSG00000124203.7	gene|regulatory|transcript	342
chr20	61487382	61487724	ENSG00000179242.16	gene|regulatory|transcript	342
chr20	4811886	4812228	ENSG00000101265.16	gene|regulatory|transcript	342
chr20	9235591	9235933	ENSG00000101333.19	gene|regulatory|transcript	342
chr20	41425437	41425779	ENSG00000124177.16	gene|regulatory|transcript	342
chr20	54048985	54049327	ENSG00000064787.14	gene|regulatory|transcript	342
chr20	41045766	41046108	ENSG00000198900.7	gene|regulatory|transcript	342
chr20	49657483	49657825	ENSG00000158470.5	gene|regulatory|transcript	342
chr20	64168723	64169065	ENSG00000196132.14	gene|regulatory|transcript	342
chr20	34201550	34201892	ENSG00000101440.10	gene|regulatory|transcript	342
chr20	3890314	3890656	ENSG00000125779.24	gene|regulatory|transcript	342
chr20	18679070	18679412	ENSG00000125821.13|ENSG00000233993.1|ENSG00000284776.1	gene|regulatory|transcript	342
chr20	1268061	1268403	ENSG00000101298.15|ENSG00000244588.6	gene|regulatory|transcript	342
chr20	37776034	37776376	ENSG00000132792.21	gene|regulatory|transcript	342
chr20	50522040	50522382	ENSG00000196396.10	gene|regulatory|transcript	342
chr20	53597166	53597508	ENSG00000171940.14	gene|regulatory|transcript	342
chr20	61906535	61906877	ENSG00000179242.16	gene|regulatory|transcript	342
chr20	50511728	50512070	ENSG00000196396.10	gene|regulatory|transcript	342
chr20	50536371	50536713	ENSG00000196396.10	gene|regulatory|transcript	342
chr20	38143343	38143685	ENSG00000198959.12	gene|regulatory|transcript	342
chr20	21143460	21143801	ENSG00000088970.16	gene|regulatory|transcript	341
chr20	34062518	34062859	ENSG00000125970.12	gene|regulatory|transcript	341
chr20	4894506	4894847	ENSG00000089057.15	gene|regulatory|transcript	341
chr20	38880981	38881322	ENSG00000101445.10	gene|regulatory|transcript	341
chr20	42902146	42902487	ENSG00000196090.14	gene|regulatory|transcript	341
chr20	10216487	10216828	ENSG00000132639.15|ENSG00000227906.10	gene|regulatory|transcript	341
chr20	32497571	32497912	ENSG00000197183.15	gene|regulatory|transcript	341
chr20	64102710	64103051	ENSG00000196132.14	gene|regulatory|transcript	341
chr20	35273450	35273791	ENSG00000125966.10|ENSG00000126005.17|ENSG00000261582.1	gene|regulatory|transcript	341
chr20	33419130	33419471	ENSG00000101400.6	gene|regulatory|transcript	341
chr20	51652187	51652528	ENSG00000054793.14	gene|regulatory|transcript	341
chr20	37294988	37295329	ENSG00000101363.13	gene|regulatory|transcript	341
chr20	49186839	49187180	ENSG00000124214.21	gene|regulatory|transcript	341
chr20	13105859	13106200	ENSG00000172296.13	gene|regulatory|transcript	341
chr20	3750288	3750629	ENSG00000132622.11	gene|regulatory|transcript	341
chr20	5150768	5151109	ENSG00000101290.14	gene|regulatory|transcript	341
chr20	37392002	37392343	ENSG00000197122.13	gene|regulatory|transcript	341
chr20	64188185	64188526	ENSG00000196132.14	gene|regulatory|transcript	341
chr20	49427704	49428045	ENSG00000158445.10|ENSG00000290421.1	gene|regulatory|transcript	341
chr20	48819938	48820279	ENSG00000124126.14	gene|regulatory|transcript	341
chr20	64223857	64224198	ENSG00000196132.14	gene|regulatory|transcript	341
chr20	51800990	51801331	ENSG00000101115.13	gene|regulatory|transcript	341
chr20	32775366	32775707	ENSG00000088305.19	gene|regulatory|transcript	341
chr20	15332772	15333113	ENSG00000172264.19	gene|regulatory|transcript	341
chr20	63896181	63896522	ENSG00000101152.12|ENSG00000290226.1	gene|regulatory|transcript	341
chr20	14860442	14860783	ENSG00000172264.19	gene|regulatory|transcript	341
chr20	47614702	47615043	ENSG00000124151.19	gene|regulatory|transcript	341
chr20	31740270	31740611	ENSG00000088325.16	gene|regulatory|transcript	341
chr20	37777984	37778325	ENSG00000132792.21	gene|regulatory|transcript	341
chr20	36490169	36490510	ENSG00000080845.19	gene|regulatory|transcript	341
chr20	18615333	18615674	ENSG00000125821.13|ENSG00000284776.1	gene|regulatory|transcript	341
chr20	50540968	50541309	ENSG00000196396.10	gene|regulatory|transcript	341
chr20	25033394	25033735	ENSG00000154930.15	gene|regulatory|transcript	341
chr20	44609189	44609530	ENSG00000168734.14|ENSG00000196839.14	gene|regulatory|transcript	341
chr20	43950115	43950456	ENSG00000124191.18	gene|regulatory|transcript	341
chr20	33832393	33832734	ENSG00000101421.4	gene|regulatory|transcript	341
chr20	20084459	20084800	ENSG00000089101.19	gene|regulatory|transcript	341
chr20	35828487	35828828	ENSG00000025293.17	gene|regulatory|transcript	341
chr20	46359415	46359756	ENSG00000080189.15	gene|regulatory|transcript	341
chr20	10667072	10667413	ENSG00000101384.12	gene|regulatory|transcript	341
chr20	38863173	38863514	ENSG00000101445.10	gene|regulatory|transcript	341
chr20	10487285	10487626	ENSG00000149346.15	gene|regulatory|transcript	341
chr20	10550265	10550606	ENSG00000149346.15	gene|regulatory|transcript	341
chr20	61758606	61758947	ENSG00000179242.16	gene|regulatory|transcript	341
chr20	37990539	37990880	ENSG00000101407.13	gene|regulatory|transcript	341
chr20	49343279	49343620	ENSG00000158445.10|ENSG00000290421.1	gene|regulatory|transcript	341
chr20	14336670	14337011	ENSG00000125848.10|ENSG00000172264.19	gene|regulatory|transcript	341
chr20	4153296	4153637	ENSG00000088826.18	gene|regulatory|transcript	341
chr20	13635796	13636137	ENSG00000089123.16	gene|regulatory|transcript	341
chr20	63352010	63352351	ENSG00000101204.18	gene|regulatory|transcript	341
chr20	19714836	19715177	ENSG00000185052.13	gene|regulatory|transcript	341
chr20	63453038	63453379	ENSG00000075043.21	gene|regulatory|transcript	341
chr20	48824052	48824393	ENSG00000124126.14|ENSG00000278231.1	gene|regulatory|transcript	341
chr20	53037044	53037385	ENSG00000182463.17	gene|regulatory|transcript	341
chr20	10527400	10527741	ENSG00000149346.15	gene|regulatory|transcript	341
chr20	19968608	19968949	ENSG00000132669.14	gene|regulatory|transcript	341
chr20	5596424	5596765	ENSG00000125772.14	gene|regulatory|transcript	341
chr20	61499829	61500170	ENSG00000179242.16	gene|regulatory|transcript	341
chr20	62899005	62899346	ENSG00000101191.17	gene|regulatory|transcript	341
chr20	17543011	17543352	ENSG00000125864.14	gene|regulatory|transcript	341
chr20	63463983	63464324	ENSG00000075043.21	gene|regulatory|transcript	341
chr20	4167735	4168076	ENSG00000088826.18	gene|regulatory|transcript	341
chr20	15299340	15299681	ENSG00000172264.19	gene|regulatory|transcript	341
chr20	37395353	37395693	ENSG00000197122.13	gene|regulatory|transcript	340
chr20	2693863	2694203	ENSG00000088881.22	gene|regulatory|transcript	340
chr20	51758981	51759321	ENSG00000054793.14	gene|regulatory|transcript	340
chr20	62734885	62735225	ENSG00000101188.5|ENSG00000223669.1	gene|regulatory|transcript	340
chr20	14375445	14375785	ENSG00000172264.19	gene|regulatory|transcript	340
chr20	46011782	46012122	ENSG00000100985.7	gene|regulatory|transcript	340
chr20	37850751	37851091	ENSG00000132792.21	gene|regulatory|transcript	340
chr20	56487215	56487555	ENSG00000022277.13	gene|regulatory|transcript	340
chr20	34578569	34578909	ENSG00000101464.11	gene|regulatory|transcript	340
chr20	47019229	47019569	ENSG00000064655.19	gene|regulatory|transcript	340
chr20	24627932	24628272	ENSG00000101463.6	gene|regulatory|transcript	340
chr20	57179199	57179539	ENSG00000101144.13	gene|regulatory|transcript	340
chr20	9236437	9236777	ENSG00000101333.19	gene|regulatory|transcript	340
chr20	50551272	50551612	ENSG00000196396.10	gene|regulatory|transcript	340
chr20	25275780	25276120	ENSG00000100994.12	gene|regulatory|transcript	340
chr20	16765168	16765508	ENSG00000125879.5	gene|regulatory|transcript	340
chr20	57393685	57394025	ENSG00000132819.17	gene|regulatory|transcript	340
chr20	43928413	43928753	ENSG00000124191.18	gene|regulatory|transcript	340
chr20	17445575	17445915	ENSG00000125851.10	gene|regulatory|transcript	340
chr20	48728434	48728774	ENSG00000124126.14	gene|regulatory|transcript	340
chr20	54646861	54647201	ENSG00000101134.12	gene|regulatory|transcript	340
chr20	62293162	62293502	ENSG00000130703.17	gene|regulatory|transcript	340
chr20	41078350	41078690	ENSG00000198900.7	gene|regulatory|transcript	340
chr20	8541763	8542103	ENSG00000182621.19	gene|regulatory|transcript	340
chr20	25318615	25318955	ENSG00000100997.20	gene|regulatory|transcript	340
chr20	50689863	50690203	ENSG00000042062.13	gene|regulatory|transcript	340
chr20	13874456	13874796	ENSG00000101251.13	gene|regulatory|transcript	340
chr20	5164680	5165020	ENSG00000101290.14	gene|regulatory|transcript	340
chr20	61954690	61955030	ENSG00000130699.20	gene|regulatory|transcript	340
chr20	53048402	53048742	ENSG00000182463.17	gene|regulatory|transcript	340
chr20	11901152	11901492	ENSG00000132640.15	gene|regulatory|transcript	340
chr20	33576644	33576984	ENSG00000078699.22	gene|regulatory|transcript	340
chr20	32521737	32522077	ENSG00000197183.15	gene|regulatory|transcript	340
chr20	19552544	19552884	ENSG00000185052.13	gene|regulatory|transcript	340
chr20	64184795	64185135	ENSG00000196132.14	gene|regulatory|transcript	340
chr20	15321005	15321345	ENSG00000172264.19	gene|regulatory|transcript	340
chr20	10604594	10604934	ENSG00000149346.15	gene|regulatory|transcript	340
chr20	10605807	10606147	ENSG00000149346.15	gene|regulatory|transcript	340
chr20	32777171	32777511	ENSG00000088305.19	gene|regulatory|transcript	340
chr20	35796593	35796933	ENSG00000025293.17	gene|regulatory|transcript	340
chr20	35891393	35891733	ENSG00000025293.17	gene|regulatory|transcript	340
chr20	10580069	10580409	ENSG00000149346.15	gene|regulatory|transcript	340
chr20	10653712	10654052	ENSG00000101384.12	gene|regulatory|transcript	340
chr20	2701766	2702106	ENSG00000088881.22	gene|regulatory|transcript	340
chr20	47574962	47575302	ENSG00000124151.19	gene|regulatory|transcript	340
chr20	2385036	2385376	ENSG00000166948.10	gene|regulatory|transcript	340
chr20	5780913	5781253	ENSG00000171984.15	gene|regulatory|transcript	340
chr20	33827748	33828088	ENSG00000101421.4	gene|regulatory|transcript	340
chr20	1163636	1163976	ENSG00000125818.18	gene|regulatory|transcript	340
chr20	33843923	33844263	ENSG00000101421.4	gene|regulatory|transcript	340
chr20	16395420	16395760	ENSG00000089177.20	gene|regulatory|transcript	340
chr20	64146359	64146699	ENSG00000196132.14	gene|regulatory|transcript	340
chr20	43066084	43066424	ENSG00000196090.14	gene|regulatory|transcript	340
chr20	20592211	20592551	ENSG00000188559.16	gene|regulatory|transcript	340
chr20	51444476	51444816	ENSG00000101096.20	gene|regulatory|transcript	340
chr20	57618120	57618460	ENSG00000124256.15	gene|regulatory|transcript	340
chr20	16514117	16514456	ENSG00000089177.20	gene|regulatory|transcript	339
chr20	46945490	46945829	ENSG00000064655.19	gene|regulatory|transcript	339
chr20	51711399	51711738	ENSG00000054793.14	gene|regulatory|transcript	339
chr20	21361382	21361721	ENSG00000088930.8	gene|regulatory|transcript	339
chr20	8153351	8153690	ENSG00000182621.19	gene|regulatory|transcript	339
chr20	50513356	50513695	ENSG00000196396.10	gene|regulatory|transcript	339
chr20	34791649	34791988	ENSG00000198646.14|ENSG00000286803.1	gene|regulatory|transcript	339
chr20	37759205	37759544	ENSG00000132792.21	gene|regulatory|transcript	339
chr20	17314257	17314596	ENSG00000125851.10	gene|regulatory|transcript	339
chr20	25044674	25045013	ENSG00000154930.15	gene|regulatory|transcript	339
chr20	50588135	50588474	ENSG00000042062.13	gene|regulatory|transcript	339
chr20	4136414	4136753	ENSG00000088826.18	gene|regulatory|transcript	339
chr20	54516217	54516556	ENSG00000101134.12	gene|regulatory|transcript	339
chr20	17357274	17357613	ENSG00000125851.10	gene|regulatory|transcript	339
chr20	41141483	41141822	ENSG00000124181.15	gene|regulatory|transcript	339
chr20	32829691	32830030	ENSG00000101367.9	gene|regulatory|transcript	339
chr20	44765697	44766036	ENSG00000101098.13	gene|regulatory|transcript	339
chr20	56451417	56451756	ENSG00000087589.17	gene|regulatory|transcript	339
chr20	38725905	38726244	ENSG00000101438.4	gene|regulatory|transcript	339
chr20	15091449	15091788	ENSG00000172264.19	gene|regulatory|transcript	339
chr20	59185140	59185479	ENSG00000124203.7	gene|regulatory|transcript	339
chr20	56383412	56383751	ENSG00000087586.18	gene|regulatory|transcript	339
chr20	48703655	48703994	ENSG00000124126.14	gene|regulatory|transcript	339
chr20	31670276	31670615	ENSG00000171552.14	gene|regulatory|transcript	339
chr20	51412509	51412848	ENSG00000101096.20	gene|regulatory|transcript	339
chr20	10643308	10643647	ENSG00000101384.12	gene|regulatory|transcript	339
chr20	57698222	57698561	ENSG00000124225.16	gene|regulatory|transcript	339
chr20	49661850	49662189	ENSG00000158470.5	gene|regulatory|transcript	339
chr20	4962162	4962501	ENSG00000089057.15	gene|regulatory|transcript	339
chr20	37988519	37988858	ENSG00000101407.13	gene|regulatory|transcript	339
chr20	57701126	57701465	ENSG00000124225.16	gene|regulatory|transcript	339
chr20	5787209	5787548	ENSG00000171984.15	gene|regulatory|transcript	339
chr20	49706585	49706924	ENSG00000158470.5	gene|regulatory|transcript	339
chr20	49420923	49421262	ENSG00000158445.10|ENSG00000290421.1	gene|regulatory|transcript	339
chr20	52974574	52974913	ENSG00000182463.17	gene|regulatory|transcript	339
chr20	14715451	14715790	ENSG00000172264.19	gene|regulatory|transcript	339
chr20	64152940	64153279	ENSG00000196132.14	gene|regulatory|transcript	339
chr20	19237326	19237665	ENSG00000185052.13	gene|regulatory|transcript	339
chr20	53129625	53129964	ENSG00000182463.17	gene|regulatory|transcript	339
chr20	10448398	10448737	ENSG00000149346.15	gene|regulatory|transcript	339
chr20	49179312	49179651	ENSG00000124214.21	gene|regulatory|transcript	339
chr20	49867851	49868190	ENSG00000197818.12	gene|regulatory|transcript	339
chr20	38067677	38068016	ENSG00000101413.12	gene|regulatory|transcript	339
chr20	53226864	53227203	ENSG00000182463.17	gene|regulatory|transcript	339
chr20	20710829	20711168	ENSG00000188559.16	gene|regulatory|transcript	339
chr20	14946884	14947223	ENSG00000172264.19	gene|regulatory|transcript	339
chr20	32554466	32554805	ENSG00000197183.15	gene|regulatory|transcript	339
chr20	42477495	42477834	ENSG00000196090.14	gene|regulatory|transcript	339
chr20	32575002	32575341	ENSG00000197183.15	gene|regulatory|transcript	339
chr20	38021434	38021773	ENSG00000101407.13	gene|regulatory|transcript	339
chr20	35006676	35007015	ENSG00000100991.12	gene|regulatory|transcript	339
chr20	41476091	41476430	ENSG00000124177.16	gene|regulatory|transcript	339
chr20	2599740	2600078	ENSG00000149488.14	gene|regulatory|transcript	338
chr20	19456604	19456942	ENSG00000185052.13	gene|regulatory|transcript	338
chr20	5177088	5177426	ENSG00000101290.14	gene|regulatory|transcript	338
chr20	62646787	62647125	ENSG00000101187.16	gene|regulatory|transcript	338
chr20	19943069	19943407	ENSG00000132669.14	gene|regulatory|transcript	338
chr20	14902463	14902801	ENSG00000172264.19|ENSG00000235914.2	gene|regulatory|transcript	338
chr20	20000235	20000573	ENSG00000132669.14	gene|regulatory|transcript	338
chr20	47315700	47316038	ENSG00000101040.20	gene|regulatory|transcript	338
chr20	5784800	5785138	ENSG00000171984.15	gene|regulatory|transcript	338
chr20	47317300	47317638	ENSG00000101040.20	gene|regulatory|transcript	338
chr20	59153313	59153651	ENSG00000124203.7	gene|regulatory|transcript	338
chr20	61530734	61531072	ENSG00000179242.16	gene|regulatory|transcript	338
chr20	17431715	17432053	ENSG00000125851.10	gene|regulatory|transcript	338
chr20	63747550	63747888	ENSG00000130584.12	gene|regulatory|transcript	338
chr20	53959894	53960232	ENSG00000064787.14	gene|regulatory|transcript	338
chr20	44571402	44571740	ENSG00000168734.14	gene|regulatory|transcript	338
chr20	63650490	63650828	ENSG00000197457.10	gene|regulatory|transcript	338
chr20	46992612	46992950	ENSG00000064655.19	gene|regulatory|transcript	338
chr20	24645693	24646031	ENSG00000101463.6	gene|regulatory|transcript	338
chr20	9280181	9280519	ENSG00000101333.19	gene|regulatory|transcript	338
chr20	56428912	56429250	ENSG00000087589.17	gene|regulatory|transcript	338
chr20	44032824	44033162	ENSG00000124191.18	gene|regulatory|transcript	338
chr20	43630723	43631061	ENSG00000101052.13	gene|regulatory|transcript	338
chr20	64156207	64156545	ENSG00000196132.14	gene|regulatory|transcript	338
chr20	24629665	24630003	ENSG00000101463.6	gene|regulatory|transcript	338
chr20	32523812	32524150	ENSG00000197183.15	gene|regulatory|transcript	338
chr20	33578545	33578883	ENSG00000078699.22	gene|regulatory|transcript	338
chr20	3580460	3580798	ENSG00000088812.18	gene|regulatory|transcript	338
chr20	63865750	63866088	ENSG00000101150.18|ENSG00000290226.1	gene|regulatory|transcript	338
chr20	19404829	19405167	ENSG00000185052.13	gene|regulatory|transcript	338
chr20	32466302	32466640	ENSG00000197183.15	gene|regulatory|transcript	338
chr20	20393253	20393591	ENSG00000188559.16	gene|regulatory|transcript	338
chr20	62955614	62955952	ENSG00000101194.18	gene|regulatory|transcript	338
chr20	62960776	62961114	ENSG00000101194.18	gene|regulatory|transcript	338
chr20	63415991	63416329	ENSG00000075043.21	gene|regulatory|transcript	338
chr20	21190216	21190554	ENSG00000088970.16|ENSG00000232712.6	gene|regulatory|transcript	338
chr20	9677299	9677637	ENSG00000101349.17	gene|regulatory|transcript	338
chr20	46985249	46985587	ENSG00000064655.19	gene|regulatory|transcript	338
chr20	4944566	4944904	ENSG00000089057.15	gene|regulatory|transcript	338
chr20	36467450	36467788	ENSG00000080845.19	gene|regulatory|transcript	338
chr20	41087036	41087374	ENSG00000198900.7	gene|regulatory|transcript	338
chr20	44896627	44896965	ENSG00000166913.13	gene|regulatory|transcript	338
chr20	7924778	7925116	ENSG00000101323.5	gene|regulatory|transcript	338
chr20	62357092	62357430	ENSG00000130702.15	gene|regulatory|transcript	338
chr20	61370871	61371209	ENSG00000179242.16	gene|regulatory|transcript	338
chr20	47705192	47705530	ENSG00000196562.16	gene|regulatory|transcript	338
chr20	21325245	21325583	ENSG00000088930.8	gene|regulatory|transcript	338
chr20	10218008	10218346	ENSG00000132639.15|ENSG00000227906.10	gene|regulatory|transcript	338
chr20	37789447	37789784	ENSG00000132792.21	gene|regulatory|transcript	337
chr20	59147205	59147542	ENSG00000124203.7	gene|regulatory|transcript	337
chr20	24631207	24631544	ENSG00000101463.6	gene|regulatory|transcript	337
chr20	57262303	57262640	ENSG00000101144.13	gene|regulatory|transcript	337
chr20	47783713	47784050	ENSG00000196562.16	gene|regulatory|transcript	337
chr20	17590326	17590663	ENSG00000125868.16	gene|regulatory|transcript	337
chr20	9072344	9072681	ENSG00000101333.19	gene|regulatory|transcript	337
chr20	36462700	36463037	ENSG00000080845.19	gene|regulatory|transcript	337
chr20	48824879	48825216	ENSG00000124126.14|ENSG00000278231.1	gene|regulatory|transcript	337
chr20	13724905	13725242	ENSG00000089048.15	gene|regulatory|transcript	337
chr20	17958991	17959328	ENSG00000089006.17|ENSG00000125850.11	gene|regulatory|transcript	337
chr20	63751844	63752181	ENSG00000130584.12	gene|regulatory|transcript	337
chr20	14344784	14345121	ENSG00000172264.19	gene|regulatory|transcript	337
chr20	25039747	25040084	ENSG00000154930.15	gene|regulatory|transcript	337
chr20	34715475	34715812	ENSG00000198646.14	gene|regulatory|transcript	337
chr20	56504616	56504953	ENSG00000022277.13|ENSG00000124091.10	gene|regulatory|transcript	337
chr20	370980	371317	ENSG00000101255.12	gene|regulatory|transcript	337
chr20	63691404	63691741	ENSG00000026036.23|ENSG00000258366.12	gene|regulatory|transcript	337
chr20	50804715	50805052	ENSG00000124243.19	gene|regulatory|transcript	337
chr20	37711069	37711406	ENSG00000132792.21	gene|regulatory|transcript	337
chr20	38140018	38140355	ENSG00000198959.12	gene|regulatory|transcript	337
chr20	56454245	56454582	ENSG00000087589.17	gene|regulatory|transcript	337
chr20	37804629	37804966	ENSG00000132792.21	gene|regulatory|transcript	337
chr20	17959705	17960042	ENSG00000089006.17|ENSG00000125850.11	gene|regulatory|transcript	337
chr20	37202241	37202578	ENSG00000118705.18	gene|regulatory|transcript	337
chr20	50531796	50532133	ENSG00000196396.10	gene|regulatory|transcript	337
chr20	21225575	21225912	ENSG00000088970.16	gene|regulatory|transcript	337
chr20	16437389	16437726	ENSG00000089177.20	gene|regulatory|transcript	337
chr20	20665879	20666216	ENSG00000188559.16	gene|regulatory|transcript	337
chr20	10213568	10213905	ENSG00000132639.15|ENSG00000227906.10	gene|regulatory|transcript	337
chr20	35270363	35270700	ENSG00000125966.10|ENSG00000126005.17|ENSG00000261582.1	gene|regulatory|transcript	337
chr20	19423883	19424220	ENSG00000185052.13	gene|regulatory|transcript	337
chr20	5804764	5805101	ENSG00000171984.15	gene|regulatory|transcript	337
chr20	35369893	35370230	ENSG00000101019.22	gene|regulatory|transcript	337
chr20	3677748	3678085	ENSG00000149451.19	gene|regulatory|transcript	337
chr20	53175440	53175777	ENSG00000182463.17|ENSG00000223492.1	gene|regulatory|transcript	337
chr20	1897588	1897925	ENSG00000198053.12	gene|regulatory|transcript	337
chr20	49276359	49276696	ENSG00000124201.15	gene|regulatory|transcript	337
chr20	42309085	42309422	ENSG00000196090.14	gene|regulatory|transcript	337
chr20	50086458	50086795	ENSG00000124208.16|ENSG00000244687.13	gene|regulatory|transcript	337
chr20	13118687	13119024	ENSG00000172296.13	gene|regulatory|transcript	337
chr20	59783088	59783425	ENSG00000087495.17	gene|regulatory|transcript	337
chr20	47735686	47736023	ENSG00000196562.16	gene|regulatory|transcript	337
chr20	10040166	10040503	ENSG00000132623.16|ENSG00000227906.10	gene|regulatory|transcript	337
chr20	42691389	42691726	ENSG00000196090.14	gene|regulatory|transcript	337
chr20	36306512	36306849	ENSG00000080845.19	gene|regulatory|transcript	337
chr20	37723758	37724095	ENSG00000132792.21	gene|regulatory|transcript	337
chr20	19658206	19658543	ENSG00000185052.13	gene|regulatory|transcript	337
chr20	42742921	42743258	ENSG00000196090.14	gene|regulatory|transcript	337
chr20	32508406	32508743	ENSG00000197183.15	gene|regulatory|transcript	337
chr20	49306946	49307283	ENSG00000158445.10	gene|regulatory|transcript	337
chr20	53077948	53078285	ENSG00000182463.17	gene|regulatory|transcript	337
chr20	14845556	14845893	ENSG00000172264.19	gene|regulatory|transcript	337
chr20	44601228	44601565	ENSG00000168734.14|ENSG00000196839.14	gene|regulatory|transcript	337
chr20	3662241	3662578	ENSG00000125861.16	gene|regulatory|transcript	337
chr20	14790755	14791092	ENSG00000172264.19	gene|regulatory|transcript	337
chr20	53000861	53001198	ENSG00000182463.17	gene|regulatory|transcript	337
chr20	14951677	14952014	ENSG00000172264.19	gene|regulatory|transcript	337
chr20	58497994	58498331	ENSG00000198768.11	gene|regulatory|transcript	337
chr20	19928946	19929283	ENSG00000132669.14	gene|regulatory|transcript	337
chr20	49433442	49433779	ENSG00000158445.10|ENSG00000290421.1	gene|regulatory|transcript	337
chr20	19835866	19836203	ENSG00000132669.14	gene|regulatory|transcript	337
chr20	38751372	38751709	ENSG00000101442.10	gene|regulatory|transcript	337
chr20	25308050	25308386	ENSG00000100997.20	gene|regulatory|transcript	336
chr20	62177324	62177660	ENSG00000184402.15	gene|regulatory|transcript	336
chr20	25205672	25206008	ENSG00000197586.13	gene|regulatory|transcript	336
chr20	5591002	5591338	ENSG00000125772.14	gene|regulatory|transcript	336
chr20	3935333	3935669	ENSG00000101236.17	gene|regulatory|transcript	336
chr20	62914477	62914813	ENSG00000101191.17	gene|regulatory|transcript	336
chr20	46402350	46402686	ENSG00000062598.18	gene|regulatory|transcript	336
chr20	50640331	50640667	ENSG00000042062.13	gene|regulatory|transcript	336
chr20	50848928	50849264	ENSG00000124243.19	gene|regulatory|transcript	336
chr20	14919557	14919893	ENSG00000172264.19|ENSG00000235914.2	gene|regulatory|transcript	336
chr20	15854897	15855233	ENSG00000172264.19	gene|regulatory|transcript	336
chr20	45872722	45873058	ENSG00000132801.7	gene|regulatory|transcript	336
chr20	47531455	47531791	ENSG00000124151.19	gene|regulatory|transcript	336
chr20	44018270	44018606	ENSG00000124191.18	gene|regulatory|transcript	336
chr20	8151426	8151762	ENSG00000182621.19	gene|regulatory|transcript	336
chr20	61760384	61760720	ENSG00000179242.16	gene|regulatory|transcript	336
chr20	46222737	46223073	ENSG00000149654.11	gene|regulatory|transcript	336
chr20	19583825	19584161	ENSG00000185052.13	gene|regulatory|transcript	336
chr20	63542757	63543093	ENSG00000125508.4	gene|regulatory|transcript	336
chr20	42938528	42938864	ENSG00000196090.14	gene|regulatory|transcript	336
chr20	48747219	48747555	ENSG00000124126.14	gene|regulatory|transcript	336
chr20	36197311	36197647	ENSG00000088367.23	gene|regulatory|transcript	336
chr20	5825126	5825462	ENSG00000171984.15	gene|regulatory|transcript	336
chr20	32479005	32479341	ENSG00000197183.15	gene|regulatory|transcript	336
chr20	32473522	32473858	ENSG00000197183.15	gene|regulatory|transcript	336
chr20	32516873	32517209	ENSG00000197183.15|ENSG00000277301.1	gene|regulatory|transcript	336
chr20	61668215	61668551	ENSG00000179242.16	gene|regulatory|transcript	336
chr20	48794428	48794764	ENSG00000124126.14	gene|regulatory|transcript	336
chr20	3013818	3014154	ENSG00000132670.21	gene|regulatory|transcript	336
chr20	10654584	10654920	ENSG00000101384.12	gene|regulatory|transcript	336
chr20	10510209	10510545	ENSG00000149346.15	gene|regulatory|transcript	336
chr20	49674733	49675069	ENSG00000158470.5	gene|regulatory|transcript	336
chr20	32508067	32508403	ENSG00000197183.15	gene|regulatory|transcript	336
chr20	37008371	37008707	ENSG00000080839.12	gene|regulatory|transcript	336
chr20	42587490	42587826	ENSG00000196090.14	gene|regulatory|transcript	336
chr20	61480179	61480515	ENSG00000179242.16	gene|regulatory|transcript	336
chr20	33581541	33581877	ENSG00000078699.22	gene|regulatory|transcript	336
chr20	2133643	2133979	ENSG00000125834.13	gene|regulatory|transcript	336
chr20	14716333	14716669	ENSG00000172264.19	gene|regulatory|transcript	336
chr20	35326266	35326602	ENSG00000101019.22	gene|regulatory|transcript	336
chr20	35333650	35333986	ENSG00000101019.22	gene|regulatory|transcript	336
chr20	16526796	16527132	ENSG00000089177.20	gene|regulatory|transcript	336
chr20	14710968	14711304	ENSG00000172264.19	gene|regulatory|transcript	336
chr20	57678380	57678716	ENSG00000124225.16	gene|regulatory|transcript	336
chr20	35020564	35020900	ENSG00000100991.12	gene|regulatory|transcript	336
chr20	24610774	24611110	ENSG00000101463.6	gene|regulatory|transcript	336
chr20	59148709	59149045	ENSG00000124203.7	gene|regulatory|transcript	336
chr20	18033112	18033448	ENSG00000125850.11	gene|regulatory|transcript	336
chr20	41275431	41275767	ENSG00000174306.22	gene|regulatory|transcript	336
chr20	36598820	36599156	ENSG00000259399.1	gene|regulatory|transcript	336
chr20	59210239	59210575	ENSG00000124203.7	gene|regulatory|transcript	336
chr20	17972550	17972886	ENSG00000125850.11|ENSG00000125871.14	gene|regulatory|transcript	336
chr20	36574049	36574385	ENSG00000118707.11	gene|regulatory|transcript	336
chr20	44803597	44803933	ENSG00000101098.13	gene|regulatory|transcript	336
chr20	50746420	50746756	ENSG00000124171.9	gene|regulatory|transcript	336
chr20	37845544	37845879	ENSG00000132792.21	gene|regulatory|transcript	335
chr20	19497144	19497479	ENSG00000185052.13	gene|regulatory|transcript	335
chr20	32450752	32451087	ENSG00000197183.15|ENSG00000236772.1	gene|regulatory|transcript	335
chr20	32463534	32463869	ENSG00000197183.15	gene|regulatory|transcript	335
chr20	45017334	45017669	ENSG00000101109.13	gene|regulatory|transcript	335
chr20	46914993	46915328	ENSG00000064655.19	gene|regulatory|transcript	335
chr20	36394448	36394783	ENSG00000080845.19	gene|regulatory|transcript	335
chr20	19764223	19764558	ENSG00000132669.14	gene|regulatory|transcript	335
chr20	19540427	19540762	ENSG00000185052.13	gene|regulatory|transcript	335
chr20	54212257	54212592	ENSG00000101132.10	gene|regulatory|transcript	335
chr20	8778887	8779222	ENSG00000182621.19	gene|regulatory|transcript	335
chr20	47505392	47505727	ENSG00000124151.19	gene|regulatory|transcript	335
chr20	25035877	25036212	ENSG00000154930.15	gene|regulatory|transcript	335
chr20	15503855	15504190	ENSG00000172264.19	gene|regulatory|transcript	335
chr20	37398738	37399073	ENSG00000197122.13	gene|regulatory|transcript	335
chr20	4165924	4166259	ENSG00000088826.18	gene|regulatory|transcript	335
chr20	9225870	9226205	ENSG00000101333.19	gene|regulatory|transcript	335
chr20	50813838	50814173	ENSG00000124243.19	gene|regulatory|transcript	335
chr20	15976375	15976710	ENSG00000172264.19|ENSG00000286546.1	gene|regulatory|transcript	335
chr20	50646640	50646975	ENSG00000042062.13|ENSG00000234693.1	gene|regulatory|transcript	335
chr20	15561192	15561527	ENSG00000172264.19	gene|regulatory|transcript	335
chr20	62728725	62729060	ENSG00000101188.5	gene|regulatory|transcript	335
chr20	34907646	34907981	ENSG00000131069.20	gene|regulatory|transcript	335
chr20	59933974	59934309	ENSG00000196227.11	gene|regulatory|transcript	335
chr20	32378468	32378803	ENSG00000171456.22	gene|regulatory|transcript	335
chr20	41249365	41249700	ENSG00000174306.22	gene|regulatory|transcript	335
chr20	7911967	7912302	ENSG00000101323.5	gene|regulatory|transcript	335
chr20	10634242	10634577	ENSG00000149346.15	gene|regulatory|transcript	335
chr20	54044220	54044555	ENSG00000064787.14	gene|regulatory|transcript	335
chr20	19780307	19780642	ENSG00000132669.14	gene|regulatory|transcript	335
chr20	17296024	17296359	ENSG00000125851.10	gene|regulatory|transcript	335
chr20	62350045	62350380	ENSG00000130702.15	gene|regulatory|transcript	335
chr20	35463727	35464062	ENSG00000126001.17	gene|regulatory|transcript	335
chr20	47749336	47749671	ENSG00000196562.16	gene|regulatory|transcript	335
chr20	20407898	20408233	ENSG00000188559.16	gene|regulatory|transcript	335
chr20	56001317	56001652	ENSG00000054803.4	gene|regulatory|transcript	335
chr20	57402568	57402903	ENSG00000132819.17	gene|regulatory|transcript	335
chr20	36769113	36769448	ENSG00000149636.16	gene|regulatory|transcript	335
chr20	32790070	32790405	ENSG00000088305.19	gene|regulatory|transcript	335
chr20	54160465	54160800	ENSG00000019186.10	gene|regulatory|transcript	335
chr20	56442694	56443028	ENSG00000087589.17	gene|regulatory|transcript	334
chr20	1286661	1286995	ENSG00000101298.15|ENSG00000244588.6	gene|regulatory|transcript	334
chr20	9215602	9215936	ENSG00000101333.19	gene|regulatory|transcript	334
chr20	41431203	41431537	ENSG00000124177.16	gene|regulatory|transcript	334
chr20	47032910	47033244	ENSG00000064655.19	gene|regulatory|transcript	334
chr20	59124365	59124699	ENSG00000124203.7	gene|regulatory|transcript	334
chr20	41234584	41234918	ENSG00000174306.22	gene|regulatory|transcript	334
chr20	19451989	19452323	ENSG00000185052.13	gene|regulatory|transcript	334
chr20	46897304	46897638	ENSG00000064655.19	gene|regulatory|transcript	334
chr20	14445329	14445663	ENSG00000172264.19	gene|regulatory|transcript	334
chr20	48738472	48738806	ENSG00000124126.14	gene|regulatory|transcript	334
chr20	25468640	25468974	ENSG00000101004.16	gene|regulatory|transcript	334
chr20	34944196	34944530	ENSG00000100983.12	gene|regulatory|transcript	334
chr20	41233366	41233700	ENSG00000174306.22	gene|regulatory|transcript	334
chr20	45854824	45855158	ENSG00000101473.17	gene|regulatory|transcript	334
chr20	64228258	64228592	ENSG00000196132.14	gene|regulatory|transcript	334
chr20	33062282	33062616	ENSG00000186190.8	gene|regulatory|transcript	334
chr20	44955948	44956282	ENSG00000025772.8|ENSG00000101104.13	gene|regulatory|transcript	334
chr20	43138550	43138884	ENSG00000196090.14	gene|regulatory|transcript	334
chr20	49521351	49521685	ENSG00000124212.6	gene|regulatory|transcript	334
chr20	19964617	19964951	ENSG00000132669.14	gene|regulatory|transcript	334
chr20	49987014	49987348	ENSG00000124216.4	gene|regulatory|transcript	334
chr20	47665293	47665627	ENSG00000196562.16	gene|regulatory|transcript	334
chr20	16283302	16283636	ENSG00000089177.20	gene|regulatory|transcript	334
chr20	37309897	37310231	ENSG00000101363.13	gene|regulatory|transcript	334
chr20	42113007	42113341	ENSG00000196090.14	gene|regulatory|transcript	334
chr20	20199365	20199699	ENSG00000089101.19	gene|regulatory|transcript	334
chr20	59629665	59629999	ENSG00000087495.17	gene|regulatory|transcript	334
chr20	32204196	32204530	ENSG00000126003.7	gene|regulatory|transcript	334
chr20	18635401	18635735	ENSG00000125821.13|ENSG00000284776.1	gene|regulatory|transcript	334
chr20	61531989	61532323	ENSG00000179242.16	gene|regulatory|transcript	334
chr20	19850183	19850517	ENSG00000132669.14	gene|regulatory|transcript	334
chr20	58471524	58471858	ENSG00000198768.11	gene|regulatory|transcript	334
chr20	34824402	34824735	ENSG00000198646.14	gene|regulatory|transcript	333
chr20	46382089	46382422	ENSG00000062598.18|ENSG00000273828.2	gene|regulatory|transcript	333
chr20	41408392	41408725	ENSG00000124177.16	gene|regulatory|transcript	333
chr20	41405499	41405832	ENSG00000124177.16	gene|regulatory|transcript	333
chr20	14800485	14800818	ENSG00000172264.19	gene|regulatory|transcript	333
chr20	37726962	37727295	ENSG00000132792.21	gene|regulatory|transcript	333
chr20	44601743	44602076	ENSG00000168734.14|ENSG00000196839.14	gene|regulatory|transcript	333
chr20	47508249	47508582	ENSG00000124151.19	gene|regulatory|transcript	333
chr20	9238196	9238529	ENSG00000101333.19	gene|regulatory|transcript	333
chr20	25196486	25196819	ENSG00000197586.13	gene|regulatory|transcript	333
chr20	5165025	5165358	ENSG00000101290.14	gene|regulatory|transcript	333
chr20	9359633	9359966	ENSG00000101333.19	gene|regulatory|transcript	333
chr20	41507490	41507823	ENSG00000124177.16	gene|regulatory|transcript	333
chr20	63821866	63822199	ENSG00000130584.12	gene|regulatory|transcript	333
chr20	36093221	36093554	ENSG00000088367.23	gene|regulatory|transcript	333
chr20	3353678	3354011	ENSG00000088854.13	gene|regulatory|transcript	333
chr20	37990882	37991215	ENSG00000101407.13	gene|regulatory|transcript	333
chr20	46207124	46207457	ENSG00000149654.11	gene|regulatory|transcript	333
chr20	32541718	32542051	ENSG00000197183.15	gene|regulatory|transcript	333
chr20	8330982	8331315	ENSG00000182621.19	gene|regulatory|transcript	333
chr20	19928407	19928740	ENSG00000132669.14	gene|regulatory|transcript	333
chr20	14477115	14477448	ENSG00000172264.19	gene|regulatory|transcript	333
chr20	61886764	61887097	ENSG00000179242.16	gene|regulatory|transcript	333
chr20	20204327	20204660	ENSG00000089101.19	gene|regulatory|transcript	333
chr20	20206892	20207225	ENSG00000089101.19	gene|regulatory|transcript	333
chr20	64064403	64064736	ENSG00000171703.17	gene|regulatory|transcript	333
chr20	10433644	10433977	ENSG00000125863.20|ENSG00000285508.2|ENSG00000285723.2	gene|regulatory|transcript	333
chr20	14696990	14697323	ENSG00000172264.19	gene|regulatory|transcript	333
chr20	49818846	49819179	ENSG00000197818.12	gene|regulatory|transcript	333
chr20	10469605	10469938	ENSG00000149346.15	gene|regulatory|transcript	333
chr20	16392378	16392711	ENSG00000089177.20	gene|regulatory|transcript	333
chr20	2859384	2859717	ENSG00000215305.10	gene|regulatory|transcript	333
chr20	61377638	61377971	ENSG00000179242.16	gene|regulatory|transcript	333
chr20	2754333	2754666	ENSG00000088881.22	gene|regulatory|transcript	333
chr20	38164060	38164393	ENSG00000198959.12	gene|regulatory|transcript	333
chr20	42639068	42639401	ENSG00000196090.14	gene|regulatory|transcript	333
chr20	53957497	53957830	ENSG00000064787.14	gene|regulatory|transcript	333
chr20	38827824	38828157	ENSG00000101445.10	gene|regulatory|transcript	333
chr20	7887339	7887672	ENSG00000101323.5	gene|regulatory|transcript	333
chr20	53335584	53335917	ENSG00000182463.17|ENSG00000271774.1	gene|regulatory|transcript	333
chr20	19254467	19254800	ENSG00000179447.2|ENSG00000185052.13	gene|regulatory|transcript	333
chr20	3237050	3237383	ENSG00000088836.14	gene|regulatory|transcript	333
chr20	13625470	13625803	ENSG00000089123.16	gene|regulatory|transcript	333
chr20	49161454	49161787	ENSG00000124214.21	gene|regulatory|transcript	333
chr20	34736173	34736506	ENSG00000198646.14	gene|regulatory|transcript	333
chr20	45952875	45953208	ENSG00000198026.8	gene|regulatory|transcript	333
chr20	61316453	61316785	ENSG00000179242.16	gene|regulatory|transcript	332
chr20	51667057	51667389	ENSG00000054793.14	gene|regulatory|transcript	332
chr20	25020899	25021231	ENSG00000154930.15	gene|regulatory|transcript	332
chr20	62406054	62406386	ENSG00000149679.12	gene|regulatory|transcript	332
chr20	34512499	34512831	ENSG00000289720.1	gene|regulatory|transcript	332
chr20	64051628	64051960	ENSG00000171703.17	gene|regulatory|transcript	332
chr20	64050678	64051010	ENSG00000171703.17	gene|regulatory|transcript	332
chr20	38770628	38770960	ENSG00000101442.10	gene|regulatory|transcript	332
chr20	21234802	21235134	ENSG00000088970.16	gene|regulatory|transcript	332
chr20	8583654	8583986	ENSG00000182621.19	gene|regulatory|transcript	332
chr20	2743026	2743358	ENSG00000088881.22	gene|regulatory|transcript	332
chr20	973853	974185	ENSG00000101282.9	gene|regulatory|transcript	332
chr20	8602782	8603114	ENSG00000182621.19	gene|regulatory|transcript	332
chr20	62652500	62652832	ENSG00000101187.16	gene|regulatory|transcript	332
chr20	10475234	10475566	ENSG00000149346.15	gene|regulatory|transcript	332
chr20	4876244	4876576	ENSG00000089057.15	gene|regulatory|transcript	332
chr20	47067008	47067340	ENSG00000064655.19	gene|regulatory|transcript	332
chr20	61353237	61353569	ENSG00000179242.16	gene|regulatory|transcript	332
chr20	3192649	3192981	ENSG00000198171.13	gene|regulatory|transcript	332
chr20	54025158	54025490	ENSG00000064787.14	gene|regulatory|transcript	332
chr20	48717006	48717338	ENSG00000124126.14	gene|regulatory|transcript	332
chr20	2289846	2290178	ENSG00000286022.1	gene|regulatory|transcript	332
chr20	45011240	45011572	ENSG00000101109.13	gene|regulatory|transcript	332
chr20	5135425	5135757	ENSG00000101290.14	gene|regulatory|transcript	332
chr20	38252781	38253113	ENSG00000149633.12	gene|regulatory|transcript	332
chr20	5119958	5120290	ENSG00000132646.11	gene|regulatory|transcript	332
chr20	61425642	61425974	ENSG00000179242.16	gene|regulatory|transcript	332
chr20	46305624	46305956	ENSG00000149654.11	gene|regulatory|transcript	332
chr20	36854406	36854738	ENSG00000149639.15	gene|regulatory|transcript	332
chr20	58511394	58511726	ENSG00000198768.11	gene|regulatory|transcript	332
chr20	58420752	58421084	ENSG00000124164.16	gene|regulatory|transcript	332
chr20	54212924	54213256	ENSG00000101132.10	gene|regulatory|transcript	332
chr20	2255986	2256318	ENSG00000286022.1	gene|regulatory|transcript	332
chr20	49677007	49677339	ENSG00000158470.5	gene|regulatory|transcript	332
chr20	58338928	58339260	ENSG00000124209.4	gene|regulatory|transcript	332
chr20	38221096	38221428	ENSG00000149633.12	gene|regulatory|transcript	332
chr20	36819704	36820036	ENSG00000149639.15	gene|regulatory|transcript	332
chr20	18750667	18750999	ENSG00000125821.13	gene|regulatory|transcript	332
chr20	10653068	10653400	ENSG00000101384.12	gene|regulatory|transcript	332
chr20	61682645	61682977	ENSG00000179242.16	gene|regulatory|transcript	332
chr20	36097831	36098163	ENSG00000088367.23	gene|regulatory|transcript	332
chr20	44175408	44175740	ENSG00000149596.7	gene|regulatory|transcript	332
chr20	61256934	61257266	ENSG00000179242.16	gene|regulatory|transcript	332
chr20	9989375	9989706	ENSG00000132623.16|ENSG00000243961.2	gene|regulatory|transcript	331
chr20	41457464	41457795	ENSG00000124177.16	gene|regulatory|transcript	331
chr20	47612779	47613110	ENSG00000124151.19	gene|regulatory|transcript	331
chr20	59819671	59820002	ENSG00000087495.17	gene|regulatory|transcript	331
chr20	25293569	25293900	ENSG00000100994.12	gene|regulatory|transcript	331
chr20	62823642	62823973	ENSG00000092758.18	gene|regulatory|transcript	331
chr20	4808860	4809191	ENSG00000101265.16	gene|regulatory|transcript	331
chr20	63949440	63949771	ENSG00000198276.16	gene|regulatory|transcript	331
chr20	486009	486340	ENSG00000101266.19	gene|regulatory|transcript	331
chr20	45340423	45340754	ENSG00000124145.6	gene|regulatory|transcript	331
chr20	46197526	46197857	ENSG00000149654.11	gene|regulatory|transcript	331
chr20	14561722	14562053	ENSG00000172264.19|ENSG00000227927.2	gene|regulatory|transcript	331
chr20	17651826	17652157	ENSG00000125844.17	gene|regulatory|transcript	331
chr20	14089150	14089481	ENSG00000172264.19	gene|regulatory|transcript	331
chr20	42260235	42260566	ENSG00000196090.14	gene|regulatory|transcript	331
chr20	61624311	61624642	ENSG00000179242.16	gene|regulatory|transcript	331
chr20	35506873	35507204	ENSG00000126001.17	gene|regulatory|transcript	331
chr20	16423841	16424172	ENSG00000089177.20	gene|regulatory|transcript	331
chr20	13723084	13723415	ENSG00000089048.15	gene|regulatory|transcript	331
chr20	20492544	20492875	ENSG00000188559.16	gene|regulatory|transcript	331
chr20	17626655	17626986	ENSG00000125844.17	gene|regulatory|transcript	331
chr20	37823287	37823618	ENSG00000132792.21	gene|regulatory|transcript	331
chr20	59660516	59660847	ENSG00000087495.17	gene|regulatory|transcript	331
chr20	18645242	18645573	ENSG00000125821.13|ENSG00000284776.1	gene|regulatory|transcript	331
chr20	10670954	10671285	ENSG00000101384.12	gene|regulatory|transcript	331
chr20	59677600	59677931	ENSG00000087495.17	gene|regulatory|transcript	331
chr20	61803855	61804186	ENSG00000179242.16	gene|regulatory|transcript	331
chr20	19823943	19824274	ENSG00000132669.14	gene|regulatory|transcript	331
chr20	14332869	14333200	ENSG00000125848.10|ENSG00000172264.19	gene|regulatory|transcript	331
chr20	36259582	36259913	ENSG00000131043.13	gene|regulatory|transcript	331
chr20	19259277	19259608	ENSG00000179447.2|ENSG00000185052.13	gene|regulatory|transcript	331
chr20	19285529	19285860	ENSG00000185052.13	gene|regulatory|transcript	331
chr20	19291546	19291877	ENSG00000185052.13	gene|regulatory|transcript	331
chr20	36162582	36162913	ENSG00000088367.23	gene|regulatory|transcript	331
chr20	9156917	9157248	ENSG00000101333.19	gene|regulatory|transcript	331
chr20	44206248	44206579	ENSG00000132823.11	gene|regulatory|transcript	331
chr20	25199078	25199409	ENSG00000197586.13	gene|regulatory|transcript	331
chr20	9121201	9121532	ENSG00000101333.19	gene|regulatory|transcript	331
chr20	15676432	15676763	ENSG00000172264.19	gene|regulatory|transcript	331
chr20	51750767	51751098	ENSG00000054793.14	gene|regulatory|transcript	331
chr20	59846115	59846445	ENSG00000087495.17	gene|regulatory|transcript	330
chr20	15603542	15603872	ENSG00000172264.19	gene|regulatory|transcript	330
chr20	38519491	38519821	ENSG00000170471.15	gene|regulatory|transcript	330
chr20	37700398	37700728	ENSG00000132792.21	gene|regulatory|transcript	330
chr20	59992579	59992909	ENSG00000124215.17	gene|regulatory|transcript	330
chr20	32675723	32676053	ENSG00000285382.1	gene|regulatory|transcript	330
chr20	38110018	38110348	ENSG00000101413.12	gene|regulatory|transcript	330
chr20	20694575	20694905	ENSG00000188559.16	gene|regulatory|transcript	330
chr20	46118999	46119329	ENSG00000101017.15	gene|regulatory|transcript	330
chr20	47721026	47721356	ENSG00000196562.16	gene|regulatory|transcript	330
chr20	20449360	20449690	ENSG00000188559.16	gene|regulatory|transcript	330
chr20	33431796	33432126	ENSG00000101400.6	gene|regulatory|transcript	330
chr20	20229683	20230013	ENSG00000089101.19	gene|regulatory|transcript	330
chr20	20211475	20211805	ENSG00000089101.19	gene|regulatory|transcript	330
chr20	34368498	34368828	ENSG00000078747.17|ENSG00000289720.1	gene|regulatory|transcript	330
chr20	48799748	48800078	ENSG00000124126.14	gene|regulatory|transcript	330
chr20	13788239	13788569	ENSG00000101247.18	gene|regulatory|transcript	330
chr20	17700071	17700401	ENSG00000125888.15	gene|regulatory|transcript	330
chr20	49678457	49678787	ENSG00000158470.5	gene|regulatory|transcript	330
chr20	42261762	42262092	ENSG00000196090.14	gene|regulatory|transcript	330
chr20	35901945	35902275	ENSG00000025293.17	gene|regulatory|transcript	330
chr20	771877	772207	ENSG00000101276.18	gene|regulatory|transcript	330
chr20	38827165	38827495	ENSG00000101445.10	gene|regulatory|transcript	330
chr20	19849456	19849786	ENSG00000132669.14	gene|regulatory|transcript	330
chr20	42565246	42565576	ENSG00000196090.14	gene|regulatory|transcript	330
chr20	62364410	62364740	ENSG00000130702.15	gene|regulatory|transcript	330
chr20	32207143	32207473	ENSG00000126003.7	gene|regulatory|transcript	330
chr20	51426952	51427282	ENSG00000101096.20	gene|regulatory|transcript	330
chr20	1898075	1898405	ENSG00000198053.12	gene|regulatory|transcript	330
chr20	53960896	53961226	ENSG00000064787.14	gene|regulatory|transcript	330
chr20	59706570	59706900	ENSG00000087495.17	gene|regulatory|transcript	330
chr20	62353941	62354271	ENSG00000130702.15|ENSG00000228812.9	gene|regulatory|transcript	330
chr20	19519498	19519828	ENSG00000185052.13	gene|regulatory|transcript	330
chr20	46218636	46218966	ENSG00000149654.11	gene|regulatory|transcript	330
chr20	19509972	19510302	ENSG00000185052.13	gene|regulatory|transcript	330
chr20	33832057	33832387	ENSG00000101421.4	gene|regulatory|transcript	330
chr20	61566705	61567035	ENSG00000179242.16	gene|regulatory|transcript	330
chr20	390358	390688	ENSG00000101255.12	gene|regulatory|transcript	330
chr20	51761111	51761441	ENSG00000054793.14	gene|regulatory|transcript	330
chr20	51750184	51750514	ENSG00000054793.14	gene|regulatory|transcript	330
chr20	38633641	38633970	ENSG00000124143.11	gene|regulatory|transcript	329
chr20	61560382	61560711	ENSG00000179242.16	gene|regulatory|transcript	329
chr20	4875653	4875982	ENSG00000089057.15	gene|regulatory|transcript	329
chr20	63828533	63828862	ENSG00000130584.12	gene|regulatory|transcript	329
chr20	57220282	57220611	ENSG00000101144.13	gene|regulatory|transcript	329
chr20	51020716	51021045	ENSG00000026559.14	gene|regulatory|transcript	329
chr20	43694708	43695037	ENSG00000101057.16	gene|regulatory|transcript	329
chr20	14288962	14289291	ENSG00000172264.19	gene|regulatory|transcript	329
chr20	61406845	61407174	ENSG00000179242.16	gene|regulatory|transcript	329
chr20	10573603	10573932	ENSG00000149346.15	gene|regulatory|transcript	329
chr20	33826458	33826787	ENSG00000101421.4	gene|regulatory|transcript	329
chr20	53364694	53365023	ENSG00000182463.17|ENSG00000271774.1	gene|regulatory|transcript	329
chr20	605972	606301	ENSG00000125878.7	gene|regulatory|transcript	329
chr20	31751156	31751485	ENSG00000088325.16	gene|regulatory|transcript	329
chr20	34040264	34040593	ENSG00000125970.12	gene|regulatory|transcript	329
chr20	36101231	36101560	ENSG00000088367.23	gene|regulatory|transcript	329
chr20	13396018	13396347	ENSG00000089123.16	gene|regulatory|transcript	329
chr20	53088794	53089123	ENSG00000182463.17	gene|regulatory|transcript	329
chr20	51542014	51542343	ENSG00000101096.20	gene|regulatory|transcript	329
chr20	49394304	49394633	ENSG00000158445.10|ENSG00000290421.1	gene|regulatory|transcript	329
chr20	32052746	32053075	ENSG00000101336.18	gene|regulatory|transcript	329
chr20	41409083	41409412	ENSG00000124177.16	gene|regulatory|transcript	329
chr20	52189998	52190327	ENSG00000020256.20	gene|regulatory|transcript	329
chr20	50576257	50576586	ENSG00000196396.10|ENSG00000232043.1	gene|regulatory|transcript	329
chr20	37233523	37233852	ENSG00000118705.18	gene|regulatory|transcript	329
chr20	15278079	15278408	ENSG00000172264.19	gene|regulatory|transcript	329
chr20	61286325	61286654	ENSG00000179242.16	gene|regulatory|transcript	329
chr20	14921102	14921431	ENSG00000172264.19|ENSG00000235914.2	gene|regulatory|transcript	329
chr20	3919410	3919739	ENSG00000125779.24	gene|regulatory|transcript	329
chr20	16356625	16356954	ENSG00000089177.20	gene|regulatory|transcript	329
chr20	49853676	49854005	ENSG00000197818.12	gene|regulatory|transcript	329
chr20	53194281	53194610	ENSG00000182463.17	gene|regulatory|transcript	329
chr20	37803923	37804252	ENSG00000132792.21	gene|regulatory|transcript	329
chr20	62956221	62956550	ENSG00000101194.18	gene|regulatory|transcript	329
chr20	32582659	32582988	ENSG00000197183.15|ENSG00000228156.1	gene|regulatory|transcript	329
chr20	5073198	5073527	ENSG00000089063.15	gene|regulatory|transcript	329
chr20	61599002	61599331	ENSG00000179242.16	gene|regulatory|transcript	329
chr20	38560602	38560931	ENSG00000170471.15	gene|regulatory|transcript	329
chr20	38607369	38607698	ENSG00000124143.11|ENSG00000289012.1	gene|regulatory|transcript	329
chr20	41525226	41525554	ENSG00000124177.16	gene|regulatory|transcript	328
chr20	59147632	59147960	ENSG00000124203.7	gene|regulatory|transcript	328
chr20	3595662	3595990	ENSG00000088812.18	gene|regulatory|transcript	328
chr20	17965688	17966016	ENSG00000089006.17|ENSG00000125850.11	gene|regulatory|transcript	328
chr20	35319201	35319529	ENSG00000101019.22	gene|regulatory|transcript	328
chr20	50569864	50570192	ENSG00000196396.10	gene|regulatory|transcript	328
chr20	38840089	38840417	ENSG00000101445.10	gene|regulatory|transcript	328
chr20	47599744	47600072	ENSG00000124151.19	gene|regulatory|transcript	328
chr20	52061069	52061397	ENSG00000020256.20	gene|regulatory|transcript	328
chr20	62925913	62926241	ENSG00000101191.17	gene|regulatory|transcript	328
chr20	5592243	5592571	ENSG00000125772.14	gene|regulatory|transcript	328
chr20	2386692	2387020	ENSG00000166948.10	gene|regulatory|transcript	328
chr20	33852710	33853038	ENSG00000101421.4	gene|regulatory|transcript	328
chr20	62411831	62412159	ENSG00000130701.4	gene|regulatory|transcript	328
chr20	48722873	48723201	ENSG00000124126.14	gene|regulatory|transcript	328
chr20	59240079	59240407	ENSG00000124203.7	gene|regulatory|transcript	328
chr20	3995374	3995702	ENSG00000101236.17	gene|regulatory|transcript	328
chr20	17318599	17318927	ENSG00000125851.10	gene|regulatory|transcript	328
chr20	44747514	44747842	ENSG00000124249.7	gene|regulatory|transcript	328
chr20	34025968	34026296	ENSG00000125970.12	gene|regulatory|transcript	328
chr20	63785733	63786061	ENSG00000130584.12	gene|regulatory|transcript	328
chr20	51417802	51418130	ENSG00000101096.20	gene|regulatory|transcript	328
chr20	61331474	61331802	ENSG00000179242.16	gene|regulatory|transcript	328
chr20	57247603	57247931	ENSG00000101144.13	gene|regulatory|transcript	328
chr20	1909146	1909474	ENSG00000198053.12	gene|regulatory|transcript	328
chr20	13423905	13424232	ENSG00000089123.16	gene|regulatory|transcript	327
chr20	61430338	61430665	ENSG00000179242.16	gene|regulatory|transcript	327
chr20	46188934	46189261	ENSG00000149654.11	gene|regulatory|transcript	327
chr20	10240651	10240978	ENSG00000132639.15|ENSG00000227906.10	gene|regulatory|transcript	327
chr20	20711417	20711744	ENSG00000188559.16	gene|regulatory|transcript	327
chr20	17327448	17327775	ENSG00000125851.10	gene|regulatory|transcript	327
chr20	36094498	36094825	ENSG00000088367.23	gene|regulatory|transcript	327
chr20	19985079	19985406	ENSG00000132669.14	gene|regulatory|transcript	327
chr20	37238494	37238821	ENSG00000118705.18	gene|regulatory|transcript	327
chr20	32777654	32777981	ENSG00000088305.19	gene|regulatory|transcript	327
chr20	24472494	24472821	ENSG00000101463.6	gene|regulatory|transcript	327
chr20	32697612	32697939	ENSG00000285382.1	gene|regulatory|transcript	327
chr20	19423438	19423765	ENSG00000185052.13	gene|regulatory|transcript	327
chr20	51487941	51488268	ENSG00000101096.20	gene|regulatory|transcript	327
chr20	19275296	19275623	ENSG00000179447.2|ENSG00000185052.13	gene|regulatory|transcript	327
chr20	33789649	33789976	ENSG00000131061.15|ENSG00000230753.6	gene|regulatory|transcript	327
chr20	51692827	51693154	ENSG00000054793.14	gene|regulatory|transcript	327
chr20	3168771	3169098	ENSG00000088899.16	gene|regulatory|transcript	327
chr20	17657100	17657427	ENSG00000125844.17	gene|regulatory|transcript	327
chr20	34222222	34222549	ENSG00000101440.10	gene|regulatory|transcript	327
chr20	54549796	54550123	ENSG00000101134.12	gene|regulatory|transcript	327
chr20	56400067	56400394	ENSG00000101138.12	gene|regulatory|transcript	327
chr20	50661611	50661938	ENSG00000042062.13|ENSG00000234693.1	gene|regulatory|transcript	327
chr20	63469643	63469970	ENSG00000075043.21	gene|regulatory|transcript	327
chr20	48709768	48710095	ENSG00000124126.14	gene|regulatory|transcript	327
chr20	4919381	4919708	ENSG00000089057.15	gene|regulatory|transcript	327
chr20	4149453	4149780	ENSG00000088826.18	gene|regulatory|transcript	327
chr20	8168833	8169160	ENSG00000182621.19	gene|regulatory|transcript	327
chr20	19990677	19991003	ENSG00000132669.14	gene|regulatory|transcript	326
chr20	36575484	36575810	ENSG00000118707.11|ENSG00000259399.1	gene|regulatory|transcript	326
chr20	15774494	15774820	ENSG00000172264.19	gene|regulatory|transcript	326
chr20	43681457	43681783	ENSG00000101057.16	gene|regulatory|transcript	326
chr20	42594690	42595016	ENSG00000196090.14	gene|regulatory|transcript	326
chr20	58313372	58313698	ENSG00000124209.4	gene|regulatory|transcript	326
chr20	36856243	36856569	ENSG00000149639.15	gene|regulatory|transcript	326
chr20	45341943	45342269	ENSG00000124145.6	gene|regulatory|transcript	326
chr20	63601723	63602049	ENSG00000101216.11	gene|regulatory|transcript	326
chr20	61262078	61262404	ENSG00000179242.16	gene|regulatory|transcript	326
chr20	50850829	50851155	ENSG00000124243.19	gene|regulatory|transcript	326
chr20	62900789	62901115	ENSG00000101191.17	gene|regulatory|transcript	326
chr20	45069357	45069683	ENSG00000101109.13	gene|regulatory|transcript	326
chr20	61705558	61705884	ENSG00000179242.16	gene|regulatory|transcript	326
chr20	24493969	24494295	ENSG00000101463.6|ENSG00000228539.1	gene|regulatory|transcript	326
chr20	2747876	2748202	ENSG00000088881.22	gene|regulatory|transcript	326
chr20	62273427	62273753	ENSG00000130703.17	gene|regulatory|transcript	326
chr20	59214144	59214470	ENSG00000124203.7	gene|regulatory|transcript	326
chr20	37769860	37770186	ENSG00000132792.21	gene|regulatory|transcript	326
chr20	14950696	14951022	ENSG00000172264.19	gene|regulatory|transcript	326
chr20	3306642	3306968	ENSG00000088854.13	gene|regulatory|transcript	326
chr20	25053715	25054041	ENSG00000154930.15	gene|regulatory|transcript	326
chr20	61555619	61555945	ENSG00000179242.16	gene|regulatory|transcript	326
chr20	53601096	53601422	ENSG00000171940.14	gene|regulatory|transcript	326
chr20	53592510	53592836	ENSG00000171940.14	gene|regulatory|transcript	326
chr20	61460698	61461024	ENSG00000179242.16	gene|regulatory|transcript	326
chr20	58875560	58875886	ENSG00000087460.29|ENSG00000225806.8	gene|regulatory|transcript	326
chr20	18669619	18669945	ENSG00000125821.13|ENSG00000284776.1	gene|regulatory|transcript	326
chr20	34037838	34038164	ENSG00000125970.12	gene|regulatory|transcript	326
chr20	61501524	61501850	ENSG00000179242.16	gene|regulatory|transcript	326
chr20	5003622	5003948	ENSG00000089057.15	gene|regulatory|transcript	326
chr20	53090515	53090841	ENSG00000182463.17	gene|regulatory|transcript	326
chr20	48957304	48957630	ENSG00000124198.10	gene|regulatory|transcript	326
chr20	63546669	63546995	ENSG00000125508.4	gene|regulatory|transcript	326
chr20	21232927	21233253	ENSG00000088970.16	gene|regulatory|transcript	326
chr20	42192340	42192666	ENSG00000196090.14	gene|regulatory|transcript	326
chr20	16563111	16563437	ENSG00000089177.20	gene|regulatory|transcript	326
chr20	50915182	50915508	ENSG00000101126.18	gene|regulatory|transcript	326
chr20	59137553	59137879	ENSG00000124203.7	gene|regulatory|transcript	326
chr20	36542004	36542330	ENSG00000101335.10|ENSG00000232907.9	gene|regulatory|transcript	326
chr20	17662290	17662616	ENSG00000125844.17	gene|regulatory|transcript	326
chr20	41268375	41268701	ENSG00000174306.22	gene|regulatory|transcript	326
chr20	17725151	17725476	ENSG00000125888.15	gene|regulatory|transcript	325
chr20	57265206	57265531	ENSG00000101144.13	gene|regulatory|transcript	325
chr20	1449414	1449739	ENSG00000088833.18	gene|regulatory|transcript	325
chr20	62159364	62159689	ENSG00000184402.15	gene|regulatory|transcript	325
chr20	9113157	9113482	ENSG00000101333.19	gene|regulatory|transcript	325
chr20	15546544	15546869	ENSG00000172264.19	gene|regulatory|transcript	325
chr20	38120275	38120600	ENSG00000101413.12	gene|regulatory|transcript	325
chr20	17281543	17281868	ENSG00000125851.10	gene|regulatory|transcript	325
chr20	4153877	4154202	ENSG00000088826.18	gene|regulatory|transcript	325
chr20	61723937	61724262	ENSG00000179242.16	gene|regulatory|transcript	325
chr20	61525327	61525652	ENSG00000179242.16	gene|regulatory|transcript	325
chr20	24657915	24658240	ENSG00000101463.6	gene|regulatory|transcript	325
chr20	19449086	19449411	ENSG00000185052.13	gene|regulatory|transcript	325
chr20	44580647	44580972	ENSG00000168734.14	gene|regulatory|transcript	325
chr20	15840679	15841004	ENSG00000172264.19	gene|regulatory|transcript	325
chr20	8757252	8757577	ENSG00000182621.19	gene|regulatory|transcript	325
chr20	3847082	3847407	ENSG00000088888.18	gene|regulatory|transcript	325
chr20	14657306	14657631	ENSG00000172264.19	gene|regulatory|transcript	325
chr20	20271319	20271644	ENSG00000089101.19	gene|regulatory|transcript	325
chr20	63795127	63795452	ENSG00000130584.12	gene|regulatory|transcript	325
chr20	20073976	20074301	ENSG00000089101.19	gene|regulatory|transcript	325
chr20	2485737	2486062	ENSG00000088876.13|ENSG00000256566.1	gene|regulatory|transcript	325
chr20	61371519	61371844	ENSG00000179242.16	gene|regulatory|transcript	325
chr20	36248953	36249278	ENSG00000131043.13	gene|regulatory|transcript	325
chr20	62659525	62659850	ENSG00000101187.16	gene|regulatory|transcript	325
chr20	62123612	62123937	ENSG00000149657.20	gene|regulatory|transcript	325
chr20	8646742	8647067	ENSG00000182621.19	gene|regulatory|transcript	325
chr20	14825661	14825986	ENSG00000172264.19	gene|regulatory|transcript	325
chr20	1390574	1390899	ENSG00000088832.18|ENSG00000274322.1	gene|regulatory|transcript	325
chr20	61456693	61457018	ENSG00000179242.16	gene|regulatory|transcript	325
chr20	49397579	49397904	ENSG00000158445.10|ENSG00000290421.1	gene|regulatory|transcript	325
chr20	34437606	34437930	ENSG00000078747.17|ENSG00000289720.1	gene|regulatory|transcript	324
chr20	14956103	14956427	ENSG00000172264.19	gene|regulatory|transcript	324
chr20	25477221	25477545	ENSG00000101004.16	gene|regulatory|transcript	324
chr20	64203087	64203411	ENSG00000196132.14	gene|regulatory|transcript	324
chr20	43948454	43948778	ENSG00000124191.18	gene|regulatory|transcript	324
chr20	25486414	25486738	ENSG00000101004.16	gene|regulatory|transcript	324
chr20	45810213	45810537	ENSG00000101457.13	gene|regulatory|transcript	324
chr20	56360851	56361175	ENSG00000124098.10	gene|regulatory|transcript	324
chr20	61381205	61381529	ENSG00000179242.16	gene|regulatory|transcript	324
chr20	35329562	35329886	ENSG00000101019.22	gene|regulatory|transcript	324
chr20	53069017	53069341	ENSG00000182463.17	gene|regulatory|transcript	324
chr20	34050256	34050580	ENSG00000125970.12	gene|regulatory|transcript	324
chr20	13877835	13878159	ENSG00000101251.13	gene|regulatory|transcript	324
chr20	20398151	20398475	ENSG00000188559.16	gene|regulatory|transcript	324
chr20	20499527	20499851	ENSG00000188559.16	gene|regulatory|transcript	324
chr20	42544987	42545311	ENSG00000196090.14	gene|regulatory|transcript	324
chr20	8275624	8275948	ENSG00000182621.19	gene|regulatory|transcript	324
chr20	31704561	31704885	ENSG00000171552.14|ENSG00000236559.1	gene|regulatory|transcript	324
chr20	18416499	18416823	ENSG00000089091.17	gene|regulatory|transcript	324
chr20	32495180	32495504	ENSG00000197183.15	gene|regulatory|transcript	324
chr20	36861541	36861865	ENSG00000149639.15	gene|regulatory|transcript	324
chr20	63594022	63594346	ENSG00000101216.11	gene|regulatory|transcript	324
chr20	42274997	42275321	ENSG00000196090.14	gene|regulatory|transcript	324
chr20	17242632	17242956	ENSG00000125851.10	gene|regulatory|transcript	324
chr20	15709038	15709362	ENSG00000172264.19	gene|regulatory|transcript	324
chr20	57222554	57222878	ENSG00000101144.13	gene|regulatory|transcript	324
chr20	34750552	34750876	ENSG00000198646.14|ENSG00000286803.1	gene|regulatory|transcript	324
chr20	1896443	1896767	ENSG00000198053.12	gene|regulatory|transcript	324
chr20	64160176	64160500	ENSG00000196132.14	gene|regulatory|transcript	324
chr20	58423553	58423877	ENSG00000124164.16	gene|regulatory|transcript	324
chr20	17644998	17645322	ENSG00000125844.17	gene|regulatory|transcript	324
chr20	64056478	64056802	ENSG00000171703.17	gene|regulatory|transcript	324
chr20	38646187	38646511	ENSG00000124143.11	gene|regulatory|transcript	324
chr20	24951651	24951975	ENSG00000077984.6	gene|regulatory|transcript	324
chr20	32018353	32018677	ENSG00000101331.17|ENSG00000226239.2	gene|regulatory|transcript	324
chr20	856424	856748	ENSG00000125898.13	gene|regulatory|transcript	324
chr20	49169907	49170231	ENSG00000124214.21	gene|regulatory|transcript	324
chr20	58471182	58471505	ENSG00000198768.11	gene|regulatory|transcript	323
chr20	53296417	53296740	ENSG00000182463.17|ENSG00000271774.1	gene|regulatory|transcript	323
chr20	8215517	8215840	ENSG00000182621.19	gene|regulatory|transcript	323
chr20	2932550	2932873	ENSG00000132670.21	gene|regulatory|transcript	323
chr20	61461554	61461877	ENSG00000179242.16	gene|regulatory|transcript	323
chr20	59678293	59678616	ENSG00000087495.17	gene|regulatory|transcript	323
chr20	34580288	34580611	ENSG00000101464.11	gene|regulatory|transcript	323
chr20	57250680	57251003	ENSG00000101144.13	gene|regulatory|transcript	323
chr20	9331750	9332073	ENSG00000101333.19	gene|regulatory|transcript	323
chr20	53949316	53949639	ENSG00000064787.14	gene|regulatory|transcript	323
chr20	7994312	7994635	ENSG00000125827.9	gene|regulatory|transcript	323
chr20	38875101	38875424	ENSG00000101445.10	gene|regulatory|transcript	323
chr20	45342329	45342652	ENSG00000124145.6	gene|regulatory|transcript	323
chr20	46642632	46642955	ENSG00000158296.14	gene|regulatory|transcript	323
chr20	5838908	5839231	ENSG00000171984.15	gene|regulatory|transcript	323
chr20	20216101	20216424	ENSG00000089101.19	gene|regulatory|transcript	323
chr20	49695828	49696151	ENSG00000158470.5	gene|regulatory|transcript	323
chr20	1376018	1376341	ENSG00000088832.18|ENSG00000234684.8|ENSG00000274322.1	gene|regulatory|transcript	323
chr20	31555283	31555606	ENSG00000101294.19	gene|regulatory|transcript	323
chr20	31475504	31475827	ENSG00000088320.4|ENSG00000180383.4	gene|regulatory|transcript	323
chr20	3193779	3194102	ENSG00000198171.13	gene|regulatory|transcript	323
chr20	46077994	46078317	ENSG00000124160.12	gene|regulatory|transcript	323
chr20	23636412	23636735	ENSG00000101439.9	gene|regulatory|transcript	323
chr20	59983070	59983393	ENSG00000124215.17	gene|regulatory|transcript	323
chr20	43939330	43939653	ENSG00000124191.18	gene|regulatory|transcript	323
chr20	8860225	8860548	ENSG00000182621.19	gene|regulatory|transcript	323
chr20	24977838	24978161	ENSG00000101474.12	gene|regulatory|transcript	323
chr20	54165960	54166282	ENSG00000019186.10	gene|regulatory|transcript	322
chr20	47020301	47020623	ENSG00000064655.19	gene|regulatory|transcript	322
chr20	9627273	9627595	ENSG00000101349.17	gene|regulatory|transcript	322
chr20	32481501	32481823	ENSG00000197183.15	gene|regulatory|transcript	322
chr20	62860308	62860630	ENSG00000101190.13	gene|regulatory|transcript	322
chr20	61831080	61831402	ENSG00000179242.16	gene|regulatory|transcript	322
chr20	36876286	36876608	ENSG00000101342.10	gene|regulatory|transcript	322
chr20	63826786	63827108	ENSG00000130584.12	gene|regulatory|transcript	322
chr20	38064159	38064481	ENSG00000101413.12	gene|regulatory|transcript	322
chr20	47315289	47315611	ENSG00000101040.20	gene|regulatory|transcript	322
chr20	16357465	16357787	ENSG00000089177.20	gene|regulatory|transcript	322
chr20	16459343	16459665	ENSG00000089177.20	gene|regulatory|transcript	322
chr20	62395597	62395919	ENSG00000149679.12	gene|regulatory|transcript	322
chr20	48949366	48949688	ENSG00000124198.10	gene|regulatory|transcript	322
chr20	4898293	4898615	ENSG00000089057.15	gene|regulatory|transcript	322
chr20	37845219	37845541	ENSG00000132792.21	gene|regulatory|transcript	322
chr20	13264983	13265305	ENSG00000101230.6	gene|regulatory|transcript	322
chr20	2103485	2103807	ENSG00000125834.13	gene|regulatory|transcript	322
chr20	19511975	19512297	ENSG00000185052.13	gene|regulatory|transcript	322
chr20	49871452	49871774	ENSG00000197818.12	gene|regulatory|transcript	322
chr20	19813902	19814224	ENSG00000132669.14	gene|regulatory|transcript	322
chr20	63752861	63753183	ENSG00000130584.12	gene|regulatory|transcript	322
chr20	51400421	51400743	ENSG00000101096.20	gene|regulatory|transcript	322
chr20	38113466	38113788	ENSG00000101413.12	gene|regulatory|transcript	322
chr20	10652722	10653044	ENSG00000101384.12	gene|regulatory|transcript	322
chr20	63942726	63943047	ENSG00000198276.16	gene|regulatory|transcript	321
chr20	64238289	64238610	ENSG00000196132.14	gene|regulatory|transcript	321
chr20	49708948	49709269	ENSG00000158470.5	gene|regulatory|transcript	321
chr20	57404722	57405043	ENSG00000132819.17	gene|regulatory|transcript	321
chr20	61538967	61539288	ENSG00000179242.16	gene|regulatory|transcript	321
chr20	46897655	46897976	ENSG00000064655.19	gene|regulatory|transcript	321
chr20	36122357	36122678	ENSG00000088367.23	gene|regulatory|transcript	321
chr20	62401250	62401571	ENSG00000149679.12	gene|regulatory|transcript	321
chr20	37869172	37869493	ENSG00000132792.21	gene|regulatory|transcript	321
chr20	62051090	62051411	ENSG00000130699.20	gene|regulatory|transcript	321
chr20	54054537	54054858	ENSG00000064787.14	gene|regulatory|transcript	321
chr20	5610309	5610630	ENSG00000125772.14	gene|regulatory|transcript	321
chr20	62655580	62655901	ENSG00000101187.16	gene|regulatory|transcript	321
chr20	46990575	46990896	ENSG00000064655.19	gene|regulatory|transcript	321
chr20	41364442	41364763	ENSG00000183798.5	gene|regulatory|transcript	321
chr20	4987166	4987487	ENSG00000089057.15	gene|regulatory|transcript	321
chr20	41437891	41438212	ENSG00000124177.16	gene|regulatory|transcript	321
chr20	46895710	46896031	ENSG00000064655.19	gene|regulatory|transcript	321
chr20	63330398	63330719	ENSG00000101203.17	gene|regulatory|transcript	321
chr20	25256535	25256856	ENSG00000100994.12	gene|regulatory|transcript	321
chr20	62736102	62736423	ENSG00000101188.5	gene|regulatory|transcript	321
chr20	4243112	4243433	ENSG00000171873.8	gene|regulatory|transcript	321
chr20	52975006	52975327	ENSG00000182463.17	gene|regulatory|transcript	321
chr20	15036983	15037304	ENSG00000172264.19	gene|regulatory|transcript	321
chr20	1327268	1327589	ENSG00000125775.15|ENSG00000234684.8|ENSG00000274322.1	gene|regulatory|transcript	321
chr20	42987454	42987775	ENSG00000196090.14	gene|regulatory|transcript	321
chr20	35260555	35260875	ENSG00000125966.10|ENSG00000126005.17	gene|regulatory|transcript	320
chr20	15221139	15221459	ENSG00000172264.19	gene|regulatory|transcript	320
chr20	15487772	15488092	ENSG00000172264.19	gene|regulatory|transcript	320
chr20	25307519	25307839	ENSG00000100997.20	gene|regulatory|transcript	320
chr20	37384687	37385007	ENSG00000197122.13	gene|regulatory|transcript	320
chr20	49884401	49884721	ENSG00000197818.12	gene|regulatory|transcript	320
chr20	64229807	64230127	ENSG00000196132.14	gene|regulatory|transcript	320
chr20	3606035	3606355	ENSG00000088812.18	gene|regulatory|transcript	320
chr20	5969610	5969930	ENSG00000125885.13|ENSG00000286235.1	gene|regulatory|transcript	320
chr20	32470049	32470369	ENSG00000197183.15	gene|regulatory|transcript	320
chr20	45114517	45114837	ENSG00000175121.12	gene|regulatory|transcript	320
chr20	25019689	25020009	ENSG00000154930.15	gene|regulatory|transcript	320
chr20	2920523	2920843	ENSG00000132670.21	gene|regulatory|transcript	320
chr20	32484245	32484565	ENSG00000197183.15	gene|regulatory|transcript	320
chr20	14617147	14617467	ENSG00000172264.19|ENSG00000227927.2	gene|regulatory|transcript	320
chr20	63545873	63546193	ENSG00000125508.4	gene|regulatory|transcript	320
chr20	910822	911142	ENSG00000101280.8	gene|regulatory|transcript	320
chr20	25249253	25249573	ENSG00000100994.12	gene|regulatory|transcript	320
chr20	38145029	38145349	ENSG00000198959.12	gene|regulatory|transcript	320
chr20	58879581	58879901	ENSG00000087460.29|ENSG00000225806.8	gene|regulatory|transcript	320
chr20	63949976	63950296	ENSG00000198276.16	gene|regulatory|transcript	320
chr20	35942299	35942619	ENSG00000025293.17	gene|regulatory|transcript	320
chr20	31674943	31675263	ENSG00000171552.14	gene|regulatory|transcript	320
chr20	14764886	14765206	ENSG00000172264.19	gene|regulatory|transcript	320
chr20	14839296	14839616	ENSG00000172264.19	gene|regulatory|transcript	320
chr20	17655336	17655656	ENSG00000125844.17	gene|regulatory|transcript	320
chr20	53237626	53237946	ENSG00000182463.17	gene|regulatory|transcript	320
chr20	13715211	13715531	ENSG00000089048.15	gene|regulatory|transcript	320
chr20	64114980	64115300	ENSG00000196132.14	gene|regulatory|transcript	320
chr20	24662331	24662651	ENSG00000101463.6	gene|regulatory|transcript	320
chr20	25470095	25470415	ENSG00000101004.16	gene|regulatory|transcript	320
chr20	34896075	34896395	ENSG00000131069.20	gene|regulatory|transcript	320
chr20	15596218	15596538	ENSG00000172264.19	gene|regulatory|transcript	320
chr20	49333947	49334267	ENSG00000158445.10|ENSG00000283529.2|ENSG00000290421.1	gene|regulatory|transcript	320
chr20	8144722	8145042	ENSG00000182621.19	gene|regulatory|transcript	320
chr20	63878132	63878452	ENSG00000101150.18|ENSG00000290226.1	gene|regulatory|transcript	320
chr20	51710575	51710894	ENSG00000054793.14	gene|regulatory|transcript	319
chr20	15510925	15511244	ENSG00000172264.19	gene|regulatory|transcript	319
chr20	56634968	56635287	ENSG00000087510.7	gene|regulatory|transcript	319
chr20	47345187	47345506	ENSG00000101040.20	gene|regulatory|transcript	319
chr20	34385522	34385841	ENSG00000078747.17|ENSG00000289720.1	gene|regulatory|transcript	319
chr20	35884020	35884339	ENSG00000025293.17	gene|regulatory|transcript	319
chr20	62645119	62645438	ENSG00000101187.16	gene|regulatory|transcript	319
chr20	63819253	63819572	ENSG00000130584.12	gene|regulatory|transcript	319
chr20	19974066	19974385	ENSG00000132669.14	gene|regulatory|transcript	319
chr20	16415100	16415419	ENSG00000089177.20	gene|regulatory|transcript	319
chr20	44587599	44587918	ENSG00000168734.14|ENSG00000196839.14	gene|regulatory|transcript	319
chr20	34874065	34874384	ENSG00000131069.20	gene|regulatory|transcript	319
chr20	38927101	38927420	ENSG00000101447.15	gene|regulatory|transcript	319
chr20	61728914	61729233	ENSG00000179242.16	gene|regulatory|transcript	319
chr20	32451758	32452077	ENSG00000197183.15|ENSG00000236772.1	gene|regulatory|transcript	319
chr20	46899654	46899973	ENSG00000064655.19	gene|regulatory|transcript	319
chr20	43533008	43533327	ENSG00000185513.18|ENSG00000288000.1	gene|regulatory|transcript	319
chr20	53444503	53444822	ENSG00000182463.17|ENSG00000271774.1	gene|regulatory|transcript	319
chr20	24491082	24491401	ENSG00000101463.6	gene|regulatory|transcript	319
chr20	19784001	19784320	ENSG00000132669.14	gene|regulatory|transcript	319
chr20	4999239	4999558	ENSG00000089057.15	gene|regulatory|transcript	319
chr20	8082932	8083251	ENSG00000182621.19	gene|regulatory|transcript	319
chr20	53250516	53250835	ENSG00000182463.17	gene|regulatory|transcript	319
chr20	53343424	53343743	ENSG00000182463.17|ENSG00000271774.1	gene|regulatory|transcript	319
chr20	15419900	15420219	ENSG00000172264.19	gene|regulatory|transcript	319
chr20	45429099	45429417	ENSG00000124155.19	gene|regulatory|transcript	318
chr20	20214742	20215060	ENSG00000089101.19|ENSG00000225417.1	gene|regulatory|transcript	318
chr20	44144032	44144350	ENSG00000149596.7	gene|regulatory|transcript	318
chr20	64162537	64162855	ENSG00000196132.14	gene|regulatory|transcript	318
chr20	64185561	64185879	ENSG00000196132.14	gene|regulatory|transcript	318
chr20	32563784	32564102	ENSG00000197183.15|ENSG00000233293.1	gene|regulatory|transcript	318
chr20	32711431	32711749	ENSG00000149600.12|ENSG00000285382.1	gene|regulatory|transcript	318
chr20	64182199	64182517	ENSG00000196132.14	gene|regulatory|transcript	318
chr20	1536836	1537154	ENSG00000125900.13|ENSG00000242324.1	gene|regulatory|transcript	318
chr20	57667494	57667812	ENSG00000124225.16	gene|regulatory|transcript	318
chr20	14344072	14344390	ENSG00000172264.19	gene|regulatory|transcript	318
chr20	52124903	52125221	ENSG00000020256.20	gene|regulatory|transcript	318
chr20	64120400	64120718	ENSG00000196132.14	gene|regulatory|transcript	318
chr20	41365874	41366192	ENSG00000183798.5	gene|regulatory|transcript	318
chr20	63354864	63355182	ENSG00000101204.18	gene|regulatory|transcript	318
chr20	33612080	33612398	ENSG00000078699.22	gene|regulatory|transcript	318
chr20	34623072	34623390	ENSG00000101464.11	gene|regulatory|transcript	318
chr20	22583440	22583758	ENSG00000125798.15	gene|regulatory|transcript	318
chr20	3322956	3323274	ENSG00000088854.13	gene|regulatory|transcript	318
chr20	50855513	50855831	ENSG00000124243.19	gene|regulatory|transcript	318
chr20	63446226	63446544	ENSG00000075043.21	gene|regulatory|transcript	318
chr20	61710357	61710675	ENSG00000179242.16	gene|regulatory|transcript	318
chr20	9428062	9428380	ENSG00000101333.19	gene|regulatory|transcript	318
chr20	19501519	19501837	ENSG00000185052.13	gene|regulatory|transcript	318
chr20	51431377	51431695	ENSG00000101096.20	gene|regulatory|transcript	318
chr20	18006077	18006395	ENSG00000125850.11	gene|regulatory|transcript	318
chr20	33105434	33105752	ENSG00000186191.9	gene|regulatory|transcript	318
chr20	61257533	61257851	ENSG00000179242.16	gene|regulatory|transcript	318
chr20	51680392	51680709	ENSG00000054793.14	gene|regulatory|transcript	317
chr20	32820044	32820361	ENSG00000101367.9	gene|regulatory|transcript	317
chr20	1901714	1902031	ENSG00000198053.12	gene|regulatory|transcript	317
chr20	53284794	53285111	ENSG00000182463.17|ENSG00000271774.1	gene|regulatory|transcript	317
chr20	34970419	34970736	ENSG00000078814.19	gene|regulatory|transcript	317
chr20	32069762	32070079	ENSG00000101336.18	gene|regulatory|transcript	317
chr20	50538281	50538598	ENSG00000196396.10	gene|regulatory|transcript	317
chr20	62818553	62818870	ENSG00000092758.18	gene|regulatory|transcript	317
chr20	32367737	32368054	ENSG00000171456.22	gene|regulatory|transcript	317
chr20	63544621	63544938	ENSG00000125508.4	gene|regulatory|transcript	317
chr20	50918421	50918738	ENSG00000101126.18	gene|regulatory|transcript	317
chr20	2700924	2701241	ENSG00000088881.22	gene|regulatory|transcript	317
chr20	44247763	44248080	ENSG00000124194.17	gene|regulatory|transcript	317
chr20	25255417	25255734	ENSG00000100994.12	gene|regulatory|transcript	317
chr20	20685677	20685994	ENSG00000188559.16	gene|regulatory|transcript	317
chr20	10558794	10559111	ENSG00000149346.15	gene|regulatory|transcript	317
chr20	43964329	43964646	ENSG00000124191.18	gene|regulatory|transcript	317
chr20	52974185	52974502	ENSG00000182463.17	gene|regulatory|transcript	317
chr20	25309882	25310199	ENSG00000100997.20	gene|regulatory|transcript	317
chr20	10498273	10498590	ENSG00000149346.15	gene|regulatory|transcript	317
chr20	58315977	58316294	ENSG00000124209.4	gene|regulatory|transcript	317
chr20	16760474	16760791	ENSG00000125879.5	gene|regulatory|transcript	317
chr20	4815714	4816031	ENSG00000101265.16	gene|regulatory|transcript	317
chr20	41030558	41030875	ENSG00000198900.7	gene|regulatory|transcript	317
chr20	19840353	19840670	ENSG00000132669.14	gene|regulatory|transcript	317
chr20	2230761	2231078	ENSG00000286022.1	gene|regulatory|transcript	317
chr20	33552226	33552543	ENSG00000078699.22	gene|regulatory|transcript	317
chr20	45835898	45836215	ENSG00000124104.19	gene|regulatory|transcript	317
chr20	46998822	46999139	ENSG00000064655.19	gene|regulatory|transcript	317
chr20	24648566	24648882	ENSG00000101463.6	gene|regulatory|transcript	316
chr20	3545445	3545761	ENSG00000088812.18	gene|regulatory|transcript	316
chr20	62353356	62353672	ENSG00000130702.15|ENSG00000228812.9	gene|regulatory|transcript	316
chr20	17419573	17419889	ENSG00000125851.10	gene|regulatory|transcript	316
chr20	51399520	51399836	ENSG00000101096.20	gene|regulatory|transcript	316
chr20	32562021	32562337	ENSG00000197183.15|ENSG00000233293.1	gene|regulatory|transcript	316
chr20	10604073	10604389	ENSG00000149346.15	gene|regulatory|transcript	316
chr20	35049994	35050310	ENSG00000100991.12	gene|regulatory|transcript	316
chr20	43915257	43915573	ENSG00000124191.18	gene|regulatory|transcript	316
chr20	46979109	46979425	ENSG00000064655.19	gene|regulatory|transcript	316
chr20	62646333	62646649	ENSG00000101187.16	gene|regulatory|transcript	316
chr20	4820860	4821176	ENSG00000101265.16	gene|regulatory|transcript	316
chr20	41072893	41073209	ENSG00000198900.7	gene|regulatory|transcript	316
chr20	49054249	49054565	ENSG00000124207.17	gene|regulatory|transcript	316
chr20	34861735	34862051	ENSG00000131067.17	gene|regulatory|transcript	316
chr20	44993381	44993697	ENSG00000101109.13	gene|regulatory|transcript	316
chr20	34713439	34713755	ENSG00000198646.14	gene|regulatory|transcript	316
chr20	48928793	48929109	ENSG00000124198.10	gene|regulatory|transcript	316
chr20	2103901	2104217	ENSG00000125834.13	gene|regulatory|transcript	316
chr20	41500135	41500451	ENSG00000124177.16	gene|regulatory|transcript	316
chr20	64155173	64155489	ENSG00000196132.14	gene|regulatory|transcript	316
chr20	20331858	20332174	ENSG00000089101.19	gene|regulatory|transcript	316
chr20	53328955	53329271	ENSG00000182463.17|ENSG00000271774.1	gene|regulatory|transcript	316
chr20	63253506	63253822	ENSG00000101198.15	gene|regulatory|transcript	316
chr20	43538110	43538426	ENSG00000185513.18|ENSG00000288000.1	gene|regulatory|transcript	316
chr20	60000704	60001020	ENSG00000124215.17	gene|regulatory|transcript	316
chr20	51744532	51744848	ENSG00000054793.14	gene|regulatory|transcript	316
chr20	49561292	49561608	ENSG00000124212.6	gene|regulatory|transcript	316
chr20	53085755	53086071	ENSG00000182463.17	gene|regulatory|transcript	316
chr20	51715220	51715536	ENSG00000054793.14	gene|regulatory|transcript	316
chr20	44393175	44393491	ENSG00000101076.20|ENSG00000229005.2	gene|regulatory|transcript	316
chr20	13259987	13260302	ENSG00000101230.6	gene|regulatory|transcript	315
chr20	63215108	63215423	ENSG00000149658.18	gene|regulatory|transcript	315
chr20	63815470	63815785	ENSG00000130584.12|ENSG00000231208.4	gene|regulatory|transcript	315
chr20	24989158	24989473	ENSG00000101474.12	gene|regulatory|transcript	315
chr20	32822026	32822341	ENSG00000101367.9	gene|regulatory|transcript	315
chr20	46118561	46118876	ENSG00000101017.15	gene|regulatory|transcript	315
chr20	61981767	61982082	ENSG00000130699.20	gene|regulatory|transcript	315
chr20	53346359	53346674	ENSG00000182463.17|ENSG00000271774.1	gene|regulatory|transcript	315
chr20	16551656	16551971	ENSG00000089177.20	gene|regulatory|transcript	315
chr20	49444626	49444941	ENSG00000158445.10	gene|regulatory|transcript	315
chr20	4230660	4230975	ENSG00000171873.8	gene|regulatory|transcript	315
chr20	53087103	53087418	ENSG00000182463.17	gene|regulatory|transcript	315
chr20	57259103	57259418	ENSG00000101144.13	gene|regulatory|transcript	315
chr20	49347851	49348166	ENSG00000158445.10|ENSG00000290421.1	gene|regulatory|transcript	315
chr20	17288938	17289253	ENSG00000125851.10	gene|regulatory|transcript	315
chr20	25338434	25338749	ENSG00000100997.20	gene|regulatory|transcript	315
chr20	61706300	61706615	ENSG00000179242.16	gene|regulatory|transcript	315
chr20	3356384	3356699	ENSG00000088854.13	gene|regulatory|transcript	315
chr20	14280338	14280653	ENSG00000172264.19	gene|regulatory|transcript	315
chr20	59598669	59598984	ENSG00000087495.17	gene|regulatory|transcript	315
chr20	24488926	24489241	ENSG00000101463.6	gene|regulatory|transcript	315
chr20	46192608	46192922	ENSG00000149654.11	gene|regulatory|transcript	314
chr20	62063655	62063969	ENSG00000130699.20	gene|regulatory|transcript	314
chr20	25544664	25544978	ENSG00000101004.16	gene|regulatory|transcript	314
chr20	278619	278933	ENSG00000196476.12	gene|regulatory|transcript	314
chr20	31544216	31544530	ENSG00000101294.19	gene|regulatory|transcript	314
chr20	4932091	4932405	ENSG00000089057.15	gene|regulatory|transcript	314
chr20	32467395	32467709	ENSG00000197183.15	gene|regulatory|transcript	314
chr20	23415996	23416310	ENSG00000125814.17	gene|regulatory|transcript	314
chr20	6094172	6094486	ENSG00000101311.17	gene|regulatory|transcript	314
chr20	63901741	63902055	ENSG00000101152.12|ENSG00000290226.1	gene|regulatory|transcript	314
chr20	49303254	49303568	ENSG00000158445.10	gene|regulatory|transcript	314
chr20	35227038	35227352	ENSG00000125966.10|ENSG00000126005.17	gene|regulatory|transcript	314
chr20	24950389	24950703	ENSG00000077984.6	gene|regulatory|transcript	314
chr20	38112584	38112898	ENSG00000101413.12	gene|regulatory|transcript	314
chr20	57501545	57501859	ENSG00000124092.13	gene|regulatory|transcript	314
chr20	35657280	35657594	ENSG00000214078.13|ENSG00000244462.8|ENSG00000272897.5	gene|regulatory|transcript	314
chr20	16761277	16761591	ENSG00000125879.5	gene|regulatory|transcript	314
chr20	43983949	43984263	ENSG00000124191.18	gene|regulatory|transcript	314
chr20	19914201	19914515	ENSG00000132669.14	gene|regulatory|transcript	314
chr20	38358583	38358896	ENSG00000129988.6	gene|regulatory|transcript	313
chr20	10665232	10665545	ENSG00000101384.12	gene|regulatory|transcript	313
chr20	48787788	48788101	ENSG00000124126.14	gene|regulatory|transcript	313
chr20	3122998	3123311	ENSG00000185019.17|ENSG00000235958.5	gene|regulatory|transcript	313
chr20	18009115	18009428	ENSG00000125850.11	gene|regulatory|transcript	313
chr20	19321392	19321705	ENSG00000185052.13	gene|regulatory|transcript	313
chr20	61931131	61931444	ENSG00000179242.16	gene|regulatory|transcript	313
chr20	44572819	44573132	ENSG00000168734.14	gene|regulatory|transcript	313
chr20	36439440	36439753	ENSG00000080845.19	gene|regulatory|transcript	313
chr20	4866471	4866784	ENSG00000089057.15	gene|regulatory|transcript	313
chr20	36113095	36113408	ENSG00000088367.23	gene|regulatory|transcript	313
chr20	53149682	53149995	ENSG00000182463.17	gene|regulatory|transcript	313
chr20	44762457	44762770	ENSG00000101098.13	gene|regulatory|transcript	313
chr20	41146426	41146739	ENSG00000124181.15	gene|regulatory|transcript	313
chr20	38246917	38247230	ENSG00000149633.12	gene|regulatory|transcript	313
chr20	56441843	56442156	ENSG00000087589.17	gene|regulatory|transcript	313
chr20	62740709	62741022	ENSG00000101188.5	gene|regulatory|transcript	313
chr20	46307118	46307431	ENSG00000149654.11	gene|regulatory|transcript	313
chr20	25319279	25319592	ENSG00000100997.20	gene|regulatory|transcript	313
chr20	16308813	16309126	ENSG00000089177.20	gene|regulatory|transcript	313
chr20	63825417	63825730	ENSG00000130584.12	gene|regulatory|transcript	313
chr20	47578692	47579005	ENSG00000124151.19	gene|regulatory|transcript	313
chr20	58432670	58432983	ENSG00000124164.16	gene|regulatory|transcript	313
chr20	1588246	1588559	ENSG00000101307.16|ENSG00000260861.6	gene|regulatory|transcript	313
chr20	25259716	25260029	ENSG00000100994.12	gene|regulatory|transcript	313
chr20	34262518	34262831	ENSG00000101440.10|ENSG00000250917.1	gene|regulatory|transcript	313
chr20	44497021	44497333	ENSG00000132824.14	gene|regulatory|transcript	312
chr20	62219149	62219461	ENSG00000101180.17	gene|regulatory|transcript	312
chr20	49882333	49882645	ENSG00000197818.12	gene|regulatory|transcript	312
chr20	63469329	63469641	ENSG00000075043.21	gene|regulatory|transcript	312
chr20	58864431	58864743	ENSG00000087460.29|ENSG00000225806.8	gene|regulatory|transcript	312
chr20	51648012	51648324	ENSG00000054793.14	gene|regulatory|transcript	312
chr20	62739069	62739381	ENSG00000101188.5	gene|regulatory|transcript	312
chr20	59840533	59840845	ENSG00000087495.17	gene|regulatory|transcript	312
chr20	44956485	44956797	ENSG00000025772.8|ENSG00000101104.13	gene|regulatory|transcript	312
chr20	53419699	53420011	ENSG00000182463.17|ENSG00000271774.1	gene|regulatory|transcript	312
chr20	17693706	17694018	ENSG00000125888.15	gene|regulatory|transcript	312
chr20	4957954	4958266	ENSG00000089057.15	gene|regulatory|transcript	312
chr20	3676702	3677014	ENSG00000149451.19	gene|regulatory|transcript	312
chr20	24544203	24544515	ENSG00000101463.6	gene|regulatory|transcript	312
chr20	16488634	16488946	ENSG00000089177.20	gene|regulatory|transcript	312
chr20	371810	372122	ENSG00000101255.12	gene|regulatory|transcript	312
chr20	56422530	56422842	ENSG00000087589.17	gene|regulatory|transcript	312
chr20	34069294	34069606	ENSG00000125970.12	gene|regulatory|transcript	312
chr20	64028121	64028433	ENSG00000101161.8	gene|regulatory|transcript	312
chr20	2305964	2306276	ENSG00000125780.12|ENSG00000286022.1	gene|regulatory|transcript	312
chr20	53594668	53594980	ENSG00000171940.14	gene|regulatory|transcript	312
chr20	3799769	3800081	ENSG00000101224.18	gene|regulatory|transcript	312
chr20	2279363	2279675	ENSG00000286022.1	gene|regulatory|transcript	312
chr20	47241314	47241626	ENSG00000101040.20	gene|regulatory|transcript	312
chr20	2729247	2729559	ENSG00000088881.22	gene|regulatory|transcript	312
chr20	57220741	57221053	ENSG00000101144.13	gene|regulatory|transcript	312
chr20	9758903	9759215	ENSG00000101349.17	gene|regulatory|transcript	312
chr20	24988316	24988627	ENSG00000101474.12	gene|regulatory|transcript	311
chr20	4814267	4814578	ENSG00000101265.16	gene|regulatory|transcript	311
chr20	23634447	23634758	ENSG00000101439.9	gene|regulatory|transcript	311
chr20	8671418	8671729	ENSG00000182621.19	gene|regulatory|transcript	311
chr20	32326459	32326770	ENSG00000101350.8	gene|regulatory|transcript	311
chr20	62347488	62347799	ENSG00000130702.15	gene|regulatory|transcript	311
chr20	25580732	25581043	ENSG00000101004.16	gene|regulatory|transcript	311
chr20	15756081	15756392	ENSG00000172264.19	gene|regulatory|transcript	311
chr20	47776655	47776966	ENSG00000196562.16	gene|regulatory|transcript	311
chr20	57660150	57660461	ENSG00000124225.16	gene|regulatory|transcript	311
chr20	58682734	58683045	ENSG00000254995.4	gene|regulatory|transcript	311
chr20	19945748	19946059	ENSG00000132669.14	gene|regulatory|transcript	311
chr20	41154511	41154822	ENSG00000124181.15	gene|regulatory|transcript	311
chr20	49149721	49150032	ENSG00000124214.21	gene|regulatory|transcript	311
chr20	34018475	34018786	ENSG00000125970.12	gene|regulatory|transcript	311
chr20	18004544	18004855	ENSG00000125850.11	gene|regulatory|transcript	311
chr20	32205816	32206127	ENSG00000126003.7	gene|regulatory|transcript	311
chr20	46253464	46253775	ENSG00000149654.11	gene|regulatory|transcript	311
chr20	46959842	46960153	ENSG00000064655.19	gene|regulatory|transcript	311
chr20	14913952	14914263	ENSG00000172264.19|ENSG00000235914.2	gene|regulatory|transcript	311
chr20	3313035	3313346	ENSG00000088854.13	gene|regulatory|transcript	311
chr20	13525351	13525661	ENSG00000089123.16	gene|regulatory|transcript	310
chr20	53468119	53468429	ENSG00000182463.17|ENSG00000259723.1|ENSG00000271774.1	gene|regulatory|transcript	310
chr20	4924100	4924410	ENSG00000089057.15	gene|regulatory|transcript	310
chr20	46898428	46898738	ENSG00000064655.19	gene|regulatory|transcript	310
chr20	42995287	42995597	ENSG00000196090.14	gene|regulatory|transcript	310
chr20	61659698	61660008	ENSG00000179242.16	gene|regulatory|transcript	310
chr20	35320447	35320757	ENSG00000101019.22	gene|regulatory|transcript	310
chr20	59150743	59151053	ENSG00000124203.7	gene|regulatory|transcript	310
chr20	58393342	58393652	ENSG00000124164.16	gene|regulatory|transcript	310
chr20	36102088	36102398	ENSG00000088367.23	gene|regulatory|transcript	310
chr20	14497422	14497732	ENSG00000172264.19	gene|regulatory|transcript	310
chr20	51529359	51529669	ENSG00000101096.20	gene|regulatory|transcript	310
chr20	25030078	25030388	ENSG00000154930.15	gene|regulatory|transcript	310
chr20	49338072	49338382	ENSG00000158445.10|ENSG00000283529.2|ENSG00000290421.1	gene|regulatory|transcript	310
chr20	50862522	50862832	ENSG00000124243.19	gene|regulatory|transcript	310
chr20	44650034	44650344	ENSG00000196839.14	gene|regulatory|transcript	310
chr20	38002016	38002326	ENSG00000101407.13	gene|regulatory|transcript	310
chr20	24587471	24587780	ENSG00000101463.6	gene|regulatory|transcript	309
chr20	61295329	61295638	ENSG00000179242.16	gene|regulatory|transcript	309
chr20	35134949	35135258	ENSG00000088298.13	gene|regulatory|transcript	309
chr20	62833064	62833373	ENSG00000092758.18	gene|regulatory|transcript	309
chr20	14343669	14343978	ENSG00000172264.19	gene|regulatory|transcript	309
chr20	19916755	19917064	ENSG00000132669.14	gene|regulatory|transcript	309
chr20	8152221	8152530	ENSG00000182621.19	gene|regulatory|transcript	309
chr20	58870302	58870611	ENSG00000087460.29|ENSG00000225806.8	gene|regulatory|transcript	309
chr20	13857324	13857633	ENSG00000101251.13	gene|regulatory|transcript	309
chr20	54626177	54626486	ENSG00000101134.12	gene|regulatory|transcript	309
chr20	24648907	24649216	ENSG00000101463.6	gene|regulatory|transcript	309
chr20	13247659	13247968	ENSG00000101230.6	gene|regulatory|transcript	309
chr20	13279237	13279546	ENSG00000101230.6	gene|regulatory|transcript	309
chr20	32763262	32763571	ENSG00000088305.19	gene|regulatory|transcript	309
chr20	61522554	61522863	ENSG00000179242.16	gene|regulatory|transcript	309
chr20	62021411	62021720	ENSG00000130699.20	gene|regulatory|transcript	309
chr20	3398897	3399206	ENSG00000088854.13	gene|regulatory|transcript	309
chr20	17661115	17661424	ENSG00000125844.17	gene|regulatory|transcript	309
chr20	9609918	9610227	ENSG00000101349.17	gene|regulatory|transcript	309
chr20	47610519	47610828	ENSG00000124151.19	gene|regulatory|transcript	309
chr20	58160351	58160660	ENSG00000124237.6	gene|regulatory|transcript	309
chr20	34517183	34517492	ENSG00000125971.18|ENSG00000289720.1	gene|regulatory|transcript	309
chr20	48784591	48784900	ENSG00000124126.14	gene|regulatory|transcript	309
chr20	15593887	15594196	ENSG00000172264.19	gene|regulatory|transcript	309
chr20	8209006	8209315	ENSG00000182621.19	gene|regulatory|transcript	309
chr20	4170797	4171106	ENSG00000088826.18	gene|regulatory|transcript	309
chr20	1389636	1389945	ENSG00000088832.18|ENSG00000274322.1	gene|regulatory|transcript	309
chr20	34582903	34583212	ENSG00000101464.11	gene|regulatory|transcript	309
chr20	842258	842566	ENSG00000125898.13	gene|regulatory|transcript	308
chr20	63457751	63458059	ENSG00000075043.21	gene|regulatory|transcript	308
chr20	8005091	8005399	ENSG00000125827.9	gene|regulatory|transcript	308
chr20	43160042	43160350	ENSG00000196090.14	gene|regulatory|transcript	308
chr20	13251192	13251500	ENSG00000101230.6	gene|regulatory|transcript	308
chr20	20409377	20409685	ENSG00000188559.16	gene|regulatory|transcript	308
chr20	31570103	31570411	ENSG00000101294.19|ENSG00000230613.1	gene|regulatory|transcript	308
chr20	34825163	34825471	ENSG00000198646.14	gene|regulatory|transcript	308
chr20	63904187	63904495	ENSG00000101152.12|ENSG00000290226.1	gene|regulatory|transcript	308
chr20	49833542	49833850	ENSG00000197818.12	gene|regulatory|transcript	308
chr20	37517108	37517416	ENSG00000166619.15	gene|regulatory|transcript	308
chr20	24475431	24475739	ENSG00000101463.6	gene|regulatory|transcript	308
chr20	36726218	36726526	ENSG00000101079.21	gene|regulatory|transcript	308
chr20	63267759	63268067	ENSG00000101198.15	gene|regulatory|transcript	308
chr20	19255040	19255348	ENSG00000179447.2|ENSG00000185052.13	gene|regulatory|transcript	308
chr20	59317609	59317917	ENSG00000124205.18	gene|regulatory|transcript	308
chr20	14415558	14415866	ENSG00000172264.19	gene|regulatory|transcript	308
chr20	14234750	14235058	ENSG00000172264.19	gene|regulatory|transcript	308
chr20	32515681	32515989	ENSG00000197183.15|ENSG00000277301.1	gene|regulatory|transcript	308
chr20	59724144	59724452	ENSG00000087495.17	gene|regulatory|transcript	308
chr20	9278002	9278310	ENSG00000101333.19	gene|regulatory|transcript	308
chr20	992973	993281	ENSG00000101282.9	gene|regulatory|transcript	308
chr20	59749296	59749604	ENSG00000087495.17	gene|regulatory|transcript	308
chr20	64082391	64082699	ENSG00000125510.18	gene|regulatory|transcript	308
chr20	45336647	45336955	ENSG00000124145.6	gene|regulatory|transcript	308
chr20	9095249	9095557	ENSG00000101333.19	gene|regulatory|transcript	308
chr20	8575143	8575451	ENSG00000182621.19	gene|regulatory|transcript	308
chr20	34637568	34637875	ENSG00000101464.11	gene|regulatory|transcript	307
chr20	31562858	31563165	ENSG00000101294.19	gene|regulatory|transcript	307
chr20	38900993	38901300	ENSG00000101445.10	gene|regulatory|transcript	307
chr20	56427888	56428195	ENSG00000087589.17	gene|regulatory|transcript	307
chr20	13546572	13546879	ENSG00000089123.16	gene|regulatory|transcript	307
chr20	32574478	32574785	ENSG00000197183.15	gene|regulatory|transcript	307
chr20	16292215	16292522	ENSG00000089177.20	gene|regulatory|transcript	307
chr20	2708020	2708327	ENSG00000088881.22	gene|regulatory|transcript	307
chr20	59182748	59183055	ENSG00000124203.7	gene|regulatory|transcript	307
chr20	2292738	2293045	ENSG00000286022.1	gene|regulatory|transcript	307
chr20	48754364	48754671	ENSG00000124126.14	gene|regulatory|transcript	307
chr20	32362923	32363230	ENSG00000171456.22	gene|regulatory|transcript	307
chr20	4986812	4987119	ENSG00000089057.15	gene|regulatory|transcript	307
chr20	33999321	33999628	ENSG00000125970.12	gene|regulatory|transcript	307
chr20	62157312	62157619	ENSG00000184402.15	gene|regulatory|transcript	307
chr20	4014777	4015084	ENSG00000101236.17	gene|regulatory|transcript	307
chr20	46378441	46378748	ENSG00000062598.18|ENSG00000273828.2	gene|regulatory|transcript	307
chr20	47125518	47125825	ENSG00000064655.19	gene|regulatory|transcript	307
chr20	43667488	43667795	ENSG00000101057.16	gene|regulatory|transcript	307
chr20	844400	844707	ENSG00000125898.13	gene|regulatory|transcript	307
chr20	19785492	19785799	ENSG00000132669.14	gene|regulatory|transcript	307
chr20	57224081	57224388	ENSG00000101144.13	gene|regulatory|transcript	307
chr20	46900835	46901142	ENSG00000064655.19	gene|regulatory|transcript	307
chr20	53427043	53427350	ENSG00000182463.17|ENSG00000271774.1	gene|regulatory|transcript	307
chr20	32718964	32719271	ENSG00000149600.12|ENSG00000285382.1	gene|regulatory|transcript	307
chr20	37251842	37252149	ENSG00000118702.11	gene|regulatory|transcript	307
chr20	9516361	9516668	ENSG00000125869.10	gene|regulatory|transcript	307
chr20	37868799	37869106	ENSG00000132792.21	gene|regulatory|transcript	307
chr20	35659159	35659466	ENSG00000214078.13|ENSG00000244462.8|ENSG00000272897.5	gene|regulatory|transcript	307
chr20	43994566	43994873	ENSG00000124191.18	gene|regulatory|transcript	307
chr20	35680871	35681178	ENSG00000244005.13	gene|regulatory|transcript	307
chr20	20644799	20645106	ENSG00000188559.16	gene|regulatory|transcript	307
chr20	3235964	3236271	ENSG00000088836.14	gene|regulatory|transcript	307
chr20	49220513	49220820	ENSG00000124228.15	gene|regulatory|transcript	307
chr20	19552109	19552416	ENSG00000185052.13	gene|regulatory|transcript	307
chr20	34525960	34526267	ENSG00000125971.18|ENSG00000289720.1	gene|regulatory|transcript	307
chr20	63740852	63741159	ENSG00000125520.14	gene|regulatory|transcript	307
chr20	33732456	33732762	ENSG00000131061.15	gene|regulatory|transcript	306
chr20	59786509	59786815	ENSG00000087495.17	gene|regulatory|transcript	306
chr20	47118275	47118581	ENSG00000064655.19	gene|regulatory|transcript	306
chr20	25251529	25251835	ENSG00000100994.12	gene|regulatory|transcript	306
chr20	44521502	44521808	ENSG00000132824.14	gene|regulatory|transcript	306
chr20	5782184	5782490	ENSG00000171984.15	gene|regulatory|transcript	306
chr20	33531621	33531927	ENSG00000078699.22	gene|regulatory|transcript	306
chr20	49872140	49872446	ENSG00000197818.12	gene|regulatory|transcript	306
chr20	57683241	57683547	ENSG00000124225.16	gene|regulatory|transcript	306
chr20	47667679	47667985	ENSG00000196562.16	gene|regulatory|transcript	306
chr20	1330128	1330434	ENSG00000234684.8|ENSG00000274322.1	gene|regulatory|transcript	306
chr20	5766183	5766489	ENSG00000171984.15	gene|regulatory|transcript	306
chr20	24470640	24470946	ENSG00000101463.6	gene|regulatory|transcript	306
chr20	64055836	64056142	ENSG00000171703.17	gene|regulatory|transcript	306
chr20	45766069	45766375	ENSG00000124116.19	gene|regulatory|transcript	306
chr20	62185867	62186173	ENSG00000101181.18	gene|regulatory|transcript	306
chr20	36881954	36882260	ENSG00000101342.10	gene|regulatory|transcript	306
chr20	19944771	19945077	ENSG00000132669.14	gene|regulatory|transcript	306
chr20	10581885	10582191	ENSG00000149346.15	gene|regulatory|transcript	306
chr20	46568674	46568980	ENSG00000158296.14	gene|regulatory|transcript	306
chr20	10670594	10670900	ENSG00000101384.12	gene|regulatory|transcript	306
chr20	63751516	63751822	ENSG00000130584.12	gene|regulatory|transcript	306
chr20	58885650	58885956	ENSG00000087460.29|ENSG00000225806.8	gene|regulatory|transcript	306
chr20	31666672	31666978	ENSG00000171552.14	gene|regulatory|transcript	306
chr20	52083690	52083996	ENSG00000020256.20|ENSG00000287511.1	gene|regulatory|transcript	306
chr20	6004710	6005016	ENSG00000278719.1|ENSG00000286235.1	gene|regulatory|transcript	306
chr20	3680733	3681039	ENSG00000149451.19	gene|regulatory|transcript	306
chr20	32203387	32203692	ENSG00000126003.7	gene|regulatory|transcript	305
chr20	15063152	15063457	ENSG00000172264.19	gene|regulatory|transcript	305
chr20	9353218	9353523	ENSG00000101333.19	gene|regulatory|transcript	305
chr20	64010866	64011171	ENSG00000101161.8	gene|regulatory|transcript	305
chr20	38806240	38806545	ENSG00000101445.10	gene|regulatory|transcript	305
chr20	47272824	47273129	ENSG00000101040.20	gene|regulatory|transcript	305
chr20	41593110	41593415	ENSG00000124177.16	gene|regulatory|transcript	305
chr20	15656195	15656500	ENSG00000172264.19	gene|regulatory|transcript	305
chr20	8674517	8674822	ENSG00000182621.19	gene|regulatory|transcript	305
chr20	50528758	50529063	ENSG00000196396.10	gene|regulatory|transcript	305
chr20	36605473	36605778	ENSG00000259399.1	gene|regulatory|transcript	305
chr20	21209059	21209364	ENSG00000088970.16|ENSG00000232712.6	gene|regulatory|transcript	305
chr20	16432844	16433149	ENSG00000089177.20	gene|regulatory|transcript	305
chr20	62282905	62283210	ENSG00000130703.17	gene|regulatory|transcript	305
chr20	36542482	36542787	ENSG00000101335.10|ENSG00000232907.9	gene|regulatory|transcript	305
chr20	19935877	19936182	ENSG00000132669.14	gene|regulatory|transcript	305
chr20	25579508	25579813	ENSG00000101004.16	gene|regulatory|transcript	305
chr20	49884925	49885230	ENSG00000197818.12	gene|regulatory|transcript	305
chr20	58895824	58896129	ENSG00000087460.29	gene|regulatory|transcript	305
chr20	1280720	1281025	ENSG00000101298.15|ENSG00000244588.6	gene|regulatory|transcript	305
chr20	57681252	57681557	ENSG00000124225.16	gene|regulatory|transcript	305
chr20	51757317	51757622	ENSG00000054793.14	gene|regulatory|transcript	305
chr20	42740524	42740829	ENSG00000196090.14	gene|regulatory|transcript	305
chr20	5128913	5129218	ENSG00000101290.14	gene|regulatory|transcript	305
chr20	58688825	58689130	ENSG00000254995.4	gene|regulatory|transcript	305
chr20	9214718	9215023	ENSG00000101333.19	gene|regulatory|transcript	305
chr20	24968434	24968739	ENSG00000101474.12	gene|regulatory|transcript	305
chr20	32497935	32498240	ENSG00000197183.15	gene|regulatory|transcript	305
chr20	59221383	59221688	ENSG00000124203.7	gene|regulatory|transcript	305
chr20	45015114	45015419	ENSG00000101109.13	gene|regulatory|transcript	305
chr20	61798232	61798537	ENSG00000179242.16	gene|regulatory|transcript	305
chr20	4917673	4917977	ENSG00000089057.15	gene|regulatory|transcript	304
chr20	62713267	62713571	ENSG00000101188.5	gene|regulatory|transcript	304
chr20	59246747	59247051	ENSG00000124203.7	gene|regulatory|transcript	304
chr20	38764972	38765276	ENSG00000101442.10	gene|regulatory|transcript	304
chr20	32486126	32486430	ENSG00000197183.15|ENSG00000286311.1	gene|regulatory|transcript	304
chr20	59605337	59605641	ENSG00000087495.17	gene|regulatory|transcript	304
chr20	34452296	34452600	ENSG00000078747.17|ENSG00000231795.1|ENSG00000289720.1	gene|regulatory|transcript	304
chr20	62738512	62738816	ENSG00000101188.5	gene|regulatory|transcript	304
chr20	50649557	50649861	ENSG00000042062.13|ENSG00000234693.1	gene|regulatory|transcript	304
chr20	20609564	20609868	ENSG00000188559.16	gene|regulatory|transcript	304
chr20	62668541	62668845	ENSG00000101187.16	gene|regulatory|transcript	304
chr20	62897600	62897904	ENSG00000101191.17	gene|regulatory|transcript	304
chr20	31708961	31709265	ENSG00000171552.14|ENSG00000236559.1	gene|regulatory|transcript	304
chr20	53141359	53141663	ENSG00000182463.17	gene|regulatory|transcript	304
chr20	8152910	8153214	ENSG00000182621.19	gene|regulatory|transcript	304
chr20	5832886	5833190	ENSG00000171984.15	gene|regulatory|transcript	304
chr20	61598337	61598641	ENSG00000179242.16	gene|regulatory|transcript	304
chr20	53315275	53315579	ENSG00000182463.17|ENSG00000271774.1	gene|regulatory|transcript	304
chr20	15579436	15579740	ENSG00000172264.19	gene|regulatory|transcript	304
chr20	63266219	63266523	ENSG00000101198.15	gene|regulatory|transcript	304
chr20	36472814	36473118	ENSG00000080845.19	gene|regulatory|transcript	304
chr20	47231037	47231341	ENSG00000101040.20	gene|regulatory|transcript	304
chr20	21229232	21229536	ENSG00000088970.16	gene|regulatory|transcript	304
chr20	58652266	58652570	ENSG00000124222.23|ENSG00000254995.4	gene|regulatory|transcript	304
chr20	9312022	9312326	ENSG00000101333.19	gene|regulatory|transcript	304
chr20	3202425	3202729	ENSG00000198171.13	gene|regulatory|transcript	304
chr20	2578826	2579130	ENSG00000149488.14	gene|regulatory|transcript	304
chr20	46400673	46400977	ENSG00000062598.18	gene|regulatory|transcript	304
chr20	61505935	61506238	ENSG00000179242.16	gene|regulatory|transcript	303
chr20	54223850	54224153	ENSG00000101132.10	gene|regulatory|transcript	303
chr20	35664055	35664358	ENSG00000214078.13|ENSG00000244462.8|ENSG00000272897.5	gene|regulatory|transcript	303
chr20	33433952	33434255	ENSG00000101400.6	gene|regulatory|transcript	303
chr20	63913082	63913385	ENSG00000101152.12|ENSG00000290226.1	gene|regulatory|transcript	303
chr20	5168682	5168985	ENSG00000101290.14	gene|regulatory|transcript	303
chr20	16327653	16327956	ENSG00000089177.20	gene|regulatory|transcript	303
chr20	8331387	8331690	ENSG00000182621.19	gene|regulatory|transcript	303
chr20	19915545	19915848	ENSG00000132669.14	gene|regulatory|transcript	303
chr20	62400566	62400869	ENSG00000149679.12	gene|regulatory|transcript	303
chr20	44576814	44577117	ENSG00000168734.14	gene|regulatory|transcript	303
chr20	44203258	44203561	ENSG00000132823.11	gene|regulatory|transcript	303
chr20	47506830	47507133	ENSG00000124151.19	gene|regulatory|transcript	303
chr20	32467790	32468093	ENSG00000197183.15	gene|regulatory|transcript	303
chr20	59597686	59597989	ENSG00000087495.17	gene|regulatory|transcript	303
chr20	19606148	19606451	ENSG00000185052.13	gene|regulatory|transcript	303
chr20	31542239	31542542	ENSG00000101294.19	gene|regulatory|transcript	303
chr20	1929693	1929996	ENSG00000198053.12	gene|regulatory|transcript	303
chr20	35918106	35918409	ENSG00000025293.17	gene|regulatory|transcript	303
chr20	3221918	3222221	ENSG00000125877.13	gene|regulatory|transcript	303
chr20	49148665	49148968	ENSG00000124214.21	gene|regulatory|transcript	303
chr20	36465487	36465790	ENSG00000080845.19	gene|regulatory|transcript	303
chr20	43559659	43559962	ENSG00000101049.18|ENSG00000277611.1	gene|regulatory|transcript	303
chr20	62667043	62667346	ENSG00000101187.16	gene|regulatory|transcript	303
chr20	43136722	43137025	ENSG00000196090.14	gene|regulatory|transcript	303
chr20	53221799	53222102	ENSG00000182463.17	gene|regulatory|transcript	303
chr20	33621898	33622201	ENSG00000078699.22	gene|regulatory|transcript	303
chr20	32680815	32681118	ENSG00000285382.1	gene|regulatory|transcript	303
chr20	35135928	35136230	ENSG00000088298.13	gene|regulatory|transcript	302
chr20	16423366	16423668	ENSG00000089177.20	gene|regulatory|transcript	302
chr20	34473313	34473615	ENSG00000078747.17|ENSG00000289720.1	gene|regulatory|transcript	302
chr20	18639764	18640066	ENSG00000125821.13|ENSG00000284776.1	gene|regulatory|transcript	302
chr20	14677472	14677774	ENSG00000172264.19	gene|regulatory|transcript	302
chr20	51535004	51535306	ENSG00000101096.20	gene|regulatory|transcript	302
chr20	4148991	4149293	ENSG00000088826.18	gene|regulatory|transcript	302
chr20	61817126	61817428	ENSG00000179242.16	gene|regulatory|transcript	302
chr20	58433818	58434120	ENSG00000124164.16	gene|regulatory|transcript	302
chr20	43925914	43926216	ENSG00000124191.18	gene|regulatory|transcript	302
chr20	63617500	63617802	ENSG00000101216.11	gene|regulatory|transcript	302
chr20	59617300	59617602	ENSG00000087495.17	gene|regulatory|transcript	302
chr20	14879866	14880168	ENSG00000172264.19	gene|regulatory|transcript	302
chr20	59826652	59826954	ENSG00000087495.17	gene|regulatory|transcript	302
chr20	45828660	45828962	ENSG00000101470.10	gene|regulatory|transcript	302
chr20	33841444	33841746	ENSG00000101421.4	gene|regulatory|transcript	302
chr20	62953834	62954136	ENSG00000101194.18	gene|regulatory|transcript	302
chr20	62026020	62026322	ENSG00000130699.20	gene|regulatory|transcript	302
chr20	2745522	2745824	ENSG00000088881.22	gene|regulatory|transcript	302
chr20	48761444	48761746	ENSG00000124126.14	gene|regulatory|transcript	302
chr20	1450960	1451262	ENSG00000088833.18	gene|regulatory|transcript	302
chr20	19378061	19378363	ENSG00000185052.13	gene|regulatory|transcript	302
chr20	3922360	3922662	ENSG00000125779.24|ENSG00000275582.1	gene|regulatory|transcript	302
chr20	41587550	41587852	ENSG00000124177.16	gene|regulatory|transcript	302
chr20	35269305	35269607	ENSG00000125966.10|ENSG00000126005.17|ENSG00000261582.1	gene|regulatory|transcript	302
chr20	18511625	18511927	ENSG00000101310.17	gene|regulatory|transcript	302
chr20	37511644	37511946	ENSG00000166619.15	gene|regulatory|transcript	302
chr20	9411536	9411837	ENSG00000101333.19	gene|regulatory|transcript	301
chr20	8616865	8617166	ENSG00000182621.19	gene|regulatory|transcript	301
chr20	63948481	63948782	ENSG00000198276.16	gene|regulatory|transcript	301
chr20	32457096	32457397	ENSG00000197183.15	gene|regulatory|transcript	301
chr20	61683039	61683340	ENSG00000179242.16	gene|regulatory|transcript	301
chr20	434681	434982	ENSG00000125875.15	gene|regulatory|transcript	301
chr20	17636729	17637030	ENSG00000125844.17	gene|regulatory|transcript	301
chr20	16362655	16362956	ENSG00000089177.20	gene|regulatory|transcript	301
chr20	61812788	61813089	ENSG00000179242.16	gene|regulatory|transcript	301
chr20	49846252	49846553	ENSG00000197818.12	gene|regulatory|transcript	301
chr20	19320108	19320409	ENSG00000185052.13	gene|regulatory|transcript	301
chr20	36846221	36846522	ENSG00000149639.15	gene|regulatory|transcript	301
chr20	17708881	17709182	ENSG00000125888.15	gene|regulatory|transcript	301
chr20	5570600	5570901	ENSG00000125772.14	gene|regulatory|transcript	301
chr20	36146388	36146689	ENSG00000088367.23	gene|regulatory|transcript	301
chr20	3158903	3159204	ENSG00000185019.17|ENSG00000215251.5	gene|regulatory|transcript	301
chr20	53001255	53001556	ENSG00000182463.17	gene|regulatory|transcript	301
chr20	34705474	34705775	ENSG00000078804.13|ENSG00000198646.14	gene|regulatory|transcript	301
chr20	34938485	34938786	ENSG00000100983.12	gene|regulatory|transcript	301
chr20	47097388	47097689	ENSG00000064655.19	gene|regulatory|transcript	301
chr20	50851192	50851492	ENSG00000124243.19	gene|regulatory|transcript	300
chr20	59677245	59677545	ENSG00000087495.17	gene|regulatory|transcript	300
chr20	59829550	59829850	ENSG00000087495.17	gene|regulatory|transcript	300
chr20	50629269	50629569	ENSG00000042062.13	gene|regulatory|transcript	300
chr20	1446588	1446888	ENSG00000088833.18	gene|regulatory|transcript	300
chr20	17638651	17638951	ENSG00000125844.17	gene|regulatory|transcript	300
chr20	63520983	63521283	ENSG00000125534.10	gene|regulatory|transcript	300
chr20	1336984	1337284	ENSG00000234684.8|ENSG00000274322.1	gene|regulatory|transcript	300
chr20	61865213	61865513	ENSG00000179242.16	gene|regulatory|transcript	300
chr20	15009831	15010131	ENSG00000172264.19	gene|regulatory|transcript	300
chr20	43014677	43014977	ENSG00000196090.14	gene|regulatory|transcript	300
chr20	45827312	45827612	ENSG00000101470.10	gene|regulatory|transcript	300
chr20	63908358	63908658	ENSG00000101152.12|ENSG00000290226.1	gene|regulatory|transcript	300
chr20	62805092	62805392	ENSG00000060491.17|ENSG00000229873.2	gene|regulatory|transcript	300
chr20	34525023	34525323	ENSG00000125971.18|ENSG00000289720.1	gene|regulatory|transcript	300
chr20	25248488	25248788	ENSG00000100994.12	gene|regulatory|transcript	300
chr20	62735347	62735647	ENSG00000101188.5	gene|regulatory|transcript	300
chr20	57222169	57222469	ENSG00000101144.13	gene|regulatory|transcript	300
chr20	10634649	10634949	ENSG00000149346.15	gene|regulatory|transcript	300
chr20	62160897	62161197	ENSG00000184402.15	gene|regulatory|transcript	300
chr20	51456865	51457165	ENSG00000101096.20	gene|regulatory|transcript	300
chr20	31700243	31700543	ENSG00000171552.14|ENSG00000236559.1	gene|regulatory|transcript	300
chr20	7891778	7892078	ENSG00000101323.5	gene|regulatory|transcript	300
chr20	52978202	52978502	ENSG00000182463.17	gene|regulatory|transcript	300
chr20	59827191	59827490	ENSG00000087495.17	gene|regulatory|transcript	299
chr20	36182771	36183070	ENSG00000088367.23	gene|regulatory|transcript	299
chr20	10508832	10509131	ENSG00000149346.15	gene|regulatory|transcript	299
chr20	38076443	38076742	ENSG00000101413.12	gene|regulatory|transcript	299
chr20	62938253	62938552	ENSG00000101193.8	gene|regulatory|transcript	299
chr20	37391044	37391343	ENSG00000197122.13	gene|regulatory|transcript	299
chr20	50578083	50578382	ENSG00000196396.10	gene|regulatory|transcript	299
chr20	8227327	8227626	ENSG00000182621.19	gene|regulatory|transcript	299
chr20	25376980	25377279	ENSG00000100997.20	gene|regulatory|transcript	299
chr20	61900029	61900328	ENSG00000179242.16	gene|regulatory|transcript	299
chr20	8389471	8389770	ENSG00000182621.19	gene|regulatory|transcript	299
chr20	61886238	61886537	ENSG00000179242.16	gene|regulatory|transcript	299
chr20	37346493	37346792	ENSG00000197122.13	gene|regulatory|transcript	299
chr20	51696745	51697044	ENSG00000054793.14	gene|regulatory|transcript	299
chr20	47303756	47304055	ENSG00000101040.20	gene|regulatory|transcript	299
chr20	19451322	19451621	ENSG00000185052.13	gene|regulatory|transcript	299
chr20	61504057	61504356	ENSG00000179242.16	gene|regulatory|transcript	299
chr20	62149672	62149971	ENSG00000184402.15	gene|regulatory|transcript	299
chr20	37727591	37727890	ENSG00000132792.21	gene|regulatory|transcript	299
chr20	62243136	62243435	ENSG00000130703.17	gene|regulatory|transcript	299
chr20	8524387	8524686	ENSG00000182621.19	gene|regulatory|transcript	299
chr20	38806918	38807217	ENSG00000101445.10	gene|regulatory|transcript	299
chr20	46128582	46128881	ENSG00000101017.15	gene|regulatory|transcript	299
chr20	49705402	49705701	ENSG00000158470.5	gene|regulatory|transcript	299
chr20	15930326	15930625	ENSG00000172264.19|ENSG00000286546.1	gene|regulatory|transcript	299
chr20	19936524	19936823	ENSG00000132669.14	gene|regulatory|transcript	299
chr20	19482814	19483112	ENSG00000185052.13	gene|regulatory|transcript	298
chr20	36173177	36173475	ENSG00000088367.23	gene|regulatory|transcript	298
chr20	25467464	25467762	ENSG00000101004.16	gene|regulatory|transcript	298
chr20	21707459	21707757	ENSG00000125813.15	gene|regulatory|transcript	298
chr20	20664836	20665134	ENSG00000188559.16	gene|regulatory|transcript	298
chr20	59975541	59975839	ENSG00000124215.17	gene|regulatory|transcript	298
chr20	64212270	64212568	ENSG00000196132.14	gene|regulatory|transcript	298
chr20	53584163	53584461	ENSG00000171940.14	gene|regulatory|transcript	298
chr20	61891616	61891914	ENSG00000179242.16	gene|regulatory|transcript	298
chr20	36950096	36950394	ENSG00000101347.11	gene|regulatory|transcript	298
chr20	17733943	17734241	ENSG00000125888.15	gene|regulatory|transcript	298
chr20	33994367	33994665	ENSG00000125970.12	gene|regulatory|transcript	298
chr20	1001655	1001953	ENSG00000101282.9	gene|regulatory|transcript	298
chr20	34774500	34774798	ENSG00000198646.14|ENSG00000286803.1	gene|regulatory|transcript	298
chr20	2315066	2315364	ENSG00000125780.12|ENSG00000286022.1	gene|regulatory|transcript	298
chr20	47273934	47274232	ENSG00000101040.20	gene|regulatory|transcript	298
chr20	5605123	5605421	ENSG00000125772.14	gene|regulatory|transcript	298
chr20	24965472	24965770	ENSG00000101474.12	gene|regulatory|transcript	298
chr20	59830373	59830671	ENSG00000087495.17	gene|regulatory|transcript	298
chr20	63641809	63642107	ENSG00000197457.10	gene|regulatory|transcript	298
chr20	17287651	17287949	ENSG00000125851.10	gene|regulatory|transcript	298
chr20	14699051	14699349	ENSG00000172264.19	gene|regulatory|transcript	298
chr20	63672693	63672991	ENSG00000026036.23|ENSG00000258366.12	gene|regulatory|transcript	298
chr20	37190715	37191013	ENSG00000118705.18	gene|regulatory|transcript	298
chr20	34471796	34472094	ENSG00000078747.17|ENSG00000289720.1	gene|regulatory|transcript	298
chr20	50749356	50749653	ENSG00000124171.9	gene|regulatory|transcript	297
chr20	18728551	18728848	ENSG00000125821.13|ENSG00000284776.1	gene|regulatory|transcript	297
chr20	35663702	35663999	ENSG00000214078.13|ENSG00000244462.8|ENSG00000272897.5	gene|regulatory|transcript	297
chr20	35357701	35357998	ENSG00000101019.22	gene|regulatory|transcript	297
chr20	37308713	37309010	ENSG00000101363.13	gene|regulatory|transcript	297
chr20	50678269	50678566	ENSG00000042062.13	gene|regulatory|transcript	297
chr20	47328176	47328473	ENSG00000101040.20	gene|regulatory|transcript	297
chr20	1298208	1298505	ENSG00000101298.15	gene|regulatory|transcript	297
chr20	25294444	25294741	ENSG00000100994.12	gene|regulatory|transcript	297
chr20	46995613	46995910	ENSG00000064655.19	gene|regulatory|transcript	297
chr20	57400696	57400993	ENSG00000132819.17	gene|regulatory|transcript	297
chr20	33521523	33521820	ENSG00000078699.22	gene|regulatory|transcript	297
chr20	24949805	24950102	ENSG00000077984.6	gene|regulatory|transcript	297
chr20	19864205	19864502	ENSG00000132669.14	gene|regulatory|transcript	297
chr20	4787826	4788123	ENSG00000101265.16	gene|regulatory|transcript	297
chr20	37741065	37741362	ENSG00000132792.21	gene|regulatory|transcript	297
chr20	18004214	18004511	ENSG00000125850.11	gene|regulatory|transcript	297
chr20	53379842	53380139	ENSG00000182463.17|ENSG00000271774.1	gene|regulatory|transcript	297
chr20	25376304	25376601	ENSG00000100997.20	gene|regulatory|transcript	297
chr20	17663535	17663832	ENSG00000125844.17	gene|regulatory|transcript	297
chr20	58659881	58660178	ENSG00000124222.23|ENSG00000254995.4	gene|regulatory|transcript	297
chr20	15343096	15343392	ENSG00000172264.19	gene|regulatory|transcript	296
chr20	33437563	33437859	ENSG00000101400.6	gene|regulatory|transcript	296
chr20	8753759	8754055	ENSG00000182621.19	gene|regulatory|transcript	296
chr20	18645893	18646189	ENSG00000125821.13|ENSG00000284776.1	gene|regulatory|transcript	296
chr20	13392380	13392676	ENSG00000089123.16	gene|regulatory|transcript	296
chr20	8861124	8861420	ENSG00000182621.19	gene|regulatory|transcript	296
chr20	31542988	31543284	ENSG00000101294.19	gene|regulatory|transcript	296
chr20	21228556	21228852	ENSG00000088970.16	gene|regulatory|transcript	296
chr20	43916417	43916713	ENSG00000124191.18	gene|regulatory|transcript	296
chr20	3494283	3494579	ENSG00000088812.18	gene|regulatory|transcript	296
chr20	53586490	53586786	ENSG00000171940.14	gene|regulatory|transcript	296
chr20	10658840	10659136	ENSG00000101384.12	gene|regulatory|transcript	296
chr20	25275151	25275447	ENSG00000100994.12	gene|regulatory|transcript	296
chr20	15608989	15609285	ENSG00000172264.19	gene|regulatory|transcript	296
chr20	62277290	62277586	ENSG00000130703.17	gene|regulatory|transcript	296
chr20	42093099	42093395	ENSG00000196090.14	gene|regulatory|transcript	296
chr20	62128564	62128860	ENSG00000149657.20	gene|regulatory|transcript	296
chr20	8011419	8011715	ENSG00000125827.9	gene|regulatory|transcript	296
chr20	32117246	32117542	ENSG00000101337.16	gene|regulatory|transcript	296
chr20	1122973	1123269	ENSG00000125818.18	gene|regulatory|transcript	296
chr20	9647769	9648065	ENSG00000101349.17	gene|regulatory|transcript	296
chr20	53215223	53215519	ENSG00000182463.17	gene|regulatory|transcript	296
chr20	3084258	3084554	ENSG00000101200.5	gene|regulatory|transcript	296
chr20	61379975	61380271	ENSG00000179242.16	gene|regulatory|transcript	296
chr20	54064391	54064687	ENSG00000064787.14	gene|regulatory|transcript	296
chr20	13119568	13119864	ENSG00000172296.13	gene|regulatory|transcript	296
chr20	2746611	2746907	ENSG00000088881.22	gene|regulatory|transcript	296
chr20	50526796	50527091	ENSG00000196396.10	gene|regulatory|transcript	295
chr20	44911491	44911786	ENSG00000101104.13	gene|regulatory|transcript	295
chr20	10504633	10504928	ENSG00000149346.15	gene|regulatory|transcript	295
chr20	37379223	37379518	ENSG00000197122.13	gene|regulatory|transcript	295
chr20	35662628	35662923	ENSG00000214078.13|ENSG00000244462.8|ENSG00000272897.5	gene|regulatory|transcript	295
chr20	18628383	18628678	ENSG00000125821.13|ENSG00000284776.1	gene|regulatory|transcript	295
chr20	2604180	2604475	ENSG00000149488.14	gene|regulatory|transcript	295
chr20	54625073	54625368	ENSG00000101134.12	gene|regulatory|transcript	295
chr20	61851565	61851860	ENSG00000179242.16	gene|regulatory|transcript	295
chr20	54158164	54158459	ENSG00000019186.10	gene|regulatory|transcript	295
chr20	14536702	14536997	ENSG00000172264.19	gene|regulatory|transcript	295
chr20	34089997	34090292	ENSG00000125970.12|ENSG00000125977.7	gene|regulatory|transcript	295
chr20	15756456	15756751	ENSG00000172264.19	gene|regulatory|transcript	295
chr20	51797639	51797934	ENSG00000101115.13	gene|regulatory|transcript	295
chr20	46649438	46649733	ENSG00000158296.14	gene|regulatory|transcript	295
chr20	50821295	50821590	ENSG00000124243.19	gene|regulatory|transcript	295
chr20	4966950	4967245	ENSG00000089057.15	gene|regulatory|transcript	295
chr20	17558392	17558687	ENSG00000125864.14	gene|regulatory|transcript	295
chr20	49938449	49938744	ENSG00000124226.11	gene|regulatory|transcript	295
chr20	61662711	61663006	ENSG00000179242.16	gene|regulatory|transcript	295
chr20	1382142	1382437	ENSG00000088832.18|ENSG00000274322.1	gene|regulatory|transcript	295
chr20	57212626	57212921	ENSG00000101144.13	gene|regulatory|transcript	295
chr20	50642471	50642766	ENSG00000042062.13	gene|regulatory|transcript	295
chr20	33532815	33533110	ENSG00000078699.22	gene|regulatory|transcript	295
chr20	46200921	46201216	ENSG00000149654.11	gene|regulatory|transcript	295
chr20	59705923	59706217	ENSG00000087495.17	gene|regulatory|transcript	294
chr20	39006430	39006724	ENSG00000101452.15	gene|regulatory|transcript	294
chr20	38985663	38985957	ENSG00000101452.15	gene|regulatory|transcript	294
chr20	62827500	62827794	ENSG00000092758.18	gene|regulatory|transcript	294
chr20	25328185	25328479	ENSG00000100997.20	gene|regulatory|transcript	294
chr20	59839476	59839770	ENSG00000087495.17	gene|regulatory|transcript	294
chr20	20602915	20603209	ENSG00000188559.16	gene|regulatory|transcript	294
chr20	50575948	50576242	ENSG00000196396.10|ENSG00000232043.1	gene|regulatory|transcript	294
chr20	61966212	61966506	ENSG00000130699.20	gene|regulatory|transcript	294
chr20	61608739	61609033	ENSG00000179242.16	gene|regulatory|transcript	294
chr20	61465432	61465726	ENSG00000179242.16	gene|regulatory|transcript	294
chr20	10633766	10634060	ENSG00000149346.15	gene|regulatory|transcript	294
chr20	51562033	51562327	ENSG00000101096.20	gene|regulatory|transcript	294
chr20	9375134	9375428	ENSG00000101333.19	gene|regulatory|transcript	294
chr20	14700606	14700900	ENSG00000172264.19	gene|regulatory|transcript	294
chr20	496734	497028	ENSG00000101266.19	gene|regulatory|transcript	294
chr20	13121864	13122157	ENSG00000172296.13	gene|regulatory|transcript	293
chr20	25315530	25315823	ENSG00000100997.20	gene|regulatory|transcript	293
chr20	62236323	62236616	ENSG00000130703.17	gene|regulatory|transcript	293
chr20	2700355	2700648	ENSG00000088881.22	gene|regulatory|transcript	293
chr20	62470495	62470788	ENSG00000130700.7	gene|regulatory|transcript	293
chr20	15673308	15673601	ENSG00000172264.19	gene|regulatory|transcript	293
chr20	37804979	37805272	ENSG00000132792.21	gene|regulatory|transcript	293
chr20	19598183	19598476	ENSG00000185052.13	gene|regulatory|transcript	293
chr20	24618530	24618823	ENSG00000101463.6	gene|regulatory|transcript	293
chr20	16562296	16562589	ENSG00000089177.20	gene|regulatory|transcript	293
chr20	49182264	49182557	ENSG00000124214.21	gene|regulatory|transcript	293
chr20	16555848	16556141	ENSG00000089177.20	gene|regulatory|transcript	293
chr20	16364323	16364616	ENSG00000089177.20	gene|regulatory|transcript	293
chr20	2745980	2746273	ENSG00000088881.22	gene|regulatory|transcript	293
chr20	57361543	57361836	ENSG00000101146.13	gene|regulatory|transcript	293
chr20	64084627	64084920	ENSG00000125510.18	gene|regulatory|transcript	293
chr20	61982139	61982432	ENSG00000130699.20	gene|regulatory|transcript	293
chr20	58675131	58675424	ENSG00000124222.23|ENSG00000254995.4	gene|regulatory|transcript	293
chr20	36857012	36857305	ENSG00000149639.15	gene|regulatory|transcript	293
chr20	41317186	41317479	ENSG00000174306.22	gene|regulatory|transcript	293
chr20	16518368	16518661	ENSG00000089177.20	gene|regulatory|transcript	293
chr20	911149	911442	ENSG00000101280.8	gene|regulatory|transcript	293
chr20	19849833	19850126	ENSG00000132669.14	gene|regulatory|transcript	293
chr20	35451286	35451578	ENSG00000125965.9	gene|regulatory|transcript	292
chr20	63952286	63952578	ENSG00000198276.16	gene|regulatory|transcript	292
chr20	53149148	53149440	ENSG00000182463.17	gene|regulatory|transcript	292
chr20	33278185	33278477	ENSG00000125999.11	gene|regulatory|transcript	292
chr20	38007609	38007901	ENSG00000101407.13	gene|regulatory|transcript	292
chr20	10448796	10449088	ENSG00000149346.15	gene|regulatory|transcript	292
chr20	13148333	13148625	ENSG00000172296.13	gene|regulatory|transcript	292
chr20	6770667	6770959	ENSG00000125845.7	gene|regulatory|transcript	292
chr20	43941632	43941924	ENSG00000124191.18	gene|regulatory|transcript	292
chr20	62159961	62160253	ENSG00000184402.15	gene|regulatory|transcript	292
chr20	37229498	37229790	ENSG00000118705.18	gene|regulatory|transcript	292
chr20	34769752	34770044	ENSG00000198646.14|ENSG00000286803.1	gene|regulatory|transcript	292
chr20	38811023	38811315	ENSG00000101445.10	gene|regulatory|transcript	292
chr20	35837649	35837941	ENSG00000025293.17	gene|regulatory|transcript	292
chr20	49171972	49172264	ENSG00000124214.21	gene|regulatory|transcript	292
chr20	42852708	42853000	ENSG00000196090.14	gene|regulatory|transcript	292
chr20	8703413	8703705	ENSG00000182621.19	gene|regulatory|transcript	292
chr20	42957109	42957401	ENSG00000196090.14	gene|regulatory|transcript	292
chr20	53570654	53570946	ENSG00000171940.14|ENSG00000197670.6	gene|regulatory|transcript	292
chr20	19556986	19557278	ENSG00000185052.13	gene|regulatory|transcript	292
chr20	62245940	62246232	ENSG00000130703.17	gene|regulatory|transcript	292
chr20	62953272	62953564	ENSG00000101194.18	gene|regulatory|transcript	292
chr20	8289629	8289921	ENSG00000182621.19	gene|regulatory|transcript	292
chr20	49395254	49395546	ENSG00000158445.10|ENSG00000290421.1	gene|regulatory|transcript	292
chr20	49913739	49914030	ENSG00000158480.11	gene|regulatory|transcript	291
chr20	54633368	54633659	ENSG00000101134.12	gene|regulatory|transcript	291
chr20	57706106	57706397	ENSG00000124225.16	gene|regulatory|transcript	291
chr20	59222221	59222512	ENSG00000124203.7	gene|regulatory|transcript	291
chr20	5175810	5176101	ENSG00000101290.14	gene|regulatory|transcript	291
chr20	59745808	59746099	ENSG00000087495.17	gene|regulatory|transcript	291
chr20	64160562	64160853	ENSG00000196132.14	gene|regulatory|transcript	291
chr20	41030111	41030402	ENSG00000198900.7	gene|regulatory|transcript	291
chr20	4794897	4795188	ENSG00000101265.16	gene|regulatory|transcript	291
chr20	38149869	38150160	ENSG00000198959.12	gene|regulatory|transcript	291
chr20	905411	905702	ENSG00000101280.8	gene|regulatory|transcript	291
chr20	42957906	42958197	ENSG00000196090.14	gene|regulatory|transcript	291
chr20	49165661	49165952	ENSG00000124214.21	gene|regulatory|transcript	291
chr20	41442648	41442939	ENSG00000124177.16	gene|regulatory|transcript	291
chr20	9364788	9365079	ENSG00000101333.19	gene|regulatory|transcript	291
chr20	53032095	53032386	ENSG00000182463.17	gene|regulatory|transcript	291
chr20	19493853	19494144	ENSG00000185052.13	gene|regulatory|transcript	291
chr20	3325257	3325548	ENSG00000088854.13	gene|regulatory|transcript	291
chr20	33814247	33814538	ENSG00000101421.4	gene|regulatory|transcript	291
chr20	32524928	32525219	ENSG00000197183.15	gene|regulatory|transcript	291
chr20	10660644	10660935	ENSG00000101384.12	gene|regulatory|transcript	291
chr20	5861191	5861482	ENSG00000171984.15	gene|regulatory|transcript	291
chr20	64225879	64226170	ENSG00000196132.14	gene|regulatory|transcript	291
chr20	31972395	31972686	ENSG00000260903.3	gene|regulatory|transcript	291
chr20	37351327	37351618	ENSG00000197122.13	gene|regulatory|transcript	291
chr20	44548563	44548854	ENSG00000168734.14	gene|regulatory|transcript	291
chr20	41615716	41616006	ENSG00000124177.16	gene|regulatory|transcript	290
chr20	53596595	53596885	ENSG00000171940.14	gene|regulatory|transcript	290
chr20	32476236	32476526	ENSG00000197183.15	gene|regulatory|transcript	290
chr20	8190109	8190399	ENSG00000182621.19	gene|regulatory|transcript	290
chr20	9706181	9706471	ENSG00000101349.17	gene|regulatory|transcript	290
chr20	39009071	39009361	ENSG00000101452.15	gene|regulatory|transcript	290
chr20	45051272	45051562	ENSG00000101109.13	gene|regulatory|transcript	290
chr20	10629867	10630157	ENSG00000149346.15	gene|regulatory|transcript	290
chr20	51021656	51021946	ENSG00000026559.14	gene|regulatory|transcript	290
chr20	63360357	63360647	ENSG00000101204.18|ENSG00000203900.2	gene|regulatory|transcript	290
chr20	24956593	24956883	ENSG00000077984.6	gene|regulatory|transcript	290
chr20	43982912	43983202	ENSG00000124191.18	gene|regulatory|transcript	290
chr20	62900270	62900560	ENSG00000101191.17	gene|regulatory|transcript	290
chr20	64025184	64025474	ENSG00000101161.8	gene|regulatory|transcript	290
chr20	43021466	43021756	ENSG00000196090.14	gene|regulatory|transcript	290
chr20	774978	775268	ENSG00000101276.18	gene|regulatory|transcript	290
chr20	61347114	61347404	ENSG00000179242.16	gene|regulatory|transcript	290
chr20	16296381	16296671	ENSG00000089177.20	gene|regulatory|transcript	290
chr20	43188815	43189105	ENSG00000196090.14	gene|regulatory|transcript	290
chr20	63766719	63767008	ENSG00000130584.12	gene|regulatory|transcript	289
chr20	37817864	37818153	ENSG00000132792.21	gene|regulatory|transcript	289
chr20	13874811	13875100	ENSG00000101251.13	gene|regulatory|transcript	289
chr20	36202868	36203157	ENSG00000088367.23	gene|regulatory|transcript	289
chr20	34984402	34984691	ENSG00000078814.19	gene|regulatory|transcript	289
chr20	25507753	25508042	ENSG00000101004.16	gene|regulatory|transcript	289
chr20	32462923	32463212	ENSG00000197183.15	gene|regulatory|transcript	289
chr20	53013203	53013492	ENSG00000182463.17	gene|regulatory|transcript	289
chr20	36686536	36686825	ENSG00000101079.21	gene|regulatory|transcript	289
chr20	42979541	42979830	ENSG00000196090.14	gene|regulatory|transcript	289
chr20	1245673	1245962	ENSG00000244588.6	gene|regulatory|transcript	289
chr20	19765942	19766231	ENSG00000132669.14	gene|regulatory|transcript	289
chr20	41316566	41316855	ENSG00000174306.22	gene|regulatory|transcript	289
chr20	60008536	60008825	ENSG00000124215.17	gene|regulatory|transcript	289
chr20	44582289	44582578	ENSG00000168734.14	gene|regulatory|transcript	289
chr20	62304577	62304866	ENSG00000130706.13	gene|regulatory|transcript	289
chr20	58226179	58226468	ENSG00000124227.6	gene|regulatory|transcript	289
chr20	41575372	41575661	ENSG00000124177.16	gene|regulatory|transcript	289
chr20	34755413	34755702	ENSG00000198646.14|ENSG00000286803.1	gene|regulatory|transcript	289
chr20	47768367	47768656	ENSG00000196562.16	gene|regulatory|transcript	289
chr20	43946690	43946979	ENSG00000124191.18	gene|regulatory|transcript	289
chr20	41469916	41470205	ENSG00000124177.16	gene|regulatory|transcript	289
chr20	18289052	18289341	ENSG00000125846.17	gene|regulatory|transcript	289
chr20	36543774	36544063	ENSG00000101335.10|ENSG00000232907.9	gene|regulatory|transcript	289
chr20	57248118	57248407	ENSG00000101144.13	gene|regulatory|transcript	289
chr20	37931345	37931634	ENSG00000132821.12	gene|regulatory|transcript	289
chr20	31719417	31719706	ENSG00000171552.14	gene|regulatory|transcript	289
chr20	48763161	48763450	ENSG00000124126.14	gene|regulatory|transcript	289
chr20	47347427	47347716	ENSG00000101040.20	gene|regulatory|transcript	289
chr20	2172584	2172873	ENSG00000125834.13	gene|regulatory|transcript	289
chr20	61761292	61761580	ENSG00000179242.16	gene|regulatory|transcript	288
chr20	19876969	19877257	ENSG00000132669.14	gene|regulatory|transcript	288
chr20	53174467	53174755	ENSG00000182463.17|ENSG00000223492.1	gene|regulatory|transcript	288
chr20	49007700	49007988	ENSG00000124198.10	gene|regulatory|transcript	288
chr20	3910007	3910295	ENSG00000125779.24	gene|regulatory|transcript	288
chr20	48826140	48826428	ENSG00000124126.14|ENSG00000278231.1	gene|regulatory|transcript	288
chr20	2299311	2299599	ENSG00000125780.12|ENSG00000286022.1	gene|regulatory|transcript	288
chr20	52991830	52992118	ENSG00000182463.17	gene|regulatory|transcript	288
chr20	36368470	36368758	ENSG00000080845.19	gene|regulatory|transcript	288
chr20	20546382	20546670	ENSG00000188559.16	gene|regulatory|transcript	288
chr20	41456412	41456700	ENSG00000124177.16	gene|regulatory|transcript	288
chr20	43014303	43014591	ENSG00000196090.14	gene|regulatory|transcript	288
chr20	52171069	52171357	ENSG00000020256.20	gene|regulatory|transcript	288
chr20	62303864	62304152	ENSG00000130706.13	gene|regulatory|transcript	288
chr20	25558955	25559243	ENSG00000101004.16	gene|regulatory|transcript	288
chr20	25383225	25383513	ENSG00000100997.20	gene|regulatory|transcript	288
chr20	46028127	46028415	ENSG00000124140.15	gene|regulatory|transcript	288
chr20	47507300	47507588	ENSG00000124151.19	gene|regulatory|transcript	288
chr20	37992824	37993112	ENSG00000101407.13	gene|regulatory|transcript	288
chr20	37505736	37506024	ENSG00000166619.15	gene|regulatory|transcript	288
chr20	17531379	17531667	ENSG00000125864.14	gene|regulatory|transcript	288
chr20	15296489	15296777	ENSG00000172264.19	gene|regulatory|transcript	288
chr20	20408451	20408739	ENSG00000188559.16	gene|regulatory|transcript	288
chr20	61252814	61253102	ENSG00000179242.16	gene|regulatory|transcript	288
chr20	61297655	61297943	ENSG00000179242.16	gene|regulatory|transcript	288
chr20	43915756	43916043	ENSG00000124191.18	gene|regulatory|transcript	287
chr20	62357792	62358079	ENSG00000130702.15	gene|regulatory|transcript	287
chr20	47256824	47257111	ENSG00000101040.20	gene|regulatory|transcript	287
chr20	46388206	46388493	ENSG00000062598.18|ENSG00000273828.2	gene|regulatory|transcript	287
chr20	53243865	53244152	ENSG00000182463.17	gene|regulatory|transcript	287
chr20	13291226	13291513	ENSG00000101230.6	gene|regulatory|transcript	287
chr20	62756343	62756630	ENSG00000101188.5	gene|regulatory|transcript	287
chr20	45010823	45011110	ENSG00000101109.13	gene|regulatory|transcript	287
chr20	48822946	48823233	ENSG00000124126.14|ENSG00000278231.1	gene|regulatory|transcript	287
chr20	15440465	15440752	ENSG00000172264.19	gene|regulatory|transcript	287
chr20	62824525	62824812	ENSG00000092758.18	gene|regulatory|transcript	287
chr20	43514120	43514407	ENSG00000185513.18|ENSG00000288000.1	gene|regulatory|transcript	287
chr20	63347938	63348225	ENSG00000101204.18	gene|regulatory|transcript	287
chr20	15703259	15703546	ENSG00000172264.19	gene|regulatory|transcript	287
chr20	36200484	36200771	ENSG00000088367.23	gene|regulatory|transcript	287
chr20	9608931	9609218	ENSG00000101349.17	gene|regulatory|transcript	287
chr20	58514369	58514656	ENSG00000198768.11	gene|regulatory|transcript	287
chr20	2985411	2985697	ENSG00000132670.21	gene|regulatory|transcript	286
chr20	61500991	61501277	ENSG00000179242.16	gene|regulatory|transcript	286
chr20	854415	854701	ENSG00000125898.13	gene|regulatory|transcript	286
chr20	61706650	61706936	ENSG00000179242.16	gene|regulatory|transcript	286
chr20	38878866	38879152	ENSG00000101445.10	gene|regulatory|transcript	286
chr20	63590848	63591134	ENSG00000101216.11	gene|regulatory|transcript	286
chr20	25036368	25036654	ENSG00000154930.15	gene|regulatory|transcript	286
chr20	53346836	53347122	ENSG00000182463.17|ENSG00000271774.1	gene|regulatory|transcript	286
chr20	50870908	50871194	ENSG00000124243.19	gene|regulatory|transcript	286
chr20	25623092	25623378	ENSG00000170191.5	gene|regulatory|transcript	286
chr20	59130405	59130691	ENSG00000124203.7	gene|regulatory|transcript	286
chr20	3710936	3711222	ENSG00000088827.14	gene|regulatory|transcript	286
chr20	46070553	46070839	ENSG00000124160.12	gene|regulatory|transcript	286
chr20	8535973	8536259	ENSG00000182621.19	gene|regulatory|transcript	286
chr20	44969589	44969875	ENSG00000101109.13	gene|regulatory|transcript	286
chr20	15440075	15440361	ENSG00000172264.19	gene|regulatory|transcript	286
chr20	10649134	10649420	ENSG00000101384.12	gene|regulatory|transcript	286
chr20	41155324	41155610	ENSG00000124181.15	gene|regulatory|transcript	286
chr20	36153779	36154065	ENSG00000088367.23|ENSG00000232406.8	gene|regulatory|transcript	286
chr20	51487655	51487941	ENSG00000101096.20	gene|regulatory|transcript	286
chr20	37855541	37855827	ENSG00000132792.21	gene|regulatory|transcript	286
chr20	3576079	3576365	ENSG00000088812.18	gene|regulatory|transcript	286
chr20	34717823	34718109	ENSG00000198646.14	gene|regulatory|transcript	286
chr20	1330782	1331068	ENSG00000234684.8|ENSG00000274322.1	gene|regulatory|transcript	286
chr20	59969758	59970044	ENSG00000124215.17	gene|regulatory|transcript	286
chr20	13274357	13274642	ENSG00000101230.6	gene|regulatory|transcript	285
chr20	19908579	19908864	ENSG00000132669.14	gene|regulatory|transcript	285
chr20	34558432	34558717	ENSG00000101460.13	gene|regulatory|transcript	285
chr20	25489589	25489874	ENSG00000101004.16	gene|regulatory|transcript	285
chr20	59186563	59186848	ENSG00000124203.7	gene|regulatory|transcript	285
chr20	18496063	18496348	ENSG00000089050.16	gene|regulatory|transcript	285
chr20	24609451	24609736	ENSG00000101463.6	gene|regulatory|transcript	285
chr20	14878780	14879065	ENSG00000172264.19	gene|regulatory|transcript	285
chr20	49154194	49154479	ENSG00000124214.21	gene|regulatory|transcript	285
chr20	17963637	17963922	ENSG00000089006.17|ENSG00000125850.11	gene|regulatory|transcript	285
chr20	42402514	42402799	ENSG00000196090.14	gene|regulatory|transcript	285
chr20	57656994	57657279	ENSG00000124225.16	gene|regulatory|transcript	285
chr20	14960159	14960444	ENSG00000172264.19	gene|regulatory|transcript	285
chr20	19554723	19555008	ENSG00000185052.13	gene|regulatory|transcript	285
chr20	48754682	48754967	ENSG00000124126.14	gene|regulatory|transcript	285
chr20	31856572	31856857	ENSG00000149599.16	gene|regulatory|transcript	285
chr20	62858079	62858364	ENSG00000101190.13	gene|regulatory|transcript	285
chr20	1390046	1390331	ENSG00000088832.18|ENSG00000274322.1	gene|regulatory|transcript	285
chr20	47740304	47740589	ENSG00000196562.16	gene|regulatory|transcript	285
chr20	63196869	63197154	ENSG00000149658.18	gene|regulatory|transcript	285
chr20	19929836	19930121	ENSG00000132669.14	gene|regulatory|transcript	285
chr20	38059868	38060153	ENSG00000101413.12	gene|regulatory|transcript	285
chr20	15419572	15419856	ENSG00000172264.19	gene|regulatory|transcript	284
chr20	32672586	32672870	ENSG00000198547.10|ENSG00000285382.1	gene|regulatory|transcript	284
chr20	46089532	46089816	ENSG00000124160.12	gene|regulatory|transcript	284
chr20	47568001	47568285	ENSG00000124151.19	gene|regulatory|transcript	284
chr20	50924575	50924859	ENSG00000101126.18	gene|regulatory|transcript	284
chr20	5001668	5001952	ENSG00000089057.15	gene|regulatory|transcript	284
chr20	41526396	41526680	ENSG00000124177.16	gene|regulatory|transcript	284
chr20	9163255	9163539	ENSG00000101333.19	gene|regulatory|transcript	284
chr20	43006429	43006713	ENSG00000196090.14	gene|regulatory|transcript	284
chr20	15808798	15809082	ENSG00000172264.19	gene|regulatory|transcript	284
chr20	62922651	62922935	ENSG00000101191.17	gene|regulatory|transcript	284
chr20	32315933	32316217	ENSG00000101350.8	gene|regulatory|transcript	284
chr20	4886027	4886311	ENSG00000089057.15	gene|regulatory|transcript	284
chr20	53379430	53379714	ENSG00000182463.17|ENSG00000271774.1	gene|regulatory|transcript	284
chr20	8326283	8326567	ENSG00000182621.19	gene|regulatory|transcript	284
chr20	57399643	57399927	ENSG00000132819.17	gene|regulatory|transcript	284
chr20	63364316	63364600	ENSG00000101204.18|ENSG00000203900.2	gene|regulatory|transcript	284
chr20	48735161	48735445	ENSG00000124126.14	gene|regulatory|transcript	284
chr20	42138752	42139036	ENSG00000196090.14	gene|regulatory|transcript	284
chr20	14291566	14291850	ENSG00000172264.19	gene|regulatory|transcript	284
chr20	36154455	36154739	ENSG00000088367.23|ENSG00000232406.8	gene|regulatory|transcript	284
chr20	10253787	10254071	ENSG00000132639.15|ENSG00000227906.10	gene|regulatory|transcript	284
chr20	8476041	8476325	ENSG00000182621.19	gene|regulatory|transcript	284
chr20	19274671	19274955	ENSG00000179447.2|ENSG00000185052.13	gene|regulatory|transcript	284
chr20	59225179	59225463	ENSG00000124203.7	gene|regulatory|transcript	284
chr20	19303719	19304003	ENSG00000185052.13	gene|regulatory|transcript	284
chr20	50871226	50871510	ENSG00000124243.19	gene|regulatory|transcript	284
chr20	3406747	3407031	ENSG00000088854.13|ENSG00000288577.1	gene|regulatory|transcript	284
chr20	25574471	25574755	ENSG00000101004.16	gene|regulatory|transcript	284
chr20	17605361	17605644	ENSG00000125868.16	gene|regulatory|transcript	283
chr20	61500702	61500985	ENSG00000179242.16	gene|regulatory|transcript	283
chr20	57404428	57404711	ENSG00000132819.17	gene|regulatory|transcript	283
chr20	43569756	43570039	ENSG00000101049.18	gene|regulatory|transcript	283
chr20	51494520	51494803	ENSG00000101096.20	gene|regulatory|transcript	283
chr20	45774999	45775282	ENSG00000124116.19	gene|regulatory|transcript	283
chr20	61733981	61734264	ENSG00000179242.16	gene|regulatory|transcript	283
chr20	9701099	9701382	ENSG00000101349.17	gene|regulatory|transcript	283
chr20	4166508	4166791	ENSG00000088826.18	gene|regulatory|transcript	283
chr20	48776999	48777282	ENSG00000124126.14	gene|regulatory|transcript	283
chr20	14055190	14055473	ENSG00000172264.19	gene|regulatory|transcript	283
chr20	47137514	47137797	ENSG00000064655.19	gene|regulatory|transcript	283
chr20	51533772	51534055	ENSG00000101096.20	gene|regulatory|transcript	283
chr20	47303139	47303422	ENSG00000101040.20	gene|regulatory|transcript	283
chr20	37354504	37354787	ENSG00000197122.13	gene|regulatory|transcript	283
chr20	59925942	59926225	ENSG00000196074.13	gene|regulatory|transcript	283
chr20	44979263	44979546	ENSG00000101109.13	gene|regulatory|transcript	283
chr20	36606790	36607073	ENSG00000101084.19|ENSG00000259399.1	gene|regulatory|transcript	283
chr20	49668588	49668871	ENSG00000158470.5	gene|regulatory|transcript	283
chr20	14919946	14920229	ENSG00000172264.19|ENSG00000235914.2	gene|regulatory|transcript	283
chr20	38932804	38933087	ENSG00000101447.15	gene|regulatory|transcript	283
chr20	32526185	32526468	ENSG00000197183.15	gene|regulatory|transcript	283
chr20	8375964	8376247	ENSG00000182621.19	gene|regulatory|transcript	283
chr20	61705990	61706273	ENSG00000179242.16	gene|regulatory|transcript	283
chr20	24959089	24959372	ENSG00000077984.6	gene|regulatory|transcript	283
chr20	33526847	33527130	ENSG00000078699.22	gene|regulatory|transcript	283
chr20	62820660	62820943	ENSG00000092758.18	gene|regulatory|transcript	283
chr20	59212223	59212506	ENSG00000124203.7	gene|regulatory|transcript	283
chr20	59224506	59224789	ENSG00000124203.7	gene|regulatory|transcript	283
chr20	17616873	17617155	ENSG00000125844.17	gene|regulatory|transcript	282
chr20	31858325	31858607	ENSG00000149599.16	gene|regulatory|transcript	282
chr20	14342967	14343249	ENSG00000172264.19	gene|regulatory|transcript	282
chr20	64054003	64054285	ENSG00000171703.17	gene|regulatory|transcript	282
chr20	62647188	62647470	ENSG00000101187.16	gene|regulatory|transcript	282
chr20	62798055	62798337	ENSG00000101189.7	gene|regulatory|transcript	282
chr20	15788242	15788524	ENSG00000172264.19	gene|regulatory|transcript	282
chr20	44029115	44029397	ENSG00000124191.18	gene|regulatory|transcript	282
chr20	19946096	19946378	ENSG00000132669.14	gene|regulatory|transcript	282
chr20	34982782	34983064	ENSG00000078814.19	gene|regulatory|transcript	282
chr20	64077520	64077802	ENSG00000171700.14	gene|regulatory|transcript	282
chr20	49132957	49133239	ENSG00000124214.21	gene|regulatory|transcript	282
chr20	35339107	35339389	ENSG00000101019.22	gene|regulatory|transcript	282
chr20	57611977	57612259	ENSG00000124256.15	gene|regulatory|transcript	282
chr20	63546300	63546582	ENSG00000125508.4	gene|regulatory|transcript	282
chr20	61803495	61803777	ENSG00000179242.16	gene|regulatory|transcript	282
chr20	38158135	38158417	ENSG00000198959.12	gene|regulatory|transcript	282
chr20	63968484	63968766	ENSG00000196700.9	gene|regulatory|transcript	282
chr20	8426260	8426542	ENSG00000182621.19	gene|regulatory|transcript	282
chr20	38997725	38998007	ENSG00000101452.15	gene|regulatory|transcript	282
chr20	61875551	61875833	ENSG00000179242.16	gene|regulatory|transcript	282
chr20	57493177	57493458	ENSG00000124097.8	gene|regulatory|transcript	281
chr20	46928640	46928921	ENSG00000064655.19	gene|regulatory|transcript	281
chr20	61521756	61522037	ENSG00000179242.16	gene|regulatory|transcript	281
chr20	32455127	32455408	ENSG00000197183.15	gene|regulatory|transcript	281
chr20	41158268	41158549	ENSG00000124181.15	gene|regulatory|transcript	281
chr20	42918859	42919140	ENSG00000196090.14	gene|regulatory|transcript	281
chr20	50515174	50515455	ENSG00000196396.10	gene|regulatory|transcript	281
chr20	48712490	48712771	ENSG00000124126.14	gene|regulatory|transcript	281
chr20	61406439	61406720	ENSG00000179242.16	gene|regulatory|transcript	281
chr20	37005591	37005872	ENSG00000080839.12	gene|regulatory|transcript	281
chr20	10640175	10640456	ENSG00000101384.12	gene|regulatory|transcript	281
chr20	32536838	32537119	ENSG00000197183.15	gene|regulatory|transcript	281
chr20	62401583	62401864	ENSG00000149679.12	gene|regulatory|transcript	281
chr20	61419102	61419383	ENSG00000179242.16	gene|regulatory|transcript	281
chr20	61588475	61588756	ENSG00000179242.16	gene|regulatory|transcript	281
chr20	62260424	62260705	ENSG00000130703.17	gene|regulatory|transcript	281
chr20	49414980	49415261	ENSG00000158445.10|ENSG00000290421.1	gene|regulatory|transcript	281
chr20	44597595	44597876	ENSG00000168734.14|ENSG00000196839.14	gene|regulatory|transcript	281
chr20	16275878	16276159	ENSG00000089177.20	gene|regulatory|transcript	281
chr20	3794781	3795062	ENSG00000101224.18	gene|regulatory|transcript	281
chr20	19291212	19291493	ENSG00000185052.13	gene|regulatory|transcript	281
chr20	61913864	61914145	ENSG00000179242.16	gene|regulatory|transcript	281
chr20	63948787	63949068	ENSG00000198276.16	gene|regulatory|transcript	281
chr20	62903237	62903518	ENSG00000101191.17	gene|regulatory|transcript	281
chr20	35341444	35341725	ENSG00000101019.22	gene|regulatory|transcript	281
chr20	6053514	6053795	ENSG00000125872.9	gene|regulatory|transcript	281
chr20	38134343	38134624	ENSG00000198959.12	gene|regulatory|transcript	281
chr20	19692680	19692960	ENSG00000185052.13	gene|regulatory|transcript	280
chr20	19816025	19816305	ENSG00000132669.14	gene|regulatory|transcript	280
chr20	18626340	18626620	ENSG00000125821.13|ENSG00000284776.1	gene|regulatory|transcript	280
chr20	24502742	24503022	ENSG00000101463.6	gene|regulatory|transcript	280
chr20	57667977	57668257	ENSG00000124225.16	gene|regulatory|transcript	280
chr20	20396781	20397061	ENSG00000188559.16	gene|regulatory|transcript	280
chr20	56002628	56002908	ENSG00000054803.4	gene|regulatory|transcript	280
chr20	9075283	9075563	ENSG00000101333.19	gene|regulatory|transcript	280
chr20	31557410	31557690	ENSG00000101294.19	gene|regulatory|transcript	280
chr20	57241671	57241951	ENSG00000101144.13	gene|regulatory|transcript	280
chr20	4926220	4926500	ENSG00000089057.15	gene|regulatory|transcript	280
chr20	4904557	4904837	ENSG00000089057.15	gene|regulatory|transcript	280
chr20	13941723	13942003	ENSG00000101251.13	gene|regulatory|transcript	280
chr20	53216178	53216458	ENSG00000182463.17	gene|regulatory|transcript	280
chr20	46244113	46244393	ENSG00000149654.11	gene|regulatory|transcript	280
chr20	1227242	1227522	ENSG00000244588.6	gene|regulatory|transcript	280
chr20	64222340	64222620	ENSG00000196132.14	gene|regulatory|transcript	280
chr20	41483610	41483890	ENSG00000124177.16	gene|regulatory|transcript	280
chr20	59605873	59606153	ENSG00000087495.17	gene|regulatory|transcript	280
chr20	43007035	43007315	ENSG00000196090.14	gene|regulatory|transcript	280
chr20	48687531	48687811	ENSG00000124126.14	gene|regulatory|transcript	280
chr20	64211340	64211620	ENSG00000196132.14	gene|regulatory|transcript	280
chr20	2276117	2276397	ENSG00000286022.1	gene|regulatory|transcript	280
chr20	36614024	36614304	ENSG00000101082.14	gene|regulatory|transcript	280
chr20	13411636	13411915	ENSG00000089123.16	gene|regulatory|transcript	279
chr20	61962285	61962564	ENSG00000130699.20	gene|regulatory|transcript	279
chr20	9515720	9515999	ENSG00000125869.10	gene|regulatory|transcript	279
chr20	533610	533889	ENSG00000101266.19	gene|regulatory|transcript	279
chr20	59235282	59235561	ENSG00000124203.7	gene|regulatory|transcript	279
chr20	32464325	32464604	ENSG00000197183.15	gene|regulatory|transcript	279
chr20	36122058	36122337	ENSG00000088367.23	gene|regulatory|transcript	279
chr20	17395851	17396130	ENSG00000125851.10	gene|regulatory|transcript	279
chr20	50845955	50846234	ENSG00000124243.19	gene|regulatory|transcript	279
chr20	51634295	51634574	ENSG00000054793.14	gene|regulatory|transcript	279
chr20	51507321	51507600	ENSG00000101096.20	gene|regulatory|transcript	279
chr20	44970242	44970521	ENSG00000101109.13	gene|regulatory|transcript	279
chr20	32465134	32465413	ENSG00000197183.15	gene|regulatory|transcript	279
chr20	5591719	5591998	ENSG00000125772.14	gene|regulatory|transcript	279
chr20	8360984	8361263	ENSG00000182621.19	gene|regulatory|transcript	279
chr20	38023462	38023741	ENSG00000101407.13	gene|regulatory|transcript	279
chr20	16024556	16024835	ENSG00000172264.19	gene|regulatory|transcript	279
chr20	47242245	47242524	ENSG00000101040.20	gene|regulatory|transcript	279
chr20	1900383	1900662	ENSG00000198053.12	gene|regulatory|transcript	279
chr20	41161932	41162211	ENSG00000124181.15	gene|regulatory|transcript	279
chr20	64010477	64010756	ENSG00000101161.8	gene|regulatory|transcript	279
chr20	64054387	64054666	ENSG00000171703.17	gene|regulatory|transcript	279
chr20	35252645	35252923	ENSG00000125966.10|ENSG00000126005.17	gene|regulatory|transcript	278
chr20	50133511	50133789	ENSG00000124208.16|ENSG00000240849.11	gene|regulatory|transcript	278
chr20	32582154	32582432	ENSG00000197183.15|ENSG00000228156.1	gene|regulatory|transcript	278
chr20	4130934	4131212	ENSG00000088826.18	gene|regulatory|transcript	278
chr20	62363392	62363670	ENSG00000130702.15	gene|regulatory|transcript	278
chr20	48723418	48723696	ENSG00000124126.14	gene|regulatory|transcript	278
chr20	43942715	43942993	ENSG00000124191.18	gene|regulatory|transcript	278
chr20	35616307	35616585	ENSG00000061656.11	gene|regulatory|transcript	278
chr20	17959336	17959614	ENSG00000089006.17|ENSG00000125850.11	gene|regulatory|transcript	278
chr20	54535130	54535408	ENSG00000101134.12	gene|regulatory|transcript	278
chr20	63613232	63613510	ENSG00000101216.11	gene|regulatory|transcript	278
chr20	21396533	21396811	ENSG00000125816.5	gene|regulatory|transcript	278
chr20	61253685	61253963	ENSG00000179242.16	gene|regulatory|transcript	278
chr20	24581728	24582006	ENSG00000101463.6	gene|regulatory|transcript	278
chr20	63915510	63915788	ENSG00000101152.12|ENSG00000290226.1	gene|regulatory|transcript	278
chr20	25045296	25045574	ENSG00000154930.15	gene|regulatory|transcript	278
chr20	57658753	57659031	ENSG00000124225.16	gene|regulatory|transcript	278
chr20	57705157	57705435	ENSG00000124225.16	gene|regulatory|transcript	278
chr20	57514313	57514591	ENSG00000124092.13	gene|regulatory|transcript	278
chr20	1912110	1912388	ENSG00000198053.12	gene|regulatory|transcript	278
chr20	10670139	10670417	ENSG00000101384.12	gene|regulatory|transcript	278
chr20	46583669	46583947	ENSG00000158296.14	gene|regulatory|transcript	278
chr20	46406632	46406910	ENSG00000062598.18	gene|regulatory|transcript	278
chr20	54065685	54065962	ENSG00000064787.14	gene|regulatory|transcript	277
chr20	2559605	2559882	ENSG00000149488.14	gene|regulatory|transcript	277
chr20	56636754	56637031	ENSG00000087510.7	gene|regulatory|transcript	277
chr20	3046762	3047039	ENSG00000125901.6	gene|regulatory|transcript	277
chr20	17628342	17628619	ENSG00000125844.17	gene|regulatory|transcript	277
chr20	59631844	59632121	ENSG00000087495.17	gene|regulatory|transcript	277
chr20	43669369	43669646	ENSG00000101057.16	gene|regulatory|transcript	277
chr20	61788094	61788371	ENSG00000179242.16	gene|regulatory|transcript	277
chr20	10602319	10602596	ENSG00000149346.15	gene|regulatory|transcript	277
chr20	284145	284422	ENSG00000196476.12	gene|regulatory|transcript	277
chr20	44210359	44210636	ENSG00000132823.11	gene|regulatory|transcript	277
chr20	38929198	38929475	ENSG00000101447.15	gene|regulatory|transcript	277
chr20	42433022	42433299	ENSG00000196090.14	gene|regulatory|transcript	277
chr20	20411475	20411752	ENSG00000188559.16	gene|regulatory|transcript	277
chr20	46901726	46902003	ENSG00000064655.19	gene|regulatory|transcript	277
chr20	2239918	2240195	ENSG00000286022.1	gene|regulatory|transcript	277
chr20	2125542	2125819	ENSG00000125834.13	gene|regulatory|transcript	277
chr20	34753779	34754056	ENSG00000198646.14|ENSG00000286803.1	gene|regulatory|transcript	277
chr20	3891628	3891905	ENSG00000125779.24	gene|regulatory|transcript	277
chr20	33684703	33684979	ENSG00000101412.13	gene|regulatory|transcript	276
chr20	6003385	6003661	ENSG00000278719.1|ENSG00000286235.1	gene|regulatory|transcript	276
chr20	15035794	15036070	ENSG00000172264.19	gene|regulatory|transcript	276
chr20	44616645	44616921	ENSG00000168734.14|ENSG00000196839.14	gene|regulatory|transcript	276
chr20	34022859	34023135	ENSG00000125970.12	gene|regulatory|transcript	276
chr20	33516968	33517244	ENSG00000078699.22	gene|regulatory|transcript	276
chr20	8657284	8657560	ENSG00000182621.19	gene|regulatory|transcript	276
chr20	25277326	25277602	ENSG00000100994.12	gene|regulatory|transcript	276
chr20	15447578	15447854	ENSG00000172264.19	gene|regulatory|transcript	276
chr20	37524095	37524371	ENSG00000166619.15	gene|regulatory|transcript	276
chr20	37349608	37349884	ENSG00000197122.13	gene|regulatory|transcript	276
chr20	47308876	47309152	ENSG00000101040.20	gene|regulatory|transcript	276
chr20	9160813	9161089	ENSG00000101333.19	gene|regulatory|transcript	276
chr20	57210081	57210357	ENSG00000101144.13	gene|regulatory|transcript	276
chr20	2150722	2150998	ENSG00000125834.13	gene|regulatory|transcript	276
chr20	774075	774351	ENSG00000101276.18	gene|regulatory|transcript	276
chr20	2564449	2564725	ENSG00000149488.14	gene|regulatory|transcript	276
chr20	10002912	10003188	ENSG00000132623.16|ENSG00000243961.2	gene|regulatory|transcript	276
chr20	57679290	57679566	ENSG00000124225.16	gene|regulatory|transcript	276
chr20	38948000	38948276	ENSG00000101447.15	gene|regulatory|transcript	276
chr20	19602752	19603028	ENSG00000185052.13	gene|regulatory|transcript	276
chr20	44394598	44394874	ENSG00000101076.20|ENSG00000229005.2	gene|regulatory|transcript	276
chr20	19483421	19483696	ENSG00000185052.13	gene|regulatory|transcript	275
chr20	43508267	43508542	ENSG00000185513.18|ENSG00000288000.1	gene|regulatory|transcript	275
chr20	1535890	1536165	ENSG00000125900.13|ENSG00000242324.1	gene|regulatory|transcript	275
chr20	51471134	51471409	ENSG00000101096.20	gene|regulatory|transcript	275
chr20	4169609	4169884	ENSG00000088826.18	gene|regulatory|transcript	275
chr20	49156541	49156816	ENSG00000124214.21	gene|regulatory|transcript	275
chr20	53591123	53591398	ENSG00000171940.14	gene|regulatory|transcript	275
chr20	53103188	53103463	ENSG00000182463.17	gene|regulatory|transcript	275
chr20	49832064	49832339	ENSG00000197818.12	gene|regulatory|transcript	275
chr20	49874821	49875096	ENSG00000197818.12	gene|regulatory|transcript	275
chr20	35661520	35661795	ENSG00000214078.13|ENSG00000244462.8|ENSG00000272897.5	gene|regulatory|transcript	275
chr20	49701517	49701792	ENSG00000158470.5	gene|regulatory|transcript	275
chr20	15890467	15890742	ENSG00000172264.19	gene|regulatory|transcript	275
chr20	38629002	38629277	ENSG00000124143.11	gene|regulatory|transcript	275
chr20	51712540	51712815	ENSG00000054793.14	gene|regulatory|transcript	275
chr20	51702601	51702876	ENSG00000054793.14	gene|regulatory|transcript	275
chr20	25054226	25054501	ENSG00000154930.15	gene|regulatory|transcript	275
chr20	45053180	45053455	ENSG00000101109.13	gene|regulatory|transcript	275
chr20	51019723	51019998	ENSG00000026559.14	gene|regulatory|transcript	275
chr20	44204174	44204449	ENSG00000132823.11	gene|regulatory|transcript	275
chr20	58900410	58900685	ENSG00000087460.29	gene|regulatory|transcript	275
chr20	13554146	13554421	ENSG00000089123.16	gene|regulatory|transcript	275
chr20	38156347	38156622	ENSG00000198959.12	gene|regulatory|transcript	275
chr20	46946068	46946343	ENSG00000064655.19	gene|regulatory|transcript	275
chr20	53590161	53590436	ENSG00000171940.14	gene|regulatory|transcript	275
chr20	62423367	62423642	ENSG00000130701.4	gene|regulatory|transcript	275
chr20	53595759	53596034	ENSG00000171940.14	gene|regulatory|transcript	275
chr20	15924767	15925041	ENSG00000172264.19|ENSG00000286546.1	gene|regulatory|transcript	274
chr20	15676138	15676412	ENSG00000172264.19	gene|regulatory|transcript	274
chr20	50686791	50687065	ENSG00000042062.13	gene|regulatory|transcript	274
chr20	59586048	59586322	ENSG00000087495.17	gene|regulatory|transcript	274
chr20	33673586	33673860	ENSG00000125967.17	gene|regulatory|transcript	274
chr20	61385354	61385628	ENSG00000179242.16	gene|regulatory|transcript	274
chr20	16477661	16477935	ENSG00000089177.20	gene|regulatory|transcript	274
chr20	14956632	14956906	ENSG00000172264.19	gene|regulatory|transcript	274
chr20	8485532	8485806	ENSG00000182621.19	gene|regulatory|transcript	274
chr20	17534130	17534404	ENSG00000125864.14	gene|regulatory|transcript	274
chr20	50755191	50755465	ENSG00000124171.9	gene|regulatory|transcript	274
chr20	21146764	21147038	ENSG00000088970.16	gene|regulatory|transcript	274
chr20	2104314	2104588	ENSG00000125834.13	gene|regulatory|transcript	274
chr20	61925499	61925773	ENSG00000179242.16	gene|regulatory|transcript	274
chr20	8368729	8369003	ENSG00000182621.19	gene|regulatory|transcript	274
chr20	62727877	62728151	ENSG00000101188.5	gene|regulatory|transcript	274
chr20	35085626	35085900	ENSG00000100991.12	gene|regulatory|transcript	274
chr20	17589525	17589799	ENSG00000125868.16	gene|regulatory|transcript	274
chr20	34406832	34407106	ENSG00000078747.17|ENSG00000289720.1	gene|regulatory|transcript	274
chr20	58697326	58697599	ENSG00000215440.12|ENSG00000254995.4	gene|regulatory|transcript	273
chr20	33825612	33825885	ENSG00000101421.4	gene|regulatory|transcript	273
chr20	49951223	49951496	ENSG00000124226.11	gene|regulatory|transcript	273
chr20	34983416	34983689	ENSG00000078814.19	gene|regulatory|transcript	273
chr20	36944339	36944612	ENSG00000101347.11	gene|regulatory|transcript	273
chr20	2911200	2911473	ENSG00000132670.21	gene|regulatory|transcript	273
chr20	17315432	17315705	ENSG00000125851.10	gene|regulatory|transcript	273
chr20	3477880	3478153	ENSG00000088812.18	gene|regulatory|transcript	273
chr20	32057738	32058011	ENSG00000101336.18	gene|regulatory|transcript	273
chr20	31862151	31862424	ENSG00000149599.16	gene|regulatory|transcript	273
chr20	5846541	5846814	ENSG00000171984.15	gene|regulatory|transcript	273
chr20	1185415	1185688	ENSG00000125818.18	gene|regulatory|transcript	273
chr20	59961471	59961744	ENSG00000124215.17	gene|regulatory|transcript	273
chr20	62648062	62648335	ENSG00000101187.16	gene|regulatory|transcript	273
chr20	17377675	17377948	ENSG00000125851.10	gene|regulatory|transcript	273
chr20	41424897	41425170	ENSG00000124177.16	gene|regulatory|transcript	273
chr20	44970605	44970878	ENSG00000101109.13	gene|regulatory|transcript	273
chr20	1363661	1363934	ENSG00000234684.8|ENSG00000274322.1	gene|regulatory|transcript	273
chr20	19991021	19991294	ENSG00000132669.14	gene|regulatory|transcript	273
chr20	9096658	9096931	ENSG00000101333.19	gene|regulatory|transcript	273
chr20	62032030	62032303	ENSG00000130699.20	gene|regulatory|transcript	273
chr20	62246540	62246813	ENSG00000130703.17	gene|regulatory|transcript	273
chr20	38376326	38376599	ENSG00000129988.6	gene|regulatory|transcript	273
chr20	38164666	38164939	ENSG00000198959.12	gene|regulatory|transcript	273
chr20	9227970	9228243	ENSG00000101333.19	gene|regulatory|transcript	273
chr20	63951677	63951950	ENSG00000198276.16	gene|regulatory|transcript	273
chr20	24653399	24653672	ENSG00000101463.6	gene|regulatory|transcript	273
chr20	24978493	24978766	ENSG00000101474.12	gene|regulatory|transcript	273
chr20	23878027	23878300	ENSG00000170367.5	gene|regulatory|transcript	273
chr20	9241419	9241692	ENSG00000101333.19	gene|regulatory|transcript	273
chr20	34386290	34386563	ENSG00000078747.17|ENSG00000289720.1	gene|regulatory|transcript	273
chr20	61683345	61683618	ENSG00000179242.16	gene|regulatory|transcript	273
chr20	10664100	10664373	ENSG00000101384.12	gene|regulatory|transcript	273
chr20	44153768	44154041	ENSG00000149596.7	gene|regulatory|transcript	273
chr20	19620065	19620337	ENSG00000185052.13	gene|regulatory|transcript	272
chr20	16317492	16317764	ENSG00000089177.20	gene|regulatory|transcript	272
chr20	62124073	62124345	ENSG00000149657.20	gene|regulatory|transcript	272
chr20	62922304	62922576	ENSG00000101191.17	gene|regulatory|transcript	272
chr20	9475162	9475434	ENSG00000101333.19	gene|regulatory|transcript	272
chr20	17541642	17541914	ENSG00000125864.14	gene|regulatory|transcript	272
chr20	59661637	59661909	ENSG00000087495.17	gene|regulatory|transcript	272
chr20	41051124	41051396	ENSG00000198900.7	gene|regulatory|transcript	272
chr20	62659856	62660128	ENSG00000101187.16	gene|regulatory|transcript	272
chr20	33433566	33433838	ENSG00000101400.6	gene|regulatory|transcript	272
chr20	32829365	32829637	ENSG00000101367.9	gene|regulatory|transcript	272
chr20	17403837	17404109	ENSG00000125851.10	gene|regulatory|transcript	272
chr20	24635203	24635475	ENSG00000101463.6	gene|regulatory|transcript	272
chr20	14827033	14827305	ENSG00000172264.19	gene|regulatory|transcript	272
chr20	20614427	20614699	ENSG00000188559.16	gene|regulatory|transcript	272
chr20	58310232	58310504	ENSG00000124209.4	gene|regulatory|transcript	272
chr20	53598718	53598990	ENSG00000171940.14	gene|regulatory|transcript	272
chr20	4949779	4950051	ENSG00000089057.15	gene|regulatory|transcript	272
chr20	33817348	33817620	ENSG00000101421.4	gene|regulatory|transcript	272
chr20	48788131	48788403	ENSG00000124126.14	gene|regulatory|transcript	272
chr20	8339421	8339693	ENSG00000182621.19	gene|regulatory|transcript	272
chr20	44384776	44385048	ENSG00000101076.20|ENSG00000229005.2	gene|regulatory|transcript	272
chr20	59753897	59754169	ENSG00000087495.17	gene|regulatory|transcript	272
chr20	1364123	1364395	ENSG00000234684.8|ENSG00000274322.1	gene|regulatory|transcript	272
chr20	47296999	47297271	ENSG00000101040.20	gene|regulatory|transcript	272
chr20	19952468	19952740	ENSG00000132669.14	gene|regulatory|transcript	272
chr20	58429415	58429687	ENSG00000124164.16	gene|regulatory|transcript	272
chr20	38093838	38094110	ENSG00000101413.12	gene|regulatory|transcript	272
chr20	25214425	25214697	ENSG00000197586.13	gene|regulatory|transcript	272
chr20	48932755	48933027	ENSG00000124198.10	gene|regulatory|transcript	272
chr20	13870214	13870486	ENSG00000101251.13	gene|regulatory|transcript	272
chr20	38534785	38535056	ENSG00000170471.15	gene|regulatory|transcript	271
chr20	33095958	33096229	ENSG00000186191.9	gene|regulatory|transcript	271
chr20	20684112	20684383	ENSG00000188559.16	gene|regulatory|transcript	271
chr20	32570517	32570788	ENSG00000197183.15|ENSG00000233293.1	gene|regulatory|transcript	271
chr20	38893849	38894120	ENSG00000101445.10	gene|regulatory|transcript	271
chr20	9150772	9151043	ENSG00000101333.19	gene|regulatory|transcript	271
chr20	57211969	57212240	ENSG00000101144.13	gene|regulatory|transcript	271
chr20	41613326	41613597	ENSG00000124177.16	gene|regulatory|transcript	271
chr20	59636855	59637126	ENSG00000087495.17	gene|regulatory|transcript	271
chr20	371461	371732	ENSG00000101255.12	gene|regulatory|transcript	271
chr20	48953846	48954117	ENSG00000124198.10	gene|regulatory|transcript	271
chr20	8226147	8226418	ENSG00000182621.19	gene|regulatory|transcript	271
chr20	47660263	47660534	ENSG00000196562.16	gene|regulatory|transcript	271
chr20	17653079	17653350	ENSG00000125844.17	gene|regulatory|transcript	271
chr20	2798893	2799164	ENSG00000088882.8	gene|regulatory|transcript	271
chr20	10201542	10201813	ENSG00000132639.15|ENSG00000227906.10	gene|regulatory|transcript	271
chr20	57224840	57225111	ENSG00000101144.13	gene|regulatory|transcript	271
chr20	21225209	21225480	ENSG00000088970.16	gene|regulatory|transcript	271
chr20	20594176	20594447	ENSG00000188559.16	gene|regulatory|transcript	271
chr20	10217416	10217687	ENSG00000132639.15|ENSG00000227906.10	gene|regulatory|transcript	271
chr20	42613086	42613357	ENSG00000196090.14	gene|regulatory|transcript	271
chr20	891368	891639	ENSG00000101280.8	gene|regulatory|transcript	271
chr20	35208122	35208393	ENSG00000101000.6|ENSG00000126005.17	gene|regulatory|transcript	271
chr20	2385519	2385790	ENSG00000166948.10	gene|regulatory|transcript	271
chr20	34863730	34864001	ENSG00000131067.17	gene|regulatory|transcript	271
chr20	13934980	13935251	ENSG00000101251.13	gene|regulatory|transcript	271
chr20	57394486	57394757	ENSG00000132819.17	gene|regulatory|transcript	271
chr20	13010094	13010365	ENSG00000172296.13	gene|regulatory|transcript	271
chr20	9837698	9837969	ENSG00000101349.17|ENSG00000286470.1	gene|regulatory|transcript	271
chr20	13157909	13158179	ENSG00000172296.13	gene|regulatory|transcript	270
chr20	14284508	14284778	ENSG00000172264.19	gene|regulatory|transcript	270
chr20	19661822	19662092	ENSG00000185052.13	gene|regulatory|transcript	270
chr20	17596280	17596550	ENSG00000125868.16	gene|regulatory|transcript	270
chr20	4795504	4795774	ENSG00000101265.16	gene|regulatory|transcript	270
chr20	62355507	62355777	ENSG00000130702.15|ENSG00000228812.9	gene|regulatory|transcript	270
chr20	54017115	54017385	ENSG00000064787.14	gene|regulatory|transcript	270
chr20	10224635	10224905	ENSG00000132639.15|ENSG00000227906.10	gene|regulatory|transcript	270
chr20	36466504	36466774	ENSG00000080845.19	gene|regulatory|transcript	270
chr20	2901268	2901538	ENSG00000132670.21	gene|regulatory|transcript	270
chr20	38807332	38807602	ENSG00000101445.10	gene|regulatory|transcript	270
chr20	62022058	62022328	ENSG00000130699.20	gene|regulatory|transcript	270
chr20	42613466	42613736	ENSG00000196090.14	gene|regulatory|transcript	270
chr20	25533222	25533492	ENSG00000101004.16	gene|regulatory|transcript	270
chr20	46085597	46085867	ENSG00000124160.12	gene|regulatory|transcript	270
chr20	35899099	35899369	ENSG00000025293.17	gene|regulatory|transcript	270
chr20	10179620	10179890	ENSG00000132639.15|ENSG00000227906.10|ENSG00000230506.2|ENSG00000232448.2	gene|regulatory|transcript	270
chr20	62926505	62926775	ENSG00000101191.17	gene|regulatory|transcript	270
chr20	51531215	51531485	ENSG00000101096.20	gene|regulatory|transcript	270
chr20	50153093	50153363	ENSG00000124208.16|ENSG00000240849.11	gene|regulatory|transcript	270
chr20	34724182	34724452	ENSG00000198646.14	gene|regulatory|transcript	270
chr20	64187876	64188146	ENSG00000196132.14	gene|regulatory|transcript	270
chr20	64258153	64258423	ENSG00000203880.13	gene|regulatory|transcript	270
chr20	4821622	4821892	ENSG00000101265.16	gene|regulatory|transcript	270
chr20	20525355	20525625	ENSG00000188559.16	gene|regulatory|transcript	270
chr20	18430176	18430446	ENSG00000089091.17	gene|regulatory|transcript	270
chr20	58342341	58342611	ENSG00000124209.4	gene|regulatory|transcript	270
chr20	34583607	34583876	ENSG00000101464.11	gene|regulatory|transcript	269
chr20	34635197	34635466	ENSG00000101464.11	gene|regulatory|transcript	269
chr20	47127612	47127881	ENSG00000064655.19	gene|regulatory|transcript	269
chr20	50624274	50624543	ENSG00000042062.13	gene|regulatory|transcript	269
chr20	57508899	57509168	ENSG00000124092.13	gene|regulatory|transcript	269
chr20	34529002	34529271	ENSG00000125971.18|ENSG00000289720.1	gene|regulatory|transcript	269
chr20	20182773	20183042	ENSG00000089101.19	gene|regulatory|transcript	269
chr20	46410926	46411195	ENSG00000062598.18	gene|regulatory|transcript	269
chr20	9218673	9218942	ENSG00000101333.19	gene|regulatory|transcript	269
chr20	32731486	32731755	ENSG00000149600.12|ENSG00000285382.1	gene|regulatory|transcript	269
chr20	32845855	32846124	ENSG00000101367.9|ENSG00000260536.1	gene|regulatory|transcript	269
chr20	59814965	59815234	ENSG00000087495.17	gene|regulatory|transcript	269
chr20	62063279	62063548	ENSG00000130699.20	gene|regulatory|transcript	269
chr20	61683789	61684058	ENSG00000179242.16	gene|regulatory|transcript	269
chr20	2285695	2285964	ENSG00000286022.1	gene|regulatory|transcript	269
chr20	61466292	61466561	ENSG00000179242.16	gene|regulatory|transcript	269
chr20	1329139	1329408	ENSG00000234684.8|ENSG00000274322.1	gene|regulatory|transcript	269
chr20	41143400	41143669	ENSG00000124181.15	gene|regulatory|transcript	269
chr20	14853200	14853469	ENSG00000172264.19	gene|regulatory|transcript	269
chr20	49675446	49675715	ENSG00000158470.5	gene|regulatory|transcript	269
chr20	32536397	32536666	ENSG00000197183.15	gene|regulatory|transcript	269
chr20	25320318	25320587	ENSG00000100997.20	gene|regulatory|transcript	269
chr20	54557943	54558212	ENSG00000101134.12	gene|regulatory|transcript	269
chr20	32362085	32362354	ENSG00000171456.22	gene|regulatory|transcript	269
chr20	20237376	20237645	ENSG00000089101.19	gene|regulatory|transcript	269
chr20	61932615	61932884	ENSG00000179242.16	gene|regulatory|transcript	269
chr20	660649	660918	ENSG00000270299.1	gene|regulatory|transcript	269
chr20	6005036	6005305	ENSG00000278719.1|ENSG00000286235.1	gene|regulatory|transcript	269
chr20	3222900	3223169	ENSG00000125877.13	gene|regulatory|transcript	269
chr20	56415211	56415480	ENSG00000087589.17	gene|regulatory|transcript	269
chr20	14553822	14554091	ENSG00000172264.19	gene|regulatory|transcript	269
chr20	36575140	36575409	ENSG00000118707.11|ENSG00000259399.1	gene|regulatory|transcript	269
chr20	3221226	3221495	ENSG00000125877.13	gene|regulatory|transcript	269
chr20	53382517	53382786	ENSG00000182463.17|ENSG00000271774.1	gene|regulatory|transcript	269
chr20	19761913	19762182	ENSG00000132669.14	gene|regulatory|transcript	269
chr20	63544348	63544617	ENSG00000125508.4	gene|regulatory|transcript	269
chr20	59604270	59604539	ENSG00000087495.17	gene|regulatory|transcript	269
chr20	64222841	64223110	ENSG00000196132.14	gene|regulatory|transcript	269
chr20	13222378	13222646	ENSG00000101230.6	gene|regulatory|transcript	268
chr20	23351061	23351329	ENSG00000132661.4|ENSG00000234832.1	gene|regulatory|transcript	268
chr20	44257541	44257809	ENSG00000124194.17	gene|regulatory|transcript	268
chr20	61699483	61699751	ENSG00000179242.16	gene|regulatory|transcript	268
chr20	13010404	13010672	ENSG00000172296.13	gene|regulatory|transcript	268
chr20	13018231	13018499	ENSG00000172296.13	gene|regulatory|transcript	268
chr20	4247351	4247619	ENSG00000171873.8	gene|regulatory|transcript	268
chr20	24477376	24477644	ENSG00000101463.6	gene|regulatory|transcript	268
chr20	21371655	21371923	ENSG00000088930.8	gene|regulatory|transcript	268
chr20	5081593	5081861	ENSG00000089063.15	gene|regulatory|transcript	268
chr20	49567475	49567743	ENSG00000124212.6	gene|regulatory|transcript	268
chr20	25049932	25050200	ENSG00000154930.15	gene|regulatory|transcript	268
chr20	9268819	9269087	ENSG00000101333.19	gene|regulatory|transcript	268
chr20	37777712	37777980	ENSG00000132792.21	gene|regulatory|transcript	268
chr20	61853058	61853326	ENSG00000179242.16	gene|regulatory|transcript	268
chr20	35619310	35619578	ENSG00000061656.11	gene|regulatory|transcript	268
chr20	1294562	1294830	ENSG00000101298.15|ENSG00000244588.6	gene|regulatory|transcript	268
chr20	63295877	63296145	ENSG00000101203.17	gene|regulatory|transcript	268
chr20	607500	607768	ENSG00000125878.7	gene|regulatory|transcript	268
chr20	37728636	37728904	ENSG00000132792.21	gene|regulatory|transcript	268
chr20	15609343	15609611	ENSG00000172264.19	gene|regulatory|transcript	268
chr20	49323679	49323947	ENSG00000158445.10|ENSG00000283529.2|ENSG00000290421.1	gene|regulatory|transcript	268
chr20	41066853	41067121	ENSG00000198900.7	gene|regulatory|transcript	268
chr20	25549573	25549841	ENSG00000101004.16	gene|regulatory|transcript	268
chr20	36311258	36311526	ENSG00000080845.19	gene|regulatory|transcript	268
chr20	36259269	36259537	ENSG00000131043.13	gene|regulatory|transcript	268
chr20	37800280	37800548	ENSG00000132792.21	gene|regulatory|transcript	268
chr20	47355863	47356130	ENSG00000101040.20	gene|regulatory|transcript	267
chr20	32448541	32448808	ENSG00000197183.15	gene|regulatory|transcript	267
chr20	1558740	1559007	ENSG00000260861.6	gene|regulatory|transcript	267
chr20	49415428	49415695	ENSG00000158445.10|ENSG00000290421.1	gene|regulatory|transcript	267
chr20	46307682	46307949	ENSG00000149654.11	gene|regulatory|transcript	267
chr20	43016132	43016399	ENSG00000196090.14	gene|regulatory|transcript	267
chr20	49693470	49693737	ENSG00000158470.5	gene|regulatory|transcript	267
chr20	24582197	24582464	ENSG00000101463.6	gene|regulatory|transcript	267
chr20	23083974	23084241	ENSG00000125810.10	gene|regulatory|transcript	267
chr20	58843057	58843324	ENSG00000087460.29|ENSG00000235590.9	gene|regulatory|transcript	267
chr20	62146131	62146398	ENSG00000184402.15	gene|regulatory|transcript	267
chr20	9689081	9689348	ENSG00000101349.17	gene|regulatory|transcript	267
chr20	15937208	15937475	ENSG00000172264.19|ENSG00000286546.1	gene|regulatory|transcript	267
chr20	50518349	50518616	ENSG00000196396.10	gene|regulatory|transcript	267
chr20	50564031	50564298	ENSG00000196396.10	gene|regulatory|transcript	267
chr20	53302769	53303036	ENSG00000182463.17|ENSG00000271774.1	gene|regulatory|transcript	267
chr20	48822032	48822299	ENSG00000124126.14|ENSG00000278231.1	gene|regulatory|transcript	267
chr20	64166773	64167040	ENSG00000196132.14	gene|regulatory|transcript	267
chr20	19676236	19676503	ENSG00000185052.13	gene|regulatory|transcript	267
chr20	61526204	61526471	ENSG00000179242.16	gene|regulatory|transcript	267
chr20	48703215	48703482	ENSG00000124126.14	gene|regulatory|transcript	267
chr20	19411879	19412146	ENSG00000185052.13	gene|regulatory|transcript	267
chr20	906703	906970	ENSG00000101280.8	gene|regulatory|transcript	267
chr20	34004277	34004544	ENSG00000125970.12	gene|regulatory|transcript	267
chr20	15505792	15506059	ENSG00000172264.19	gene|regulatory|transcript	267
chr20	6077405	6077672	ENSG00000101311.17	gene|regulatory|transcript	267
chr20	17680341	17680608	ENSG00000125844.17	gene|regulatory|transcript	267
chr20	36887187	36887454	ENSG00000101342.10	gene|regulatory|transcript	267
chr20	31568821	31569088	ENSG00000101294.19|ENSG00000230613.1	gene|regulatory|transcript	267
chr20	36175092	36175359	ENSG00000088367.23	gene|regulatory|transcript	267
chr20	4813880	4814146	ENSG00000101265.16	gene|regulatory|transcript	266
chr20	44248160	44248426	ENSG00000124194.17	gene|regulatory|transcript	266
chr20	13150206	13150472	ENSG00000172296.13	gene|regulatory|transcript	266
chr20	64196905	64197171	ENSG00000196132.14	gene|regulatory|transcript	266
chr20	14308056	14308322	ENSG00000172264.19	gene|regulatory|transcript	266
chr20	10667826	10668092	ENSG00000101384.12	gene|regulatory|transcript	266
chr20	38152244	38152510	ENSG00000198959.12	gene|regulatory|transcript	266
chr20	53103527	53103793	ENSG00000182463.17	gene|regulatory|transcript	266
chr20	64050159	64050425	ENSG00000171703.17	gene|regulatory|transcript	266
chr20	51532950	51533216	ENSG00000101096.20	gene|regulatory|transcript	266
chr20	63810808	63811074	ENSG00000130584.12|ENSG00000231208.4	gene|regulatory|transcript	266
chr20	4880105	4880371	ENSG00000089057.15	gene|regulatory|transcript	266
chr20	62832578	62832844	ENSG00000092758.18	gene|regulatory|transcript	266
chr20	45253308	45253574	ENSG00000124107.5	gene|regulatory|transcript	266
chr20	19322516	19322782	ENSG00000185052.13	gene|regulatory|transcript	266
chr20	58514047	58514313	ENSG00000198768.11	gene|regulatory|transcript	266
chr20	44068383	44068649	ENSG00000124191.18	gene|regulatory|transcript	266
chr20	10669866	10670132	ENSG00000101384.12	gene|regulatory|transcript	266
chr20	34365910	34366176	ENSG00000078747.17|ENSG00000289720.1	gene|regulatory|transcript	266
chr20	13262110	13262376	ENSG00000101230.6	gene|regulatory|transcript	266
chr20	43974838	43975104	ENSG00000124191.18	gene|regulatory|transcript	266
chr20	420342	420608	ENSG00000125826.22	gene|regulatory|transcript	266
chr20	38315360	38315626	ENSG00000101425.14|ENSG00000206249.3	gene|regulatory|transcript	266
chr20	9148314	9148580	ENSG00000101333.19	gene|regulatory|transcript	266
chr20	62022390	62022656	ENSG00000130699.20	gene|regulatory|transcript	266
chr20	20071401	20071667	ENSG00000089101.19	gene|regulatory|transcript	266
chr20	46031327	46031593	ENSG00000124140.15	gene|regulatory|transcript	266
chr20	15848221	15848487	ENSG00000172264.19	gene|regulatory|transcript	266
chr20	20448951	20449217	ENSG00000188559.16	gene|regulatory|transcript	266
chr20	49169601	49169867	ENSG00000124214.21	gene|regulatory|transcript	266
chr20	2227025	2227291	ENSG00000286022.1	gene|regulatory|transcript	266
chr20	54648823	54649089	ENSG00000101134.12	gene|regulatory|transcript	266
chr20	41050317	41050583	ENSG00000198900.7	gene|regulatory|transcript	266
chr20	47124374	47124640	ENSG00000064655.19	gene|regulatory|transcript	266
chr20	35738288	35738554	ENSG00000131051.24	gene|regulatory|transcript	266
chr20	42647504	42647770	ENSG00000196090.14	gene|regulatory|transcript	266
chr20	46255441	46255706	ENSG00000149654.11	gene|regulatory|transcript	265
chr20	57332559	57332824	ENSG00000054796.13	gene|regulatory|transcript	265
chr20	843966	844231	ENSG00000125898.13	gene|regulatory|transcript	265
chr20	35264787	35265052	ENSG00000125966.10|ENSG00000126005.17	gene|regulatory|transcript	265
chr20	50838167	50838432	ENSG00000124243.19	gene|regulatory|transcript	265
chr20	31672615	31672880	ENSG00000171552.14	gene|regulatory|transcript	265
chr20	36574848	36575113	ENSG00000118707.11|ENSG00000259399.1	gene|regulatory|transcript	265
chr20	38962993	38963258	ENSG00000101452.15	gene|regulatory|transcript	265
chr20	44785890	44786155	ENSG00000101098.13	gene|regulatory|transcript	265
chr20	15654170	15654435	ENSG00000172264.19	gene|regulatory|transcript	265
chr20	62656093	62656358	ENSG00000101187.16	gene|regulatory|transcript	265
chr20	38755591	38755856	ENSG00000101442.10	gene|regulatory|transcript	265
chr20	23363323	23363588	ENSG00000125812.16	gene|regulatory|transcript	265
chr20	36112160	36112425	ENSG00000088367.23	gene|regulatory|transcript	265
chr20	20711996	20712261	ENSG00000188559.16	gene|regulatory|transcript	265
chr20	62317023	62317288	ENSG00000130702.15	gene|regulatory|transcript	265
chr20	48661850	48662115	ENSG00000124126.14	gene|regulatory|transcript	265
chr20	3232152	3232417	ENSG00000088836.14	gene|regulatory|transcript	265
chr20	50560936	50561201	ENSG00000196396.10	gene|regulatory|transcript	265
chr20	62734342	62734607	ENSG00000101188.5|ENSG00000223669.1	gene|regulatory|transcript	265
chr20	43102445	43102710	ENSG00000196090.14	gene|regulatory|transcript	265
chr20	62156957	62157222	ENSG00000184402.15	gene|regulatory|transcript	265
chr20	32652898	32653163	ENSG00000198547.10|ENSG00000285382.1	gene|regulatory|transcript	265
chr20	57708556	57708821	ENSG00000124225.16	gene|regulatory|transcript	265
chr20	35777068	35777333	ENSG00000025293.17	gene|regulatory|transcript	265
chr20	57260687	57260952	ENSG00000101144.13	gene|regulatory|transcript	265
chr20	46905409	46905674	ENSG00000064655.19	gene|regulatory|transcript	265
chr20	54514277	54514542	ENSG00000101134.12	gene|regulatory|transcript	265
chr20	61263155	61263419	ENSG00000179242.16	gene|regulatory|transcript	264
chr20	48827061	48827325	ENSG00000124126.14|ENSG00000278231.1	gene|regulatory|transcript	264
chr20	48923877	48924141	ENSG00000124198.10	gene|regulatory|transcript	264
chr20	8448306	8448570	ENSG00000182621.19	gene|regulatory|transcript	264
chr20	14334395	14334659	ENSG00000125848.10|ENSG00000172264.19	gene|regulatory|transcript	264
chr20	50921123	50921387	ENSG00000101126.18	gene|regulatory|transcript	264
chr20	61663240	61663504	ENSG00000179242.16	gene|regulatory|transcript	264
chr20	38936169	38936433	ENSG00000101447.15	gene|regulatory|transcript	264
chr20	41531612	41531876	ENSG00000124177.16	gene|regulatory|transcript	264
chr20	2749973	2750237	ENSG00000088881.22	gene|regulatory|transcript	264
chr20	37352275	37352539	ENSG00000197122.13	gene|regulatory|transcript	264
chr20	13771932	13772196	ENSG00000089048.15	gene|regulatory|transcript	264
chr20	17280711	17280975	ENSG00000125851.10	gene|regulatory|transcript	264
chr20	62018428	62018692	ENSG00000130699.20	gene|regulatory|transcript	264
chr20	2752776	2753040	ENSG00000088881.22	gene|regulatory|transcript	264
chr20	17996160	17996424	ENSG00000125850.11	gene|regulatory|transcript	264
chr20	46640776	46641040	ENSG00000158296.14	gene|regulatory|transcript	264
chr20	20079434	20079698	ENSG00000089101.19	gene|regulatory|transcript	264
chr20	1299016	1299280	ENSG00000101298.15	gene|regulatory|transcript	264
chr20	49678047	49678311	ENSG00000158470.5	gene|regulatory|transcript	264
chr20	59722752	59723016	ENSG00000087495.17	gene|regulatory|transcript	264
chr20	20503851	20504115	ENSG00000188559.16	gene|regulatory|transcript	264
chr20	47304696	47304960	ENSG00000101040.20	gene|regulatory|transcript	264
chr20	52128504	52128768	ENSG00000020256.20	gene|regulatory|transcript	264
chr20	45329977	45330241	ENSG00000124145.6	gene|regulatory|transcript	264
chr20	38067372	38067636	ENSG00000101413.12	gene|regulatory|transcript	264
chr20	5134052	5134316	ENSG00000101290.14	gene|regulatory|transcript	264
chr20	33570811	33571075	ENSG00000078699.22	gene|regulatory|transcript	264
chr20	49984450	49984714	ENSG00000124216.4	gene|regulatory|transcript	264
chr20	50815217	50815481	ENSG00000124243.19	gene|regulatory|transcript	264
chr20	19566329	19566593	ENSG00000185052.13	gene|regulatory|transcript	264
chr20	37908113	37908377	ENSG00000132821.12	gene|regulatory|transcript	264
chr20	19525640	19525904	ENSG00000185052.13	gene|regulatory|transcript	264
chr20	20465445	20465708	ENSG00000188559.16	gene|regulatory|transcript	263
chr20	46211047	46211310	ENSG00000149654.11	gene|regulatory|transcript	263
chr20	41048570	41048833	ENSG00000198900.7	gene|regulatory|transcript	263
chr20	57690130	57690393	ENSG00000124225.16	gene|regulatory|transcript	263
chr20	19909808	19910071	ENSG00000132669.14	gene|regulatory|transcript	263
chr20	63536724	63536987	ENSG00000101213.7	gene|regulatory|transcript	263
chr20	8344183	8344446	ENSG00000182621.19	gene|regulatory|transcript	263
chr20	19782805	19783068	ENSG00000132669.14	gene|regulatory|transcript	263
chr20	62354473	62354736	ENSG00000130702.15|ENSG00000228812.9	gene|regulatory|transcript	263
chr20	25056059	25056322	ENSG00000154930.15	gene|regulatory|transcript	263
chr20	57685278	57685541	ENSG00000124225.16	gene|regulatory|transcript	263
chr20	33685740	33686003	ENSG00000101412.13	gene|regulatory|transcript	263
chr20	3934652	3934915	ENSG00000101236.17	gene|regulatory|transcript	263
chr20	47142512	47142775	ENSG00000064655.19	gene|regulatory|transcript	263
chr20	32764673	32764936	ENSG00000088305.19	gene|regulatory|transcript	263
chr20	57654364	57654627	ENSG00000124225.16	gene|regulatory|transcript	263
chr20	2116280	2116543	ENSG00000125834.13	gene|regulatory|transcript	263
chr20	38050770	38051033	ENSG00000101413.12	gene|regulatory|transcript	263
chr20	32807234	32807497	ENSG00000088305.19	gene|regulatory|transcript	263
chr20	46607332	46607595	ENSG00000158296.14	gene|regulatory|transcript	263
chr20	16279399	16279662	ENSG00000089177.20	gene|regulatory|transcript	263
chr20	42378891	42379153	ENSG00000196090.14	gene|regulatory|transcript	262
chr20	45347324	45347586	ENSG00000124145.6	gene|regulatory|transcript	262
chr20	41580033	41580295	ENSG00000124177.16	gene|regulatory|transcript	262
chr20	51457237	51457499	ENSG00000101096.20	gene|regulatory|transcript	262
chr20	43682492	43682754	ENSG00000101057.16	gene|regulatory|transcript	262
chr20	34042999	34043261	ENSG00000125970.12	gene|regulatory|transcript	262
chr20	51661670	51661932	ENSG00000054793.14	gene|regulatory|transcript	262
chr20	2208982	2209244	ENSG00000226644.5|ENSG00000286022.1	gene|regulatory|transcript	262
chr20	13268425	13268687	ENSG00000101230.6	gene|regulatory|transcript	262
chr20	51700869	51701131	ENSG00000054793.14	gene|regulatory|transcript	262
chr20	63831264	63831526	ENSG00000130584.12	gene|regulatory|transcript	262
chr20	16042740	16043002	ENSG00000172264.19	gene|regulatory|transcript	262
chr20	50112783	50113045	ENSG00000124208.16|ENSG00000244687.13	gene|regulatory|transcript	262
chr20	16274213	16274475	ENSG00000089177.20	gene|regulatory|transcript	262
chr20	32778453	32778715	ENSG00000088305.19	gene|regulatory|transcript	262
chr20	63947339	63947601	ENSG00000198276.16	gene|regulatory|transcript	262
chr20	35319564	35319826	ENSG00000101019.22	gene|regulatory|transcript	262
chr20	36152679	36152941	ENSG00000088367.23|ENSG00000232406.8	gene|regulatory|transcript	262
chr20	31560534	31560796	ENSG00000101294.19	gene|regulatory|transcript	262
chr20	31569577	31569839	ENSG00000101294.19|ENSG00000230613.1	gene|regulatory|transcript	262
chr20	36830854	36831116	ENSG00000149639.15	gene|regulatory|transcript	262
chr20	42102985	42103247	ENSG00000196090.14	gene|regulatory|transcript	262
chr20	13866016	13866278	ENSG00000101251.13	gene|regulatory|transcript	262
chr20	35870578	35870840	ENSG00000025293.17	gene|regulatory|transcript	262
chr20	15795406	15795668	ENSG00000172264.19	gene|regulatory|transcript	262
chr20	44573182	44573443	ENSG00000168734.14	gene|regulatory|transcript	261
chr20	23363823	23364084	ENSG00000125812.16	gene|regulatory|transcript	261
chr20	32155674	32155935	ENSG00000101337.16	gene|regulatory|transcript	261
chr20	19263072	19263333	ENSG00000179447.2|ENSG00000185052.13	gene|regulatory|transcript	261
chr20	61588129	61588390	ENSG00000179242.16	gene|regulatory|transcript	261
chr20	53196763	53197024	ENSG00000182463.17|ENSG00000227705.1	gene|regulatory|transcript	261
chr20	5989618	5989879	ENSG00000125885.13|ENSG00000286235.1	gene|regulatory|transcript	261
chr20	63748110	63748371	ENSG00000130584.12	gene|regulatory|transcript	261
chr20	38231840	38232101	ENSG00000149633.12	gene|regulatory|transcript	261
chr20	20710437	20710698	ENSG00000188559.16	gene|regulatory|transcript	261
chr20	50111860	50112121	ENSG00000124208.16|ENSG00000244687.13	gene|regulatory|transcript	261
chr20	34221404	34221665	ENSG00000101440.10	gene|regulatory|transcript	261
chr20	2799642	2799903	ENSG00000088882.8	gene|regulatory|transcript	261
chr20	37258272	37258533	ENSG00000118702.11	gene|regulatory|transcript	261
chr20	57230304	57230565	ENSG00000101144.13	gene|regulatory|transcript	261
chr20	14979529	14979790	ENSG00000172264.19	gene|regulatory|transcript	261
chr20	9474891	9475152	ENSG00000101333.19	gene|regulatory|transcript	261
chr20	31822627	31822888	ENSG00000101306.11	gene|regulatory|transcript	261
chr20	59866729	59866990	ENSG00000196074.13	gene|regulatory|transcript	261
chr20	57682716	57682977	ENSG00000124225.16	gene|regulatory|transcript	261
chr20	41245365	41245626	ENSG00000174306.22	gene|regulatory|transcript	261
chr20	57396187	57396447	ENSG00000132819.17	gene|regulatory|transcript	260
chr20	47009215	47009475	ENSG00000064655.19	gene|regulatory|transcript	260
chr20	63252499	63252759	ENSG00000101198.15	gene|regulatory|transcript	260
chr20	62359502	62359762	ENSG00000130702.15	gene|regulatory|transcript	260
chr20	36156686	36156946	ENSG00000088367.23	gene|regulatory|transcript	260
chr20	3012393	3012653	ENSG00000132670.21	gene|regulatory|transcript	260
chr20	48673563	48673823	ENSG00000124126.14	gene|regulatory|transcript	260
chr20	53150784	53151044	ENSG00000182463.17	gene|regulatory|transcript	260
chr20	31685928	31686188	ENSG00000171552.14	gene|regulatory|transcript	260
chr20	56423268	56423528	ENSG00000087589.17	gene|regulatory|transcript	260
chr20	47621275	47621535	ENSG00000124151.19	gene|regulatory|transcript	260
chr20	16433299	16433559	ENSG00000089177.20	gene|regulatory|transcript	260
chr20	5780276	5780536	ENSG00000171984.15	gene|regulatory|transcript	260
chr20	24659278	24659538	ENSG00000101463.6	gene|regulatory|transcript	260
chr20	37195031	37195291	ENSG00000118705.18	gene|regulatory|transcript	260
chr20	36859264	36859524	ENSG00000149639.15	gene|regulatory|transcript	260
chr20	35472946	35473206	ENSG00000126001.17	gene|regulatory|transcript	260
chr20	2173673	2173933	ENSG00000125834.13	gene|regulatory|transcript	260
chr20	38037348	38037608	ENSG00000101413.12	gene|regulatory|transcript	260
chr20	38928280	38928540	ENSG00000101447.15	gene|regulatory|transcript	260
chr20	34567542	34567802	ENSG00000101464.11	gene|regulatory|transcript	260
chr20	57684844	57685104	ENSG00000124225.16	gene|regulatory|transcript	260
chr20	62020187	62020447	ENSG00000130699.20	gene|regulatory|transcript	260
chr20	45945030	45945290	ENSG00000100982.12	gene|regulatory|transcript	260
chr20	59039305	59039565	ENSG00000101166.16	gene|regulatory|transcript	260
chr20	33566853	33567113	ENSG00000078699.22	gene|regulatory|transcript	260
chr20	3405258	3405518	ENSG00000088854.13	gene|regulatory|transcript	260
chr20	46899383	46899643	ENSG00000064655.19	gene|regulatory|transcript	260
chr20	38165282	38165542	ENSG00000198959.12	gene|regulatory|transcript	260
chr20	3797221	3797481	ENSG00000101224.18	gene|regulatory|transcript	260
chr20	9411882	9412142	ENSG00000101333.19	gene|regulatory|transcript	260
chr20	35772834	35773094	ENSG00000025293.17	gene|regulatory|transcript	260
chr20	57252575	57252835	ENSG00000101144.13	gene|regulatory|transcript	260
chr20	19588833	19589092	ENSG00000185052.13	gene|regulatory|transcript	259
chr20	23407877	23408136	ENSG00000125814.17	gene|regulatory|transcript	259
chr20	17391215	17391474	ENSG00000125851.10	gene|regulatory|transcript	259
chr20	3734478	3734737	ENSG00000132622.11	gene|regulatory|transcript	259
chr20	38259561	38259820	ENSG00000149633.12	gene|regulatory|transcript	259
chr20	21167300	21167559	ENSG00000088970.16|ENSG00000232712.6	gene|regulatory|transcript	259
chr20	35240162	35240421	ENSG00000125966.10|ENSG00000126005.17	gene|regulatory|transcript	259
chr20	46378162	46378421	ENSG00000062598.18|ENSG00000273828.2	gene|regulatory|transcript	259
chr20	62729136	62729395	ENSG00000101188.5	gene|regulatory|transcript	259
chr20	10514048	10514307	ENSG00000149346.15	gene|regulatory|transcript	259
chr20	58338403	58338662	ENSG00000124209.4	gene|regulatory|transcript	259
chr20	62825030	62825289	ENSG00000092758.18	gene|regulatory|transcript	259
chr20	50916966	50917225	ENSG00000101126.18	gene|regulatory|transcript	259
chr20	50855832	50856091	ENSG00000124243.19	gene|regulatory|transcript	259
chr20	33673183	33673442	ENSG00000125967.17	gene|regulatory|transcript	259
chr20	15523417	15523676	ENSG00000172264.19	gene|regulatory|transcript	259
chr20	37808396	37808655	ENSG00000132792.21	gene|regulatory|transcript	259
chr20	42624157	42624416	ENSG00000196090.14	gene|regulatory|transcript	259
chr20	846942	847201	ENSG00000125898.13	gene|regulatory|transcript	259
chr20	25355934	25356193	ENSG00000100997.20	gene|regulatory|transcript	259
chr20	36104331	36104590	ENSG00000088367.23	gene|regulatory|transcript	259
chr20	17972171	17972430	ENSG00000125850.11|ENSG00000125871.14	gene|regulatory|transcript	259
chr20	24499916	24500175	ENSG00000101463.6|ENSG00000228539.1	gene|regulatory|transcript	259
chr20	47173920	47174179	ENSG00000064655.19	gene|regulatory|transcript	259
chr20	16472582	16472841	ENSG00000089177.20	gene|regulatory|transcript	259
chr20	63655404	63655663	ENSG00000197457.10	gene|regulatory|transcript	259
chr20	31684077	31684336	ENSG00000171552.14	gene|regulatory|transcript	259
chr20	32278454	32278713	ENSG00000101350.8	gene|regulatory|transcript	259
chr20	31716939	31717198	ENSG00000171552.14	gene|regulatory|transcript	259
chr20	3194103	3194362	ENSG00000198171.13	gene|regulatory|transcript	259
chr20	53382023	53382282	ENSG00000182463.17|ENSG00000271774.1	gene|regulatory|transcript	259
chr20	34243440	34243699	ENSG00000101440.10|ENSG00000250917.1	gene|regulatory|transcript	259
chr20	13119139	13119398	ENSG00000172296.13	gene|regulatory|transcript	259
chr20	59606980	59607238	ENSG00000087495.17	gene|regulatory|transcript	258
chr20	32089967	32090225	ENSG00000101336.18	gene|regulatory|transcript	258
chr20	380048	380306	ENSG00000101255.12	gene|regulatory|transcript	258
chr20	15649392	15649650	ENSG00000172264.19	gene|regulatory|transcript	258
chr20	32062795	32063053	ENSG00000101336.18	gene|regulatory|transcript	258
chr20	63610699	63610957	ENSG00000101216.11	gene|regulatory|transcript	258
chr20	48970640	48970898	ENSG00000124198.10	gene|regulatory|transcript	258
chr20	3128322	3128580	ENSG00000185019.17|ENSG00000235958.5	gene|regulatory|transcript	258
chr20	3121021	3121279	ENSG00000185019.17|ENSG00000235958.5	gene|regulatory|transcript	258
chr20	3045389	3045647	ENSG00000125787.11	gene|regulatory|transcript	258
chr20	5987406	5987664	ENSG00000125885.13|ENSG00000286235.1	gene|regulatory|transcript	258
chr20	47575445	47575703	ENSG00000124151.19	gene|regulatory|transcript	258
chr20	36854797	36855055	ENSG00000149639.15	gene|regulatory|transcript	258
chr20	17958293	17958551	ENSG00000089006.17|ENSG00000125850.11	gene|regulatory|transcript	258
chr20	37094382	37094640	ENSG00000080839.12	gene|regulatory|transcript	258
chr20	36951177	36951435	ENSG00000101347.11	gene|regulatory|transcript	258
chr20	42802397	42802655	ENSG00000196090.14	gene|regulatory|transcript	258
chr20	37201845	37202103	ENSG00000118705.18	gene|regulatory|transcript	258
chr20	8721171	8721429	ENSG00000182621.19	gene|regulatory|transcript	258
chr20	9307236	9307494	ENSG00000101333.19	gene|regulatory|transcript	258
chr20	49517525	49517783	ENSG00000124212.6	gene|regulatory|transcript	258
chr20	49307297	49307555	ENSG00000158445.10	gene|regulatory|transcript	258
chr20	35305392	35305650	ENSG00000101019.22	gene|regulatory|transcript	258
chr20	34200101	34200359	ENSG00000101440.10	gene|regulatory|transcript	258
chr20	35226343	35226601	ENSG00000126005.17	gene|regulatory|transcript	258
chr20	51560625	51560883	ENSG00000101096.20	gene|regulatory|transcript	258
chr20	46387079	46387337	ENSG00000062598.18|ENSG00000273828.2	gene|regulatory|transcript	258
chr20	38566257	38566515	ENSG00000170471.15	gene|regulatory|transcript	258
chr20	50655411	50655669	ENSG00000042062.13|ENSG00000234693.1	gene|regulatory|transcript	258
chr20	62752613	62752871	ENSG00000101188.5	gene|regulatory|transcript	258
chr20	49712946	49713204	ENSG00000158470.5	gene|regulatory|transcript	258
chr20	38057644	38057902	ENSG00000101413.12	gene|regulatory|transcript	258
chr20	38930001	38930259	ENSG00000101447.15	gene|regulatory|transcript	258
chr20	59005556	59005814	ENSG00000101160.15	gene|regulatory|transcript	258
chr20	20200189	20200447	ENSG00000089101.19	gene|regulatory|transcript	258
chr20	63326944	63327201	ENSG00000101203.17	gene|regulatory|transcript	257
chr20	36849990	36850247	ENSG00000149639.15	gene|regulatory|transcript	257
chr20	2518519	2518776	ENSG00000088876.13	gene|regulatory|transcript	257
chr20	37229241	37229498	ENSG00000118705.18	gene|regulatory|transcript	257
chr20	33622218	33622475	ENSG00000078699.22	gene|regulatory|transcript	257
chr20	44412934	44413191	ENSG00000101076.20	gene|regulatory|transcript	257
chr20	41540567	41540824	ENSG00000124177.16	gene|regulatory|transcript	257
chr20	64168449	64168706	ENSG00000196132.14	gene|regulatory|transcript	257
chr20	41530281	41530538	ENSG00000124177.16	gene|regulatory|transcript	257
chr20	58424662	58424919	ENSG00000124164.16	gene|regulatory|transcript	257
chr20	45578329	45578586	ENSG00000158901.12	gene|regulatory|transcript	257
chr20	63947883	63948140	ENSG00000198276.16	gene|regulatory|transcript	257
chr20	33531327	33531584	ENSG00000078699.22	gene|regulatory|transcript	257
chr20	47124790	47125047	ENSG00000064655.19	gene|regulatory|transcript	257
chr20	14879066	14879323	ENSG00000172264.19	gene|regulatory|transcript	257
chr20	32823235	32823492	ENSG00000101367.9	gene|regulatory|transcript	257
chr20	46904594	46904851	ENSG00000064655.19	gene|regulatory|transcript	257
chr20	5961381	5961638	ENSG00000125885.13|ENSG00000286235.1	gene|regulatory|transcript	257
chr20	25047827	25048084	ENSG00000154930.15	gene|regulatory|transcript	257
chr20	62014268	62014525	ENSG00000130699.20	gene|regulatory|transcript	257
chr20	62161681	62161938	ENSG00000184402.15	gene|regulatory|transcript	257
chr20	54162322	54162579	ENSG00000019186.10	gene|regulatory|transcript	257
chr20	32231937	32232194	ENSG00000101346.15	gene|regulatory|transcript	257
chr20	36817534	36817791	ENSG00000149639.15	gene|regulatory|transcript	257
chr20	36831364	36831621	ENSG00000149639.15	gene|regulatory|transcript	257
chr20	58661414	58661671	ENSG00000124222.23|ENSG00000254995.4	gene|regulatory|transcript	257
chr20	58670736	58670993	ENSG00000124222.23|ENSG00000254995.4	gene|regulatory|transcript	257
chr20	13770991	13771248	ENSG00000089048.15	gene|regulatory|transcript	257
chr20	19662439	19662696	ENSG00000185052.13	gene|regulatory|transcript	257
chr20	10427161	10427418	ENSG00000125863.20|ENSG00000285508.2|ENSG00000285723.2	gene|regulatory|transcript	257
chr20	20207364	20207621	ENSG00000089101.19	gene|regulatory|transcript	257
chr20	62010936	62011193	ENSG00000130699.20	gene|regulatory|transcript	257
chr20	9809401	9809658	ENSG00000101349.17	gene|regulatory|transcript	257
chr20	50107335	50107591	ENSG00000124208.16|ENSG00000244687.13	gene|regulatory|transcript	256
chr20	59836735	59836991	ENSG00000087495.17	gene|regulatory|transcript	256
chr20	37701793	37702049	ENSG00000132792.21	gene|regulatory|transcript	256
chr20	16528114	16528370	ENSG00000089177.20	gene|regulatory|transcript	256
chr20	43189387	43189643	ENSG00000196090.14	gene|regulatory|transcript	256
chr20	2311443	2311699	ENSG00000125780.12|ENSG00000286022.1	gene|regulatory|transcript	256
chr20	17304858	17305114	ENSG00000125851.10	gene|regulatory|transcript	256
chr20	16027095	16027351	ENSG00000172264.19	gene|regulatory|transcript	256
chr20	54622404	54622660	ENSG00000101134.12	gene|regulatory|transcript	256
chr20	57205705	57205961	ENSG00000101144.13	gene|regulatory|transcript	256
chr20	37399292	37399548	ENSG00000197122.13	gene|regulatory|transcript	256
chr20	61391863	61392119	ENSG00000179242.16	gene|regulatory|transcript	256
chr20	59303346	59303602	ENSG00000124205.18	gene|regulatory|transcript	256
chr20	44370727	44370983	ENSG00000101076.20	gene|regulatory|transcript	256
chr20	31566332	31566588	ENSG00000101294.19	gene|regulatory|transcript	256
chr20	10580815	10581071	ENSG00000149346.15	gene|regulatory|transcript	256
chr20	50930377	50930633	ENSG00000101126.18	gene|regulatory|transcript	256
chr20	64161202	64161458	ENSG00000196132.14	gene|regulatory|transcript	256
chr20	49705006	49705262	ENSG00000158470.5	gene|regulatory|transcript	256
chr20	14774267	14774523	ENSG00000172264.19	gene|regulatory|transcript	256
chr20	62472931	62473187	ENSG00000130700.7	gene|regulatory|transcript	256
chr20	5607838	5608094	ENSG00000125772.14	gene|regulatory|transcript	256
chr20	18056400	18056656	ENSG00000125850.11	gene|regulatory|transcript	256
chr20	23632940	23633196	ENSG00000101439.9	gene|regulatory|transcript	256
chr20	34977375	34977631	ENSG00000078814.19	gene|regulatory|transcript	256
chr20	46406999	46407255	ENSG00000062598.18	gene|regulatory|transcript	256
chr20	33532236	33532492	ENSG00000078699.22	gene|regulatory|transcript	256
chr20	61296341	61296597	ENSG00000179242.16	gene|regulatory|transcript	256
chr20	8414987	8415243	ENSG00000182621.19	gene|regulatory|transcript	256
chr20	32204708	32204964	ENSG00000126003.7	gene|regulatory|transcript	256
chr20	17711140	17711396	ENSG00000125888.15	gene|regulatory|transcript	256
chr20	47312088	47312343	ENSG00000101040.20	gene|regulatory|transcript	255
chr20	49445251	49445506	ENSG00000158445.10	gene|regulatory|transcript	255
chr20	43186930	43187185	ENSG00000196090.14	gene|regulatory|transcript	255
chr20	20612315	20612570	ENSG00000188559.16	gene|regulatory|transcript	255
chr20	13286153	13286408	ENSG00000101230.6	gene|regulatory|transcript	255
chr20	61628989	61629244	ENSG00000179242.16	gene|regulatory|transcript	255
chr20	15400784	15401039	ENSG00000172264.19	gene|regulatory|transcript	255
chr20	1375603	1375858	ENSG00000088832.18|ENSG00000234684.8|ENSG00000274322.1	gene|regulatory|transcript	255
chr20	41110985	41111240	ENSG00000198900.7|ENSG00000226648.2	gene|regulatory|transcript	255
chr20	41156878	41157133	ENSG00000124181.15	gene|regulatory|transcript	255
chr20	39024900	39025155	ENSG00000101452.15	gene|regulatory|transcript	255
chr20	44409241	44409496	ENSG00000101076.20	gene|regulatory|transcript	255
chr20	50529093	50529348	ENSG00000196396.10	gene|regulatory|transcript	255
chr20	50872600	50872855	ENSG00000124243.19	gene|regulatory|transcript	255
chr20	33837522	33837777	ENSG00000101421.4	gene|regulatory|transcript	255
chr20	34403280	34403535	ENSG00000078747.17|ENSG00000289720.1	gene|regulatory|transcript	255
chr20	16739397	16739652	ENSG00000125870.11	gene|regulatory|transcript	255
chr20	47502368	47502623	ENSG00000124151.19	gene|regulatory|transcript	255
chr20	56488631	56488886	ENSG00000022277.13	gene|regulatory|transcript	255
chr20	8213935	8214190	ENSG00000182621.19	gene|regulatory|transcript	255
chr20	2865655	2865910	ENSG00000215305.10	gene|regulatory|transcript	255
chr20	49479966	49480221	ENSG00000158445.10	gene|regulatory|transcript	255
chr20	53984829	53985084	ENSG00000064787.14	gene|regulatory|transcript	255
chr20	48793692	48793947	ENSG00000124126.14	gene|regulatory|transcript	255
chr20	44210076	44210331	ENSG00000132823.11	gene|regulatory|transcript	255
chr20	36205044	36205299	ENSG00000088367.23	gene|regulatory|transcript	255
chr20	911931	912186	ENSG00000101280.8	gene|regulatory|transcript	255
chr20	31945889	31946144	ENSG00000088356.6	gene|regulatory|transcript	255
chr20	61655793	61656048	ENSG00000179242.16	gene|regulatory|transcript	255
chr20	16041449	16041704	ENSG00000172264.19	gene|regulatory|transcript	255
chr20	4013112	4013367	ENSG00000101236.17	gene|regulatory|transcript	255
chr20	15047581	15047836	ENSG00000172264.19	gene|regulatory|transcript	255
chr20	47031061	47031316	ENSG00000064655.19	gene|regulatory|transcript	255
chr20	10216113	10216368	ENSG00000132639.15|ENSG00000227906.10	gene|regulatory|transcript	255
chr20	18669313	18669567	ENSG00000125821.13|ENSG00000284776.1	gene|regulatory|transcript	254
chr20	4891274	4891528	ENSG00000089057.15	gene|regulatory|transcript	254
chr20	20255195	20255449	ENSG00000089101.19	gene|regulatory|transcript	254
chr20	20181712	20181966	ENSG00000089101.19	gene|regulatory|transcript	254
chr20	24583160	24583414	ENSG00000101463.6	gene|regulatory|transcript	254
chr20	45470048	45470302	ENSG00000101443.18	gene|regulatory|transcript	254
chr20	43556585	43556839	ENSG00000277611.1	gene|regulatory|transcript	254
chr20	63908100	63908354	ENSG00000101152.12|ENSG00000290226.1	gene|regulatory|transcript	254
chr20	41119860	41120114	ENSG00000198900.7|ENSG00000226648.2	gene|regulatory|transcript	254
chr20	18587478	18587732	ENSG00000284776.1	gene|regulatory|transcript	254
chr20	54476612	54476866	ENSG00000101134.12	gene|regulatory|transcript	254
chr20	6005838	6006092	ENSG00000286235.1	gene|regulatory|transcript	254
chr20	32447816	32448070	ENSG00000197183.15	gene|regulatory|transcript	254
chr20	32543812	32544066	ENSG00000197183.15	gene|regulatory|transcript	254
chr20	14555737	14555991	ENSG00000172264.19|ENSG00000227927.2	gene|regulatory|transcript	254
chr20	36525246	36525500	ENSG00000080845.19|ENSG00000232907.9	gene|regulatory|transcript	254
chr20	6115295	6115549	ENSG00000101311.17	gene|regulatory|transcript	254
chr20	8647953	8648207	ENSG00000182621.19	gene|regulatory|transcript	254
chr20	25532059	25532313	ENSG00000101004.16	gene|regulatory|transcript	254
chr20	47146485	47146739	ENSG00000064655.19	gene|regulatory|transcript	254
chr20	49910678	49910932	ENSG00000158480.11	gene|regulatory|transcript	254
chr20	61506856	61507110	ENSG00000179242.16	gene|regulatory|transcript	254
chr20	50112134	50112388	ENSG00000124208.16|ENSG00000244687.13	gene|regulatory|transcript	254
chr20	37913615	37913869	ENSG00000132821.12	gene|regulatory|transcript	254
chr20	1368500	1368754	ENSG00000234684.8|ENSG00000274322.1	gene|regulatory|transcript	254
chr20	10415318	10415572	ENSG00000125863.20|ENSG00000285508.2|ENSG00000285723.2	gene|regulatory|transcript	254
chr20	44809486	44809740	ENSG00000101098.13	gene|regulatory|transcript	254
chr20	19257991	19258245	ENSG00000179447.2|ENSG00000185052.13	gene|regulatory|transcript	254
chr20	19603415	19603669	ENSG00000185052.13	gene|regulatory|transcript	254
chr20	19557471	19557725	ENSG00000185052.13	gene|regulatory|transcript	254
chr20	36217321	36217575	ENSG00000088367.23	gene|regulatory|transcript	254
chr20	62344758	62345012	ENSG00000130702.15	gene|regulatory|transcript	254
chr20	3209689	3209942	ENSG00000125877.13	gene|regulatory|transcript	253
chr20	49180013	49180266	ENSG00000124214.21	gene|regulatory|transcript	253
chr20	19213623	19213876	ENSG00000185052.13	gene|regulatory|transcript	253
chr20	13139808	13140061	ENSG00000172296.13	gene|regulatory|transcript	253
chr20	34301193	34301446	ENSG00000101444.13	gene|regulatory|transcript	253
chr20	53594044	53594297	ENSG00000171940.14	gene|regulatory|transcript	253
chr20	53030239	53030492	ENSG00000182463.17	gene|regulatory|transcript	253
chr20	24967764	24968017	ENSG00000101474.12	gene|regulatory|transcript	253
chr20	47278634	47278887	ENSG00000101040.20	gene|regulatory|transcript	253
chr20	19758553	19758806	ENSG00000132669.14	gene|regulatory|transcript	253
chr20	10632795	10633048	ENSG00000149346.15	gene|regulatory|transcript	253
chr20	63895406	63895659	ENSG00000101152.12|ENSG00000290226.1	gene|regulatory|transcript	253
chr20	9829204	9829457	ENSG00000101349.17	gene|regulatory|transcript	253
chr20	59144557	59144810	ENSG00000124203.7	gene|regulatory|transcript	253
chr20	35523391	35523644	ENSG00000125975.14|ENSG00000290934.1	gene|regulatory|transcript	253
chr20	14817158	14817411	ENSG00000172264.19	gene|regulatory|transcript	253
chr20	47128069	47128322	ENSG00000064655.19	gene|regulatory|transcript	253
chr20	3745088	3745341	ENSG00000132622.11	gene|regulatory|transcript	253
chr20	17647248	17647501	ENSG00000125844.17	gene|regulatory|transcript	253
chr20	4686802	4687055	ENSG00000171867.18	gene|regulatory|transcript	253
chr20	4948020	4948273	ENSG00000089057.15	gene|regulatory|transcript	253
chr20	10222855	10223108	ENSG00000132639.15|ENSG00000227906.10	gene|regulatory|transcript	253
chr20	43916939	43917192	ENSG00000124191.18	gene|regulatory|transcript	253
chr20	14333812	14334065	ENSG00000125848.10|ENSG00000172264.19	gene|regulatory|transcript	253
chr20	44897188	44897441	ENSG00000166913.13	gene|regulatory|transcript	253
chr20	64159717	64159970	ENSG00000196132.14	gene|regulatory|transcript	253
chr20	49653832	49654085	ENSG00000158470.5	gene|regulatory|transcript	253
chr20	51396477	51396730	ENSG00000101096.20	gene|regulatory|transcript	253
chr20	41037960	41038212	ENSG00000198900.7	gene|regulatory|transcript	252
chr20	33825336	33825588	ENSG00000101421.4	gene|regulatory|transcript	252
chr20	19921241	19921493	ENSG00000132669.14	gene|regulatory|transcript	252
chr20	41352220	41352472	ENSG00000132793.12	gene|regulatory|transcript	252
chr20	41038451	41038703	ENSG00000198900.7	gene|regulatory|transcript	252
chr20	41138197	41138449	ENSG00000124181.15	gene|regulatory|transcript	252
chr20	10541206	10541458	ENSG00000149346.15	gene|regulatory|transcript	252
chr20	3747864	3748116	ENSG00000132622.11	gene|regulatory|transcript	252
chr20	23409070	23409322	ENSG00000125814.17	gene|regulatory|transcript	252
chr20	61621472	61621724	ENSG00000179242.16	gene|regulatory|transcript	252
chr20	33668816	33669068	ENSG00000125967.17	gene|regulatory|transcript	252
chr20	32830487	32830739	ENSG00000101367.9	gene|regulatory|transcript	252
chr20	20019248	20019500	ENSG00000173418.12	gene|regulatory|transcript	252
chr20	25077317	25077569	ENSG00000100987.15	gene|regulatory|transcript	252
chr20	14497080	14497332	ENSG00000172264.19	gene|regulatory|transcript	252
chr20	6051547	6051799	ENSG00000125872.9	gene|regulatory|transcript	252
chr20	63675741	63675993	ENSG00000026036.23|ENSG00000258366.12	gene|regulatory|transcript	252
chr20	8879731	8879983	ENSG00000182621.19	gene|regulatory|transcript	252
chr20	36526560	36526812	ENSG00000080845.19|ENSG00000232907.9	gene|regulatory|transcript	252
chr20	59221127	59221379	ENSG00000124203.7	gene|regulatory|transcript	252
chr20	32010837	32011089	ENSG00000101331.17|ENSG00000226239.2	gene|regulatory|transcript	252
chr20	34262930	34263182	ENSG00000101440.10|ENSG00000250917.1	gene|regulatory|transcript	252
chr20	50957873	50958125	ENSG00000000419.14	gene|regulatory|transcript	252
chr20	47276929	47277181	ENSG00000101040.20	gene|regulatory|transcript	252
chr20	42792108	42792360	ENSG00000196090.14	gene|regulatory|transcript	252
chr20	37311036	37311288	ENSG00000101363.13	gene|regulatory|transcript	252
chr20	25249598	25249850	ENSG00000100994.12	gene|regulatory|transcript	252
chr20	16748556	16748808	ENSG00000125879.5	gene|regulatory|transcript	252
chr20	32830141	32830393	ENSG00000101367.9	gene|regulatory|transcript	252
chr20	37840656	37840908	ENSG00000132792.21	gene|regulatory|transcript	252
chr20	9500138	9500390	ENSG00000101333.19	gene|regulatory|transcript	252
chr20	15637613	15637865	ENSG00000172264.19	gene|regulatory|transcript	252
chr20	14418494	14418746	ENSG00000172264.19	gene|regulatory|transcript	252
chr20	50533561	50533813	ENSG00000196396.10	gene|regulatory|transcript	252
chr20	37777021	37777272	ENSG00000132792.21	gene|regulatory|transcript	251
chr20	8953376	8953627	ENSG00000182621.19	gene|regulatory|transcript	251
chr20	8790544	8790795	ENSG00000182621.19	gene|regulatory|transcript	251
chr20	24609099	24609350	ENSG00000101463.6	gene|regulatory|transcript	251
chr20	43006729	43006980	ENSG00000196090.14	gene|regulatory|transcript	251
chr20	61656287	61656538	ENSG00000179242.16	gene|regulatory|transcript	251
chr20	42487153	42487404	ENSG00000196090.14	gene|regulatory|transcript	251
chr20	19305126	19305377	ENSG00000185052.13	gene|regulatory|transcript	251
chr20	45341574	45341825	ENSG00000124145.6	gene|regulatory|transcript	251
chr20	16571380	16571631	ENSG00000089177.20	gene|regulatory|transcript	251
chr20	58847482	58847733	ENSG00000087460.29|ENSG00000235590.9	gene|regulatory|transcript	251
chr20	9160444	9160695	ENSG00000101333.19	gene|regulatory|transcript	251
chr20	3173131	3173382	ENSG00000088899.16	gene|regulatory|transcript	251
chr20	57263259	57263510	ENSG00000101144.13	gene|regulatory|transcript	251
chr20	32796334	32796585	ENSG00000088305.19	gene|regulatory|transcript	251
chr20	57670495	57670746	ENSG00000124225.16	gene|regulatory|transcript	251
chr20	608061	608312	ENSG00000125878.7	gene|regulatory|transcript	251
chr20	14825078	14825329	ENSG00000172264.19	gene|regulatory|transcript	251
chr20	23366457	23366708	ENSG00000125812.16	gene|regulatory|transcript	251
chr20	51801824	51802075	ENSG00000101115.13	gene|regulatory|transcript	251
chr20	32779600	32779851	ENSG00000088305.19	gene|regulatory|transcript	251
chr20	50732858	50733109	ENSG00000124171.9	gene|regulatory|transcript	251
chr20	58342665	58342916	ENSG00000124209.4	gene|regulatory|transcript	251
chr20	46030345	46030596	ENSG00000124140.15	gene|regulatory|transcript	251
chr20	58981874	58982125	ENSG00000101158.15	gene|regulatory|transcript	251
chr20	10505396	10505647	ENSG00000149346.15	gene|regulatory|transcript	251
chr20	41051527	41051778	ENSG00000198900.7	gene|regulatory|transcript	251
chr20	44591401	44591652	ENSG00000168734.14|ENSG00000196839.14	gene|regulatory|transcript	251
chr20	64188893	64189144	ENSG00000196132.14	gene|regulatory|transcript	251
chr20	34940162	34940412	ENSG00000100983.12	gene|regulatory|transcript	250
chr20	10673049	10673299	ENSG00000101384.12|ENSG00000270792.6	gene|regulatory|transcript	250
chr20	19789475	19789725	ENSG00000132669.14	gene|regulatory|transcript	250
chr20	5315823	5316073	ENSG00000101292.8	gene|regulatory|transcript	250
chr20	8155912	8156162	ENSG00000182621.19	gene|regulatory|transcript	250
chr20	49277101	49277351	ENSG00000124201.15	gene|regulatory|transcript	250
chr20	61639257	61639507	ENSG00000179242.16	gene|regulatory|transcript	250
chr20	37930103	37930353	ENSG00000132821.12	gene|regulatory|transcript	250
chr20	8315664	8315914	ENSG00000182621.19	gene|regulatory|transcript	250
chr20	51717389	51717639	ENSG00000054793.14	gene|regulatory|transcript	250
chr20	56420134	56420384	ENSG00000087589.17	gene|regulatory|transcript	250
chr20	46682820	46683070	ENSG00000158296.14	gene|regulatory|transcript	250
chr20	64218305	64218555	ENSG00000196132.14	gene|regulatory|transcript	250
chr20	16005793	16006043	ENSG00000172264.19	gene|regulatory|transcript	250
chr20	24502345	24502595	ENSG00000101463.6	gene|regulatory|transcript	250
chr20	46270246	46270496	ENSG00000149654.11	gene|regulatory|transcript	250
chr20	41033764	41034014	ENSG00000198900.7	gene|regulatory|transcript	250
chr20	15776834	15777084	ENSG00000172264.19	gene|regulatory|transcript	250
chr20	50870234	50870484	ENSG00000124243.19	gene|regulatory|transcript	250
chr20	53312943	53313193	ENSG00000182463.17|ENSG00000271774.1	gene|regulatory|transcript	250
chr20	53299942	53300192	ENSG00000182463.17|ENSG00000271774.1	gene|regulatory|transcript	250
chr20	3170821	3171071	ENSG00000088899.16	gene|regulatory|transcript	250
chr20	44309732	44309982	ENSG00000197296.6	gene|regulatory|transcript	250
chr20	50848587	50848837	ENSG00000124243.19	gene|regulatory|transcript	250
chr20	47541071	47541320	ENSG00000124151.19	gene|regulatory|transcript	249
chr20	62357461	62357710	ENSG00000130702.15	gene|regulatory|transcript	249
chr20	19656896	19657145	ENSG00000185052.13	gene|regulatory|transcript	249
chr20	32302645	32302894	ENSG00000101350.8	gene|regulatory|transcript	249
chr20	42836353	42836602	ENSG00000196090.14	gene|regulatory|transcript	249
chr20	36483609	36483858	ENSG00000080845.19	gene|regulatory|transcript	249
chr20	32205176	32205425	ENSG00000126003.7	gene|regulatory|transcript	249
chr20	4147458	4147707	ENSG00000088826.18	gene|regulatory|transcript	249
chr20	34303357	34303606	ENSG00000101444.13	gene|regulatory|transcript	249
chr20	21189731	21189980	ENSG00000088970.16|ENSG00000232712.6	gene|regulatory|transcript	249
chr20	671566	671815	ENSG00000215397.4|ENSG00000270299.1	gene|regulatory|transcript	249
chr20	31711222	31711471	ENSG00000171552.14|ENSG00000236559.1	gene|regulatory|transcript	249
chr20	63653753	63654002	ENSG00000197457.10	gene|regulatory|transcript	249
chr20	47682056	47682305	ENSG00000196562.16|ENSG00000255438.2	gene|regulatory|transcript	249
chr20	57180973	57181222	ENSG00000101144.13	gene|regulatory|transcript	249
chr20	59641976	59642225	ENSG00000087495.17	gene|regulatory|transcript	249
chr20	3380079	3380328	ENSG00000088854.13	gene|regulatory|transcript	249
chr20	37941460	37941709	ENSG00000132821.12	gene|regulatory|transcript	249
chr20	50085479	50085728	ENSG00000124208.16|ENSG00000244687.13	gene|regulatory|transcript	249
chr20	25288763	25289012	ENSG00000100994.12	gene|regulatory|transcript	249
chr20	43460241	43460490	ENSG00000124193.16|ENSG00000288000.1	gene|regulatory|transcript	249
chr20	64221239	64221488	ENSG00000196132.14	gene|regulatory|transcript	249
chr20	9286533	9286782	ENSG00000101333.19	gene|regulatory|transcript	249
chr20	63899224	63899473	ENSG00000101152.12|ENSG00000290226.1	gene|regulatory|transcript	249
chr20	3732842	3733091	ENSG00000132622.11	gene|regulatory|transcript	249
chr20	9485981	9486230	ENSG00000101333.19	gene|regulatory|transcript	249
chr20	33561732	33561981	ENSG00000078699.22	gene|regulatory|transcript	249
chr20	61521049	61521298	ENSG00000179242.16	gene|regulatory|transcript	249
chr20	37377434	37377683	ENSG00000197122.13	gene|regulatory|transcript	249
chr20	4968046	4968295	ENSG00000089057.15	gene|regulatory|transcript	249
chr20	4950478	4950727	ENSG00000089057.15	gene|regulatory|transcript	249
chr20	10630518	10630767	ENSG00000149346.15	gene|regulatory|transcript	249
chr20	58878051	58878300	ENSG00000087460.29|ENSG00000225806.8	gene|regulatory|transcript	249
chr20	5804435	5804684	ENSG00000171984.15	gene|regulatory|transcript	249
chr20	16760205	16760454	ENSG00000125879.5	gene|regulatory|transcript	249
chr20	15399191	15399440	ENSG00000172264.19	gene|regulatory|transcript	249
chr20	35927879	35928127	ENSG00000025293.17	gene|regulatory|transcript	248
chr20	41617236	41617484	ENSG00000124177.16	gene|regulatory|transcript	248
chr20	34824771	34825019	ENSG00000198646.14	gene|regulatory|transcript	248
chr20	25056791	25057039	ENSG00000154930.15	gene|regulatory|transcript	248
chr20	63978509	63978757	ENSG00000130590.14	gene|regulatory|transcript	248
chr20	37111747	37111995	ENSG00000101353.16	gene|regulatory|transcript	248
chr20	31764693	31764941	ENSG00000088325.16	gene|regulatory|transcript	248
chr20	5948323	5948571	ENSG00000089195.15	gene|regulatory|transcript	248
chr20	13868347	13868595	ENSG00000101251.13	gene|regulatory|transcript	248
chr20	50733487	50733735	ENSG00000124171.9	gene|regulatory|transcript	248
chr20	19605153	19605401	ENSG00000185052.13	gene|regulatory|transcript	248
chr20	36319916	36320164	ENSG00000080845.19	gene|regulatory|transcript	248
chr20	7938137	7938385	ENSG00000101323.5	gene|regulatory|transcript	248
chr20	46990192	46990440	ENSG00000064655.19	gene|regulatory|transcript	248
chr20	59182500	59182748	ENSG00000124203.7	gene|regulatory|transcript	248
chr20	56630792	56631040	ENSG00000087510.7	gene|regulatory|transcript	248
chr20	47323554	47323802	ENSG00000101040.20	gene|regulatory|transcript	248
chr20	19808576	19808824	ENSG00000132669.14	gene|regulatory|transcript	248
chr20	24478199	24478447	ENSG00000101463.6	gene|regulatory|transcript	248
chr20	18056877	18057125	ENSG00000125850.11	gene|regulatory|transcript	248
chr20	62159112	62159360	ENSG00000184402.15	gene|regulatory|transcript	248
chr20	59827578	59827826	ENSG00000087495.17	gene|regulatory|transcript	248
chr20	32773960	32774208	ENSG00000088305.19	gene|regulatory|transcript	248
chr20	19500213	19500461	ENSG00000185052.13	gene|regulatory|transcript	248
chr20	13454472	13454720	ENSG00000089123.16	gene|regulatory|transcript	248
chr20	63625944	63626192	ENSG00000101216.11	gene|regulatory|transcript	248
chr20	36855910	36856157	ENSG00000149639.15	gene|regulatory|transcript	247
chr20	53217100	53217347	ENSG00000182463.17	gene|regulatory|transcript	247
chr20	3995043	3995290	ENSG00000101236.17	gene|regulatory|transcript	247
chr20	14965010	14965257	ENSG00000172264.19	gene|regulatory|transcript	247
chr20	51419721	51419968	ENSG00000101096.20	gene|regulatory|transcript	247
chr20	20216425	20216672	ENSG00000089101.19	gene|regulatory|transcript	247
chr20	17392023	17392270	ENSG00000125851.10	gene|regulatory|transcript	247
chr20	20492995	20493242	ENSG00000188559.16	gene|regulatory|transcript	247
chr20	20278082	20278329	ENSG00000089101.19	gene|regulatory|transcript	247
chr20	674441	674688	ENSG00000215397.4|ENSG00000270299.1	gene|regulatory|transcript	247
chr20	3194372	3194619	ENSG00000198171.13	gene|regulatory|transcript	247
chr20	14700145	14700392	ENSG00000172264.19	gene|regulatory|transcript	247
chr20	25298852	25299099	ENSG00000100997.20	gene|regulatory|transcript	247
chr20	25524567	25524814	ENSG00000101004.16	gene|regulatory|transcript	247
chr20	32859093	32859340	ENSG00000215529.13	gene|regulatory|transcript	247
chr20	59163573	59163820	ENSG00000124203.7	gene|regulatory|transcript	247
chr20	61460322	61460569	ENSG00000179242.16	gene|regulatory|transcript	247
chr20	37694264	37694511	ENSG00000132792.21	gene|regulatory|transcript	247
chr20	37755730	37755977	ENSG00000132792.21	gene|regulatory|transcript	247
chr20	31560149	31560396	ENSG00000101294.19	gene|regulatory|transcript	247
chr20	44123049	44123296	ENSG00000149596.7	gene|regulatory|transcript	247
chr20	47355076	47355323	ENSG00000101040.20	gene|regulatory|transcript	247
chr20	46965342	46965589	ENSG00000064655.19	gene|regulatory|transcript	247
chr20	36092123	36092370	ENSG00000088367.23	gene|regulatory|transcript	247
chr20	53597703	53597950	ENSG00000171940.14	gene|regulatory|transcript	247
chr20	3305663	3305910	ENSG00000088854.13	gene|regulatory|transcript	247
chr20	16349666	16349913	ENSG00000089177.20	gene|regulatory|transcript	247
chr20	4136032	4136278	ENSG00000088826.18	gene|regulatory|transcript	246
chr20	21202372	21202618	ENSG00000088970.16|ENSG00000232712.6	gene|regulatory|transcript	246
chr20	1163183	1163429	ENSG00000125818.18	gene|regulatory|transcript	246
chr20	47350696	47350942	ENSG00000101040.20	gene|regulatory|transcript	246
chr20	31681851	31682097	ENSG00000171552.14	gene|regulatory|transcript	246
chr20	43557643	43557889	ENSG00000277611.1	gene|regulatory|transcript	246
chr20	3696287	3696533	ENSG00000088827.14	gene|regulatory|transcript	246
chr20	61569888	61570134	ENSG00000179242.16	gene|regulatory|transcript	246
chr20	49452164	49452410	ENSG00000158445.10	gene|regulatory|transcript	246
chr20	49712560	49712806	ENSG00000158470.5	gene|regulatory|transcript	246
chr20	1992806	1993052	ENSG00000101327.9|ENSG00000233896.2	gene|regulatory|transcript	246
chr20	49910385	49910631	ENSG00000158480.11	gene|regulatory|transcript	246
chr20	62218741	62218987	ENSG00000101180.17	gene|regulatory|transcript	246
chr20	38900726	38900972	ENSG00000101445.10	gene|regulatory|transcript	246
chr20	51470236	51470482	ENSG00000101096.20	gene|regulatory|transcript	246
chr20	14778170	14778416	ENSG00000172264.19	gene|regulatory|transcript	246
chr20	25581633	25581879	ENSG00000101004.16	gene|regulatory|transcript	246
chr20	8133481	8133727	ENSG00000182621.19	gene|regulatory|transcript	246
chr20	31911218	31911464	ENSG00000131044.19	gene|regulatory|transcript	246
chr20	5569138	5569384	ENSG00000125772.14	gene|regulatory|transcript	246
chr20	43709106	43709352	ENSG00000101057.16	gene|regulatory|transcript	246
chr20	63652959	63653205	ENSG00000197457.10	gene|regulatory|transcript	246
chr20	17321574	17321820	ENSG00000125851.10	gene|regulatory|transcript	246
chr20	37352693	37352939	ENSG00000197122.13	gene|regulatory|transcript	246
chr20	53609152	53609398	ENSG00000171940.14|ENSG00000235415.1	gene|regulatory|transcript	246
chr20	17633907	17634153	ENSG00000125844.17	gene|regulatory|transcript	246
chr20	62652250	62652496	ENSG00000101187.16	gene|regulatory|transcript	246
chr20	17674811	17675057	ENSG00000125844.17	gene|regulatory|transcript	246
chr20	59323148	59323394	ENSG00000124205.18	gene|regulatory|transcript	246
chr20	19978472	19978718	ENSG00000132669.14	gene|regulatory|transcript	246
chr20	34579393	34579639	ENSG00000101464.11	gene|regulatory|transcript	246
chr20	44400548	44400794	ENSG00000101076.20	gene|regulatory|transcript	246
chr20	64223551	64223797	ENSG00000196132.14	gene|regulatory|transcript	246
chr20	53303092	53303337	ENSG00000182463.17|ENSG00000271774.1	gene|regulatory|transcript	245
chr20	59747912	59748157	ENSG00000087495.17	gene|regulatory|transcript	245
chr20	16730240	16730485	ENSG00000125870.11|ENSG00000228809.2	gene|regulatory|transcript	245
chr20	32325966	32326211	ENSG00000101350.8	gene|regulatory|transcript	245
chr20	19233445	19233690	ENSG00000185052.13	gene|regulatory|transcript	245
chr20	8423691	8423936	ENSG00000182621.19	gene|regulatory|transcript	245
chr20	17953087	17953332	ENSG00000089006.17	gene|regulatory|transcript	245
chr20	3354323	3354568	ENSG00000088854.13	gene|regulatory|transcript	245
chr20	19759873	19760118	ENSG00000132669.14	gene|regulatory|transcript	245
chr20	44582731	44582976	ENSG00000168734.14	gene|regulatory|transcript	245
chr20	44585681	44585926	ENSG00000168734.14|ENSG00000196839.14	gene|regulatory|transcript	245
chr20	63358579	63358824	ENSG00000101204.18	gene|regulatory|transcript	245
chr20	53579519	53579764	ENSG00000171940.14	gene|regulatory|transcript	245
chr20	58698951	58699196	ENSG00000215440.12|ENSG00000254995.4	gene|regulatory|transcript	245
chr20	2995855	2996100	ENSG00000132670.21	gene|regulatory|transcript	245
chr20	3472144	3472389	ENSG00000088812.18	gene|regulatory|transcript	245
chr20	5171873	5172118	ENSG00000101290.14	gene|regulatory|transcript	245
chr20	33282968	33283213	ENSG00000125999.11	gene|regulatory|transcript	245
chr20	1122599	1122844	ENSG00000125818.18	gene|regulatory|transcript	245
chr20	17616009	17616254	ENSG00000125844.17	gene|regulatory|transcript	245
chr20	15005636	15005881	ENSG00000172264.19	gene|regulatory|transcript	245
chr20	46361770	46362015	ENSG00000080189.15	gene|regulatory|transcript	245
chr20	57260956	57261201	ENSG00000101144.13	gene|regulatory|transcript	245
chr20	64220494	64220739	ENSG00000196132.14	gene|regulatory|transcript	245
chr20	25052231	25052476	ENSG00000154930.15	gene|regulatory|transcript	245
chr20	24956228	24956473	ENSG00000077984.6	gene|regulatory|transcript	245
chr20	38073877	38074122	ENSG00000101413.12	gene|regulatory|transcript	245
chr20	33490989	33491234	ENSG00000078699.22	gene|regulatory|transcript	245
chr20	33427360	33427605	ENSG00000101400.6	gene|regulatory|transcript	245
chr20	17993173	17993418	ENSG00000125850.11	gene|regulatory|transcript	245
chr20	37986121	37986366	ENSG00000101407.13	gene|regulatory|transcript	245
chr20	57703417	57703662	ENSG00000124225.16	gene|regulatory|transcript	245
chr20	847287	847531	ENSG00000125898.13	gene|regulatory|transcript	244
chr20	15060655	15060899	ENSG00000172264.19	gene|regulatory|transcript	244
chr20	58668127	58668371	ENSG00000124222.23|ENSG00000254995.4	gene|regulatory|transcript	244
chr20	37381672	37381916	ENSG00000197122.13	gene|regulatory|transcript	244
chr20	63701452	63701696	ENSG00000101246.20	gene|regulatory|transcript	244
chr20	34709608	34709852	ENSG00000078804.13|ENSG00000198646.14	gene|regulatory|transcript	244
chr20	44402064	44402308	ENSG00000101076.20	gene|regulatory|transcript	244
chr20	16397415	16397659	ENSG00000089177.20	gene|regulatory|transcript	244
chr20	16323731	16323975	ENSG00000089177.20	gene|regulatory|transcript	244
chr20	19809675	19809919	ENSG00000132669.14	gene|regulatory|transcript	244
chr20	51696348	51696592	ENSG00000054793.14	gene|regulatory|transcript	244
chr20	37525348	37525592	ENSG00000166619.15	gene|regulatory|transcript	244
chr20	62669674	62669918	ENSG00000101187.16	gene|regulatory|transcript	244
chr20	47351282	47351526	ENSG00000101040.20	gene|regulatory|transcript	244
chr20	17642131	17642375	ENSG00000125844.17	gene|regulatory|transcript	244
chr20	59204284	59204528	ENSG00000124203.7	gene|regulatory|transcript	244
chr20	33569485	33569729	ENSG00000078699.22	gene|regulatory|transcript	244
chr20	61800102	61800346	ENSG00000179242.16	gene|regulatory|transcript	244
chr20	62959237	62959481	ENSG00000101194.18	gene|regulatory|transcript	244
chr20	1328677	1328921	ENSG00000125775.15|ENSG00000234684.8|ENSG00000274322.1	gene|regulatory|transcript	244
chr20	61260981	61261225	ENSG00000179242.16	gene|regulatory|transcript	244
chr20	34003341	34003585	ENSG00000125970.12	gene|regulatory|transcript	244
chr20	57398458	57398702	ENSG00000132819.17	gene|regulatory|transcript	244
chr20	15795730	15795974	ENSG00000172264.19	gene|regulatory|transcript	244
chr20	50690303	50690547	ENSG00000042062.13	gene|regulatory|transcript	244
chr20	10420283	10420527	ENSG00000125863.20|ENSG00000285508.2|ENSG00000285723.2	gene|regulatory|transcript	244
chr20	15598445	15598689	ENSG00000172264.19	gene|regulatory|transcript	244
chr20	1247801	1248045	ENSG00000244588.6	gene|regulatory|transcript	244
chr20	51464066	51464310	ENSG00000101096.20	gene|regulatory|transcript	244
chr20	18046603	18046847	ENSG00000125850.11	gene|regulatory|transcript	244
chr20	43151335	43151579	ENSG00000196090.14	gene|regulatory|transcript	244
chr20	51526567	51526811	ENSG00000101096.20	gene|regulatory|transcript	244
chr20	3734203	3734447	ENSG00000132622.11	gene|regulatory|transcript	244
chr20	32209516	32209760	ENSG00000101346.15	gene|regulatory|transcript	244
chr20	59644064	59644308	ENSG00000087495.17	gene|regulatory|transcript	244
chr20	45329569	45329813	ENSG00000124145.6	gene|regulatory|transcript	244
chr20	33825949	33826193	ENSG00000101421.4	gene|regulatory|transcript	244
chr20	57707402	57707645	ENSG00000124225.16	gene|regulatory|transcript	243
chr20	20549749	20549992	ENSG00000188559.16	gene|regulatory|transcript	243
chr20	43188534	43188777	ENSG00000196090.14	gene|regulatory|transcript	243
chr20	44910734	44910977	ENSG00000101104.13	gene|regulatory|transcript	243
chr20	24470267	24470510	ENSG00000101463.6	gene|regulatory|transcript	243
chr20	38879678	38879921	ENSG00000101445.10	gene|regulatory|transcript	243
chr20	24950957	24951200	ENSG00000077984.6	gene|regulatory|transcript	243
chr20	33540514	33540757	ENSG00000078699.22	gene|regulatory|transcript	243
chr20	23635367	23635610	ENSG00000101439.9	gene|regulatory|transcript	243
chr20	34914495	34914738	ENSG00000131069.20	gene|regulatory|transcript	243
chr20	31667694	31667937	ENSG00000171552.14	gene|regulatory|transcript	243
chr20	8305430	8305673	ENSG00000182621.19	gene|regulatory|transcript	243
chr20	31911576	31911819	ENSG00000131044.19	gene|regulatory|transcript	243
chr20	63318460	63318703	ENSG00000101203.17	gene|regulatory|transcript	243
chr20	10672338	10672581	ENSG00000101384.12	gene|regulatory|transcript	243
chr20	49668333	49668576	ENSG00000158470.5	gene|regulatory|transcript	243
chr20	51688748	51688991	ENSG00000054793.14	gene|regulatory|transcript	243
chr20	64239111	64239354	ENSG00000196132.14	gene|regulatory|transcript	243
chr20	48808007	48808250	ENSG00000124126.14	gene|regulatory|transcript	243
chr20	35857032	35857275	ENSG00000025293.17	gene|regulatory|transcript	243
chr20	17971520	17971763	ENSG00000125850.11|ENSG00000125871.14	gene|regulatory|transcript	243
chr20	37903504	37903747	ENSG00000132821.12	gene|regulatory|transcript	243
chr20	35456386	35456629	ENSG00000126001.17	gene|regulatory|transcript	243
chr20	49831447	49831690	ENSG00000197818.12	gene|regulatory|transcript	243
chr20	16006050	16006293	ENSG00000172264.19	gene|regulatory|transcript	243
chr20	47109075	47109318	ENSG00000064655.19	gene|regulatory|transcript	243
chr20	19317314	19317557	ENSG00000185052.13	gene|regulatory|transcript	243
chr20	62924816	62925059	ENSG00000101191.17	gene|regulatory|transcript	243
chr20	34985129	34985372	ENSG00000078814.19	gene|regulatory|transcript	243
chr20	50666859	50667102	ENSG00000042062.13	gene|regulatory|transcript	243
chr20	57706422	57706665	ENSG00000124225.16	gene|regulatory|transcript	243
chr20	4171223	4171466	ENSG00000088826.18	gene|regulatory|transcript	243
chr20	64236646	64236889	ENSG00000196132.14	gene|regulatory|transcript	243
chr20	4687657	4687900	ENSG00000171867.18	gene|regulatory|transcript	243
chr20	50869339	50869582	ENSG00000124243.19	gene|regulatory|transcript	243
chr20	5608921	5609164	ENSG00000125772.14	gene|regulatory|transcript	243
chr20	32538638	32538881	ENSG00000197183.15	gene|regulatory|transcript	243
chr20	64134196	64134439	ENSG00000196132.14	gene|regulatory|transcript	243
chr20	34412155	34412398	ENSG00000078747.17|ENSG00000289720.1	gene|regulatory|transcript	243
chr20	34677129	34677372	ENSG00000101464.11	gene|regulatory|transcript	243
chr20	36155969	36156211	ENSG00000088367.23	gene|regulatory|transcript	242
chr20	5147252	5147494	ENSG00000101290.14	gene|regulatory|transcript	242
chr20	10500873	10501115	ENSG00000149346.15	gene|regulatory|transcript	242
chr20	34058918	34059160	ENSG00000125970.12	gene|regulatory|transcript	242
chr20	57699554	57699796	ENSG00000124225.16	gene|regulatory|transcript	242
chr20	23635625	23635867	ENSG00000101439.9	gene|regulatory|transcript	242
chr20	58869754	58869996	ENSG00000087460.29|ENSG00000225806.8	gene|regulatory|transcript	242
chr20	50517837	50518079	ENSG00000196396.10	gene|regulatory|transcript	242
chr20	1372240	1372482	ENSG00000088832.18|ENSG00000234684.8|ENSG00000274322.1	gene|regulatory|transcript	242
chr20	38970262	38970504	ENSG00000101452.15	gene|regulatory|transcript	242
chr20	3922765	3923007	ENSG00000125779.24|ENSG00000275582.1	gene|regulatory|transcript	242
chr20	37987642	37987884	ENSG00000101407.13	gene|regulatory|transcript	242
chr20	47008378	47008620	ENSG00000064655.19	gene|regulatory|transcript	242
chr20	47140011	47140253	ENSG00000064655.19	gene|regulatory|transcript	242
chr20	33563738	33563980	ENSG00000078699.22	gene|regulatory|transcript	242
chr20	49948187	49948429	ENSG00000124226.11	gene|regulatory|transcript	242
chr20	32449512	32449754	ENSG00000197183.15	gene|regulatory|transcript	242
chr20	32368414	32368656	ENSG00000171456.22	gene|regulatory|transcript	242
chr20	13990914	13991156	ENSG00000101251.13	gene|regulatory|transcript	242
chr20	59770018	59770260	ENSG00000087495.17	gene|regulatory|transcript	242
chr20	5586782	5587024	ENSG00000125772.14	gene|regulatory|transcript	242
chr20	2695267	2695509	ENSG00000088881.22	gene|regulatory|transcript	242
chr20	58883242	58883484	ENSG00000087460.29|ENSG00000225806.8	gene|regulatory|transcript	242
chr20	61451080	61451322	ENSG00000179242.16	gene|regulatory|transcript	242
chr20	32676161	32676403	ENSG00000285382.1	gene|regulatory|transcript	242
chr20	34979804	34980046	ENSG00000078814.19	gene|regulatory|transcript	242
chr20	24471360	24471602	ENSG00000101463.6	gene|regulatory|transcript	242
chr20	17504938	17505180	ENSG00000125864.14	gene|regulatory|transcript	242
chr20	41079102	41079344	ENSG00000198900.7	gene|regulatory|transcript	242
chr20	20706364	20706605	ENSG00000188559.16	gene|regulatory|transcript	241
chr20	45347986	45348227	ENSG00000124145.6	gene|regulatory|transcript	241
chr20	15638374	15638615	ENSG00000172264.19	gene|regulatory|transcript	241
chr20	60010247	60010488	ENSG00000124215.17	gene|regulatory|transcript	241
chr20	10467776	10468017	ENSG00000149346.15	gene|regulatory|transcript	241
chr20	53002890	53003131	ENSG00000182463.17	gene|regulatory|transcript	241
chr20	62902994	62903235	ENSG00000101191.17	gene|regulatory|transcript	241
chr20	3596064	3596305	ENSG00000088812.18	gene|regulatory|transcript	241
chr20	54649439	54649680	ENSG00000101134.12	gene|regulatory|transcript	241
chr20	32828152	32828393	ENSG00000101367.9	gene|regulatory|transcript	241
chr20	52983952	52984193	ENSG00000182463.17	gene|regulatory|transcript	241
chr20	53099888	53100129	ENSG00000182463.17	gene|regulatory|transcript	241
chr20	35888280	35888521	ENSG00000025293.17	gene|regulatory|transcript	241
chr20	17654406	17654647	ENSG00000125844.17	gene|regulatory|transcript	241
chr20	63455609	63455850	ENSG00000075043.21	gene|regulatory|transcript	241
chr20	4233617	4233858	ENSG00000171873.8	gene|regulatory|transcript	241
chr20	10560820	10561061	ENSG00000149346.15	gene|regulatory|transcript	241
chr20	62474367	62474608	ENSG00000130700.7	gene|regulatory|transcript	241
chr20	45037137	45037378	ENSG00000101109.13	gene|regulatory|transcript	241
chr20	64065157	64065398	ENSG00000171703.17	gene|regulatory|transcript	241
chr20	10474911	10475152	ENSG00000149346.15	gene|regulatory|transcript	241
chr20	17627682	17627923	ENSG00000125844.17	gene|regulatory|transcript	241
chr20	25272665	25272906	ENSG00000100994.12	gene|regulatory|transcript	241
chr20	64155567	64155808	ENSG00000196132.14	gene|regulatory|transcript	241
chr20	63206947	63207188	ENSG00000149658.18	gene|regulatory|transcript	241
chr20	13618530	13618771	ENSG00000089123.16	gene|regulatory|transcript	241
chr20	33663124	33663365	ENSG00000125967.17|ENSG00000149609.6	gene|regulatory|transcript	241
chr20	38134763	38135004	ENSG00000198959.12	gene|regulatory|transcript	241
chr20	18144192	18144433	ENSG00000149474.15	gene|regulatory|transcript	241
chr20	20561224	20561465	ENSG00000188559.16	gene|regulatory|transcript	241
chr20	10592970	10593211	ENSG00000149346.15	gene|regulatory|transcript	241
chr20	1266764	1267005	ENSG00000101298.15|ENSG00000244588.6	gene|regulatory|transcript	241
chr20	33162760	33163001	ENSG00000131050.11	gene|regulatory|transcript	241
chr20	53589821	53590061	ENSG00000171940.14	gene|regulatory|transcript	240
chr20	43711247	43711487	ENSG00000101057.16	gene|regulatory|transcript	240
chr20	63697824	63698064	ENSG00000026036.23|ENSG00000243509.6	gene|regulatory|transcript	240
chr20	36094019	36094259	ENSG00000088367.23	gene|regulatory|transcript	240
chr20	3797812	3798052	ENSG00000101224.18	gene|regulatory|transcript	240
chr20	20658773	20659013	ENSG00000188559.16	gene|regulatory|transcript	240
chr20	19311212	19311452	ENSG00000185052.13	gene|regulatory|transcript	240
chr20	15573248	15573488	ENSG00000172264.19	gene|regulatory|transcript	240
chr20	1325159	1325399	ENSG00000125775.15|ENSG00000274322.1	gene|regulatory|transcript	240
chr20	35172606	35172846	ENSG00000101000.6	gene|regulatory|transcript	240
chr20	61695811	61696051	ENSG00000179242.16	gene|regulatory|transcript	240
chr20	57659749	57659989	ENSG00000124225.16	gene|regulatory|transcript	240
chr20	44065471	44065711	ENSG00000124191.18	gene|regulatory|transcript	240
chr20	2132398	2132638	ENSG00000125834.13	gene|regulatory|transcript	240
chr20	63273638	63273878	ENSG00000101199.13	gene|regulatory|transcript	240
chr20	15545325	15545565	ENSG00000172264.19	gene|regulatory|transcript	240
chr20	23419382	23419622	ENSG00000125814.17	gene|regulatory|transcript	240
chr20	24984019	24984259	ENSG00000101474.12	gene|regulatory|transcript	240
chr20	61308022	61308262	ENSG00000179242.16	gene|regulatory|transcript	240
chr20	38165932	38166172	ENSG00000198959.12	gene|regulatory|transcript	240
chr20	53332503	53332743	ENSG00000182463.17|ENSG00000271774.1	gene|regulatory|transcript	240
chr20	17717129	17717369	ENSG00000125888.15	gene|regulatory|transcript	240
chr20	2987008	2987248	ENSG00000132670.21	gene|regulatory|transcript	240
chr20	53319758	53319998	ENSG00000182463.17|ENSG00000271774.1	gene|regulatory|transcript	240
chr20	60011890	60012130	ENSG00000124215.17	gene|regulatory|transcript	240
chr20	6115570	6115810	ENSG00000101311.17	gene|regulatory|transcript	240
chr20	32472949	32473189	ENSG00000197183.15	gene|regulatory|transcript	240
chr20	36585585	36585825	ENSG00000118707.11|ENSG00000259399.1	gene|regulatory|transcript	240
chr20	43177476	43177716	ENSG00000196090.14	gene|regulatory|transcript	240
chr20	37347983	37348223	ENSG00000197122.13	gene|regulatory|transcript	240
chr20	31793354	31793594	ENSG00000088325.16	gene|regulatory|transcript	240
chr20	33666702	33666942	ENSG00000125967.17	gene|regulatory|transcript	240
chr20	19975933	19976172	ENSG00000132669.14	gene|regulatory|transcript	239
chr20	49166605	49166844	ENSG00000124214.21	gene|regulatory|transcript	239
chr20	32518553	32518792	ENSG00000197183.15|ENSG00000277301.1	gene|regulatory|transcript	239
chr20	32534178	32534417	ENSG00000197183.15	gene|regulatory|transcript	239
chr20	44577643	44577882	ENSG00000168734.14	gene|regulatory|transcript	239
chr20	35711511	35711750	ENSG00000131051.24	gene|regulatory|transcript	239
chr20	63739536	63739775	ENSG00000273047.1	gene|regulatory|transcript	239
chr20	31537918	31538157	ENSG00000101294.19	gene|regulatory|transcript	239
chr20	44642903	44643142	ENSG00000196839.14	gene|regulatory|transcript	239
chr20	36947059	36947298	ENSG00000101347.11	gene|regulatory|transcript	239
chr20	36469781	36470020	ENSG00000080845.19	gene|regulatory|transcript	239
chr20	49340492	49340731	ENSG00000158445.10|ENSG00000290421.1	gene|regulatory|transcript	239
chr20	36111264	36111503	ENSG00000088367.23	gene|regulatory|transcript	239
chr20	50837730	50837969	ENSG00000124243.19	gene|regulatory|transcript	239
chr20	36595834	36596073	ENSG00000259399.1	gene|regulatory|transcript	239
chr20	36733203	36733442	ENSG00000101079.21	gene|regulatory|transcript	239
chr20	16572215	16572454	ENSG00000089177.20	gene|regulatory|transcript	239
chr20	63754055	63754294	ENSG00000130584.12	gene|regulatory|transcript	239
chr20	25321568	25321807	ENSG00000100997.20	gene|regulatory|transcript	239
chr20	61799851	61800090	ENSG00000179242.16	gene|regulatory|transcript	239
chr20	33672839	33673078	ENSG00000125967.17	gene|regulatory|transcript	239
chr20	3766544	3766783	ENSG00000101220.18	gene|regulatory|transcript	239
chr20	62958202	62958441	ENSG00000101194.18	gene|regulatory|transcript	239
chr20	38307715	38307954	ENSG00000101425.14|ENSG00000206249.3	gene|regulatory|transcript	239
chr20	51541200	51541439	ENSG00000101096.20	gene|regulatory|transcript	239
chr20	35888770	35889009	ENSG00000025293.17	gene|regulatory|transcript	239
chr20	13292620	13292859	ENSG00000101230.6	gene|regulatory|transcript	239
chr20	23420759	23420998	ENSG00000125814.17	gene|regulatory|transcript	239
chr20	45813582	45813821	ENSG00000175063.17	gene|regulatory|transcript	239
chr20	57668466	57668705	ENSG00000124225.16	gene|regulatory|transcript	239
chr20	41141237	41141476	ENSG00000124181.15	gene|regulatory|transcript	239
chr20	61857144	61857383	ENSG00000179242.16	gene|regulatory|transcript	239
chr20	44411247	44411486	ENSG00000101076.20	gene|regulatory|transcript	239
chr20	20462271	20462510	ENSG00000188559.16	gene|regulatory|transcript	239
chr20	1267005	1267244	ENSG00000101298.15|ENSG00000244588.6	gene|regulatory|transcript	239
chr20	59042363	59042602	ENSG00000101166.16	gene|regulatory|transcript	239
chr20	44401000	44401238	ENSG00000101076.20	gene|regulatory|transcript	238
chr20	34621414	34621652	ENSG00000101464.11	gene|regulatory|transcript	238
chr20	33732813	33733051	ENSG00000131061.15	gene|regulatory|transcript	238
chr20	57251372	57251610	ENSG00000101144.13	gene|regulatory|transcript	238
chr20	17538648	17538886	ENSG00000125864.14	gene|regulatory|transcript	238
chr20	63901481	63901719	ENSG00000101152.12|ENSG00000290226.1	gene|regulatory|transcript	238
chr20	9457175	9457413	ENSG00000101333.19	gene|regulatory|transcript	238
chr20	50911653	50911891	ENSG00000101126.18	gene|regulatory|transcript	238
chr20	21191932	21192170	ENSG00000088970.16|ENSG00000232712.6	gene|regulatory|transcript	238
chr20	36447176	36447414	ENSG00000080845.19	gene|regulatory|transcript	238
chr20	5835259	5835497	ENSG00000171984.15	gene|regulatory|transcript	238
chr20	50915511	50915749	ENSG00000101126.18	gene|regulatory|transcript	238
chr20	33850235	33850473	ENSG00000101421.4	gene|regulatory|transcript	238
chr20	57262987	57263225	ENSG00000101144.13	gene|regulatory|transcript	238
chr20	43186350	43186588	ENSG00000196090.14	gene|regulatory|transcript	238
chr20	5119339	5119577	ENSG00000132646.11	gene|regulatory|transcript	238
chr20	14830598	14830836	ENSG00000172264.19	gene|regulatory|transcript	238
chr20	62234739	62234977	ENSG00000130703.17	gene|regulatory|transcript	238
chr20	38075369	38075607	ENSG00000101413.12	gene|regulatory|transcript	238
chr20	38136859	38137097	ENSG00000198959.12	gene|regulatory|transcript	238
chr20	46967726	46967964	ENSG00000064655.19	gene|regulatory|transcript	238
chr20	63829313	63829551	ENSG00000130584.12	gene|regulatory|transcript	238
chr20	61447961	61448199	ENSG00000179242.16	gene|regulatory|transcript	238
chr20	48749474	48749712	ENSG00000124126.14	gene|regulatory|transcript	238
chr20	32473191	32473429	ENSG00000197183.15	gene|regulatory|transcript	238
chr20	62653469	62653707	ENSG00000101187.16	gene|regulatory|transcript	238
chr20	14521610	14521848	ENSG00000172264.19	gene|regulatory|transcript	238
chr20	44011590	44011828	ENSG00000124191.18	gene|regulatory|transcript	238
chr20	43096907	43097145	ENSG00000196090.14	gene|regulatory|transcript	238
chr20	21303704	21303942	ENSG00000088930.8	gene|regulatory|transcript	238
chr20	16487309	16487547	ENSG00000089177.20	gene|regulatory|transcript	238
chr20	58700462	58700700	ENSG00000215440.12|ENSG00000254995.4	gene|regulatory|transcript	238
chr20	5177646	5177884	ENSG00000101290.14	gene|regulatory|transcript	238
chr20	19821707	19821945	ENSG00000132669.14	gene|regulatory|transcript	238
chr20	37995977	37996215	ENSG00000101407.13	gene|regulatory|transcript	238
chr20	31694002	31694240	ENSG00000171552.14|ENSG00000236559.1	gene|regulatory|transcript	238
chr20	60001627	60001864	ENSG00000124215.17	gene|regulatory|transcript	237
chr20	47551925	47552162	ENSG00000124151.19	gene|regulatory|transcript	237
chr20	18165639	18165876	ENSG00000149474.15	gene|regulatory|transcript	237
chr20	37992034	37992271	ENSG00000101407.13	gene|regulatory|transcript	237
chr20	37205193	37205430	ENSG00000118705.18	gene|regulatory|transcript	237
chr20	25356619	25356856	ENSG00000100997.20	gene|regulatory|transcript	237
chr20	59723645	59723882	ENSG00000087495.17	gene|regulatory|transcript	237
chr20	19451663	19451900	ENSG00000185052.13	gene|regulatory|transcript	237
chr20	14882901	14883138	ENSG00000172264.19	gene|regulatory|transcript	237
chr20	63286866	63287103	ENSG00000101199.13	gene|regulatory|transcript	237
chr20	63803470	63803707	ENSG00000130584.12	gene|regulatory|transcript	237
chr20	10488685	10488922	ENSG00000149346.15	gene|regulatory|transcript	237
chr20	36666392	36666629	ENSG00000101079.21	gene|regulatory|transcript	237
chr20	34717475	34717712	ENSG00000198646.14	gene|regulatory|transcript	237
chr20	9617100	9617337	ENSG00000101349.17	gene|regulatory|transcript	237
chr20	36853777	36854014	ENSG00000149639.15	gene|regulatory|transcript	237
chr20	32475782	32476019	ENSG00000197183.15	gene|regulatory|transcript	237
chr20	17624802	17625039	ENSG00000125844.17	gene|regulatory|transcript	237
chr20	25197774	25198011	ENSG00000197586.13	gene|regulatory|transcript	237
chr20	9294174	9294411	ENSG00000101333.19	gene|regulatory|transcript	237
chr20	33709943	33710180	ENSG00000101417.12	gene|regulatory|transcript	237
chr20	35314780	35315017	ENSG00000101019.22	gene|regulatory|transcript	237
chr20	45765388	45765625	ENSG00000124116.19	gene|regulatory|transcript	237
chr20	62817205	62817442	ENSG00000092758.18	gene|regulatory|transcript	237
chr20	42560873	42561110	ENSG00000196090.14	gene|regulatory|transcript	237
chr20	38143816	38144053	ENSG00000198959.12	gene|regulatory|transcript	237
chr20	57687001	57687238	ENSG00000124225.16	gene|regulatory|transcript	237
chr20	24964033	24964270	ENSG00000101474.12	gene|regulatory|transcript	237
chr20	24663561	24663798	ENSG00000101463.6	gene|regulatory|transcript	237
chr20	62144761	62144998	ENSG00000184402.15	gene|regulatory|transcript	237
chr20	13626488	13626725	ENSG00000089123.16	gene|regulatory|transcript	237
chr20	58226518	58226755	ENSG00000124227.6	gene|regulatory|transcript	237
chr20	44479730	44479967	ENSG00000124120.11	gene|regulatory|transcript	237
chr20	4942426	4942663	ENSG00000089057.15	gene|regulatory|transcript	237
chr20	63884143	63884380	ENSG00000101150.18|ENSG00000290226.1	gene|regulatory|transcript	237
chr20	63626452	63626689	ENSG00000101216.11	gene|regulatory|transcript	237
chr20	49420361	49420598	ENSG00000158445.10|ENSG00000290421.1	gene|regulatory|transcript	237
chr20	16540868	16541105	ENSG00000089177.20	gene|regulatory|transcript	237
chr20	5189864	5190101	ENSG00000101290.14	gene|regulatory|transcript	237
chr20	48631492	48631728	ENSG00000124126.14	gene|regulatory|transcript	236
chr20	9130484	9130720	ENSG00000101333.19	gene|regulatory|transcript	236
chr20	9069352	9069588	ENSG00000101333.19	gene|regulatory|transcript	236
chr20	36481747	36481983	ENSG00000080845.19	gene|regulatory|transcript	236
chr20	50917484	50917720	ENSG00000101126.18	gene|regulatory|transcript	236
chr20	50675730	50675966	ENSG00000042062.13	gene|regulatory|transcript	236
chr20	43096250	43096486	ENSG00000196090.14	gene|regulatory|transcript	236
chr20	9518882	9519118	ENSG00000125869.10	gene|regulatory|transcript	236
chr20	17680087	17680323	ENSG00000125844.17	gene|regulatory|transcript	236
chr20	41054887	41055123	ENSG00000198900.7	gene|regulatory|transcript	236
chr20	52062742	52062978	ENSG00000020256.20	gene|regulatory|transcript	236
chr20	56496014	56496250	ENSG00000022277.13|ENSG00000124091.10	gene|regulatory|transcript	236
chr20	59835171	59835407	ENSG00000087495.17	gene|regulatory|transcript	236
chr20	37777417	37777653	ENSG00000132792.21	gene|regulatory|transcript	236
chr20	47784084	47784320	ENSG00000196562.16	gene|regulatory|transcript	236
chr20	3710070	3710306	ENSG00000088827.14	gene|regulatory|transcript	236
chr20	45303152	45303388	ENSG00000124159.17	gene|regulatory|transcript	236
chr20	42731167	42731403	ENSG00000196090.14	gene|regulatory|transcript	236
chr20	34948129	34948365	ENSG00000100983.12	gene|regulatory|transcript	236
chr20	24489730	24489966	ENSG00000101463.6	gene|regulatory|transcript	236
chr20	8531050	8531286	ENSG00000182621.19	gene|regulatory|transcript	236
chr20	62745010	62745246	ENSG00000101188.5	gene|regulatory|transcript	236
chr20	44809246	44809482	ENSG00000101098.13	gene|regulatory|transcript	236
chr20	48635826	48636062	ENSG00000124126.14	gene|regulatory|transcript	236
chr20	47766086	47766322	ENSG00000196562.16	gene|regulatory|transcript	236
chr20	32778990	32779226	ENSG00000088305.19	gene|regulatory|transcript	236
chr20	44397111	44397346	ENSG00000101076.20	gene|regulatory|transcript	235
chr20	57653983	57654218	ENSG00000124225.16	gene|regulatory|transcript	235
chr20	23402719	23402954	ENSG00000125814.17	gene|regulatory|transcript	235
chr20	35547505	35547740	ENSG00000125991.21	gene|regulatory|transcript	235
chr20	49676768	49677003	ENSG00000158470.5	gene|regulatory|transcript	235
chr20	49711094	49711329	ENSG00000158470.5	gene|regulatory|transcript	235
chr20	10508141	10508376	ENSG00000149346.15	gene|regulatory|transcript	235
chr20	51679513	51679748	ENSG00000054793.14	gene|regulatory|transcript	235
chr20	44540904	44541139	ENSG00000168734.14	gene|regulatory|transcript	235
chr20	51498069	51498304	ENSG00000101096.20	gene|regulatory|transcript	235
chr20	39036079	39036314	ENSG00000101452.15	gene|regulatory|transcript	235
chr20	34943940	34944175	ENSG00000100983.12	gene|regulatory|transcript	235
chr20	1534655	1534890	ENSG00000125900.13|ENSG00000242324.1	gene|regulatory|transcript	235
chr20	46255824	46256059	ENSG00000149654.11	gene|regulatory|transcript	235
chr20	3963492	3963727	ENSG00000101236.17	gene|regulatory|transcript	235
chr20	18721709	18721944	ENSG00000125821.13|ENSG00000284776.1	gene|regulatory|transcript	235
chr20	54155031	54155266	ENSG00000019186.10	gene|regulatory|transcript	235
chr20	31696232	31696467	ENSG00000171552.14|ENSG00000236559.1	gene|regulatory|transcript	235
chr20	36848224	36848459	ENSG00000149639.15	gene|regulatory|transcript	235
chr20	61392234	61392469	ENSG00000179242.16	gene|regulatory|transcript	235
chr20	2239665	2239900	ENSG00000286022.1	gene|regulatory|transcript	235
chr20	19826624	19826859	ENSG00000132669.14	gene|regulatory|transcript	235
chr20	45370466	45370701	ENSG00000204070.10|ENSG00000254806.5	gene|regulatory|transcript	235
chr20	20427294	20427529	ENSG00000188559.16	gene|regulatory|transcript	235
chr20	15254183	15254418	ENSG00000172264.19	gene|regulatory|transcript	235
chr20	61440677	61440912	ENSG00000179242.16	gene|regulatory|transcript	235
chr20	19601166	19601401	ENSG00000185052.13	gene|regulatory|transcript	235
chr20	36318158	36318393	ENSG00000080845.19	gene|regulatory|transcript	235
chr20	3200454	3200689	ENSG00000198171.13	gene|regulatory|transcript	235
chr20	53082030	53082265	ENSG00000182463.17	gene|regulatory|transcript	235
chr20	18138819	18139054	ENSG00000149474.15|ENSG00000232838.4	gene|regulatory|transcript	235
chr20	1329536	1329771	ENSG00000234684.8|ENSG00000274322.1	gene|regulatory|transcript	235
chr20	50873257	50873492	ENSG00000124243.19	gene|regulatory|transcript	235
chr20	17572175	17572410	ENSG00000125868.16	gene|regulatory|transcript	235
chr20	62473602	62473836	ENSG00000130700.7	gene|regulatory|transcript	234
chr20	41290841	41291075	ENSG00000174306.22	gene|regulatory|transcript	234
chr20	32367486	32367720	ENSG00000171456.22	gene|regulatory|transcript	234
chr20	18588480	18588714	ENSG00000125821.13|ENSG00000284776.1	gene|regulatory|transcript	234
chr20	13250287	13250521	ENSG00000101230.6	gene|regulatory|transcript	234
chr20	48684438	48684672	ENSG00000124126.14	gene|regulatory|transcript	234
chr20	48683068	48683302	ENSG00000124126.14	gene|regulatory|transcript	234
chr20	13749866	13750100	ENSG00000089048.15	gene|regulatory|transcript	234
chr20	10669066	10669300	ENSG00000101384.12	gene|regulatory|transcript	234
chr20	59752027	59752261	ENSG00000087495.17	gene|regulatory|transcript	234
chr20	11913079	11913313	ENSG00000132640.15|ENSG00000236526.1	gene|regulatory|transcript	234
chr20	46974741	46974975	ENSG00000064655.19	gene|regulatory|transcript	234
chr20	63274528	63274762	ENSG00000101199.13	gene|regulatory|transcript	234
chr20	37745693	37745927	ENSG00000132792.21	gene|regulatory|transcript	234
chr20	61762182	61762416	ENSG00000179242.16	gene|regulatory|transcript	234
chr20	34985524	34985758	ENSG00000078814.19	gene|regulatory|transcript	234
chr20	44138951	44139185	ENSG00000149596.7	gene|regulatory|transcript	234
chr20	20681067	20681301	ENSG00000188559.16	gene|regulatory|transcript	234
chr20	3899469	3899703	ENSG00000125779.24	gene|regulatory|transcript	234
chr20	9334955	9335189	ENSG00000101333.19	gene|regulatory|transcript	234
chr20	1537313	1537547	ENSG00000125900.13|ENSG00000242324.1	gene|regulatory|transcript	234
chr20	62752872	62753106	ENSG00000101188.5	gene|regulatory|transcript	234
chr20	33539295	33539529	ENSG00000078699.22	gene|regulatory|transcript	234
chr20	19304556	19304790	ENSG00000185052.13	gene|regulatory|transcript	234
chr20	16024215	16024449	ENSG00000172264.19	gene|regulatory|transcript	234
chr20	35173048	35173282	ENSG00000101000.6	gene|regulatory|transcript	234
chr20	31567169	31567403	ENSG00000101294.19	gene|regulatory|transcript	234
chr20	5596883	5597117	ENSG00000125772.14	gene|regulatory|transcript	234
chr20	58406698	58406932	ENSG00000124164.16	gene|regulatory|transcript	234
chr20	44650763	44650997	ENSG00000196839.14	gene|regulatory|transcript	234
chr20	47336836	47337070	ENSG00000101040.20	gene|regulatory|transcript	234
chr20	56634661	56634895	ENSG00000087510.7	gene|regulatory|transcript	234
chr20	51731852	51732085	ENSG00000054793.14	gene|regulatory|transcript	233
chr20	43119728	43119961	ENSG00000196090.14	gene|regulatory|transcript	233
chr20	32064776	32065009	ENSG00000101336.18	gene|regulatory|transcript	233
chr20	36736466	36736699	ENSG00000101079.21	gene|regulatory|transcript	233
chr20	19971187	19971420	ENSG00000132669.14	gene|regulatory|transcript	233
chr20	51540655	51540888	ENSG00000101096.20	gene|regulatory|transcript	233
chr20	59123732	59123965	ENSG00000124203.7	gene|regulatory|transcript	233
chr20	17476074	17476307	ENSG00000125851.10	gene|regulatory|transcript	233
chr20	20074725	20074958	ENSG00000089101.19	gene|regulatory|transcript	233
chr20	61504558	61504791	ENSG00000179242.16	gene|regulatory|transcript	233
chr20	61799182	61799415	ENSG00000179242.16	gene|regulatory|transcript	233
chr20	10629544	10629777	ENSG00000149346.15	gene|regulatory|transcript	233
chr20	59578034	59578267	ENSG00000087495.17	gene|regulatory|transcript	233
chr20	13243830	13244063	ENSG00000101230.6	gene|regulatory|transcript	233
chr20	18314819	18315052	ENSG00000125846.17|ENSG00000230010.2|ENSG00000237259.1	gene|regulatory|transcript	233
chr20	10552433	10552666	ENSG00000149346.15	gene|regulatory|transcript	233
chr20	18053808	18054041	ENSG00000125850.11	gene|regulatory|transcript	233
chr20	41031318	41031551	ENSG00000198900.7	gene|regulatory|transcript	233
chr20	38726958	38727191	ENSG00000101438.4	gene|regulatory|transcript	233
chr20	58473541	58473774	ENSG00000198768.11	gene|regulatory|transcript	233
chr20	57261227	57261460	ENSG00000101144.13	gene|regulatory|transcript	233
chr20	31514895	31515128	ENSG00000101294.19	gene|regulatory|transcript	233
chr20	2509352	2509585	ENSG00000088876.13	gene|regulatory|transcript	233
chr20	31522000	31522233	ENSG00000101294.19	gene|regulatory|transcript	233
chr20	5593820	5594053	ENSG00000125772.14	gene|regulatory|transcript	233
chr20	54161878	54162111	ENSG00000019186.10	gene|regulatory|transcript	233
chr20	59004838	59005071	ENSG00000101160.15	gene|regulatory|transcript	233
chr20	43954527	43954760	ENSG00000124191.18	gene|regulatory|transcript	233
chr20	20435553	20435786	ENSG00000188559.16	gene|regulatory|transcript	233
chr20	58872587	58872820	ENSG00000087460.29|ENSG00000225806.8	gene|regulatory|transcript	233
chr20	51014108	51014340	ENSG00000026559.14	gene|regulatory|transcript	232
chr20	15359173	15359405	ENSG00000172264.19	gene|regulatory|transcript	232
chr20	9838285	9838517	ENSG00000101349.17|ENSG00000286470.1	gene|regulatory|transcript	232
chr20	4689609	4689841	ENSG00000171867.18	gene|regulatory|transcript	232
chr20	47784695	47784927	ENSG00000196562.16	gene|regulatory|transcript	232
chr20	43953338	43953570	ENSG00000124191.18	gene|regulatory|transcript	232
chr20	62900016	62900248	ENSG00000101191.17	gene|regulatory|transcript	232
chr20	19941226	19941458	ENSG00000132669.14	gene|regulatory|transcript	232
chr20	45055148	45055380	ENSG00000101109.13	gene|regulatory|transcript	232
chr20	19907347	19907579	ENSG00000132669.14	gene|regulatory|transcript	232
chr20	38908207	38908439	ENSG00000101445.10	gene|regulatory|transcript	232
chr20	9203124	9203356	ENSG00000101333.19	gene|regulatory|transcript	232
chr20	3847510	3847742	ENSG00000088888.18	gene|regulatory|transcript	232
chr20	39013698	39013930	ENSG00000101452.15	gene|regulatory|transcript	232
chr20	61461307	61461539	ENSG00000179242.16	gene|regulatory|transcript	232
chr20	51756759	51756991	ENSG00000054793.14	gene|regulatory|transcript	232
chr20	17648921	17649153	ENSG00000125844.17	gene|regulatory|transcript	232
chr20	3563624	3563856	ENSG00000088812.18	gene|regulatory|transcript	232
chr20	57708006	57708238	ENSG00000124225.16	gene|regulatory|transcript	232
chr20	52994615	52994847	ENSG00000182463.17	gene|regulatory|transcript	232
chr20	19830445	19830677	ENSG00000132669.14	gene|regulatory|transcript	232
chr20	49698557	49698789	ENSG00000158470.5	gene|regulatory|transcript	232
chr20	9731683	9731915	ENSG00000101349.17	gene|regulatory|transcript	232
chr20	3677238	3677470	ENSG00000149451.19	gene|regulatory|transcript	232
chr20	9232916	9233148	ENSG00000101333.19	gene|regulatory|transcript	232
chr20	62819293	62819525	ENSG00000092758.18	gene|regulatory|transcript	232
chr20	35304656	35304888	ENSG00000101019.22	gene|regulatory|transcript	232
chr20	13231125	13231357	ENSG00000101230.6	gene|regulatory|transcript	232
chr20	5127178	5127410	ENSG00000101290.14	gene|regulatory|transcript	232
chr20	24649911	24650142	ENSG00000101463.6	gene|regulatory|transcript	231
chr20	18718242	18718473	ENSG00000125821.13|ENSG00000284776.1	gene|regulatory|transcript	231
chr20	64053021	64053252	ENSG00000171703.17	gene|regulatory|transcript	231
chr20	18187054	18187285	ENSG00000149474.15	gene|regulatory|transcript	231
chr20	63602371	63602602	ENSG00000101216.11	gene|regulatory|transcript	231
chr20	63432824	63433055	ENSG00000075043.21	gene|regulatory|transcript	231
chr20	41118296	41118527	ENSG00000198900.7|ENSG00000226648.2	gene|regulatory|transcript	231
chr20	50674014	50674245	ENSG00000042062.13	gene|regulatory|transcript	231
chr20	53580694	53580925	ENSG00000171940.14	gene|regulatory|transcript	231
chr20	34461197	34461428	ENSG00000078747.17|ENSG00000289720.1	gene|regulatory|transcript	231
chr20	15811983	15812214	ENSG00000172264.19	gene|regulatory|transcript	231
chr20	19816486	19816717	ENSG00000132669.14	gene|regulatory|transcript	231
chr20	37523690	37523921	ENSG00000166619.15	gene|regulatory|transcript	231
chr20	31720047	31720278	ENSG00000171552.14	gene|regulatory|transcript	231
chr20	36154142	36154373	ENSG00000088367.23|ENSG00000232406.8	gene|regulatory|transcript	231
chr20	62353690	62353921	ENSG00000130702.15|ENSG00000228812.9	gene|regulatory|transcript	231
chr20	25572642	25572873	ENSG00000101004.16	gene|regulatory|transcript	231
chr20	61720250	61720481	ENSG00000179242.16	gene|regulatory|transcript	231
chr20	61724494	61724725	ENSG00000179242.16	gene|regulatory|transcript	231
chr20	25281201	25281432	ENSG00000100994.12	gene|regulatory|transcript	231
chr20	19434115	19434346	ENSG00000185052.13	gene|regulatory|transcript	231
chr20	19351626	19351857	ENSG00000185052.13	gene|regulatory|transcript	231
chr20	4951298	4951529	ENSG00000089057.15	gene|regulatory|transcript	231
chr20	25008833	25009064	ENSG00000154930.15	gene|regulatory|transcript	231
chr20	17520763	17520994	ENSG00000125864.14	gene|regulatory|transcript	231
chr20	4881426	4881657	ENSG00000089057.15	gene|regulatory|transcript	231
chr20	41316220	41316451	ENSG00000174306.22	gene|regulatory|transcript	231
chr20	20205926	20206157	ENSG00000089101.19	gene|regulatory|transcript	231
chr20	3613929	3614160	ENSG00000088812.18	gene|regulatory|transcript	231
chr20	31449797	31450028	ENSG00000180424.7	gene|regulatory|transcript	231
chr20	61253342	61253573	ENSG00000179242.16	gene|regulatory|transcript	231
chr20	37072706	37072937	ENSG00000080839.12	gene|regulatory|transcript	231
chr20	1000797	1001028	ENSG00000101282.9	gene|regulatory|transcript	231
chr20	59174119	59174350	ENSG00000124203.7	gene|regulatory|transcript	231
chr20	50924345	50924575	ENSG00000101126.18	gene|regulatory|transcript	230
chr20	36833336	36833566	ENSG00000149639.15	gene|regulatory|transcript	230
chr20	64167743	64167973	ENSG00000196132.14	gene|regulatory|transcript	230
chr20	32482191	32482421	ENSG00000197183.15	gene|regulatory|transcript	230
chr20	50661374	50661604	ENSG00000042062.13|ENSG00000234693.1	gene|regulatory|transcript	230
chr20	3980929	3981159	ENSG00000101236.17	gene|regulatory|transcript	230
chr20	21128364	21128594	ENSG00000088970.16	gene|regulatory|transcript	230
chr20	34403002	34403232	ENSG00000078747.17|ENSG00000289720.1	gene|regulatory|transcript	230
chr20	2995417	2995647	ENSG00000132670.21	gene|regulatory|transcript	230
chr20	56631862	56632092	ENSG00000087510.7	gene|regulatory|transcript	230
chr20	8549209	8549439	ENSG00000182621.19	gene|regulatory|transcript	230
chr20	59811146	59811376	ENSG00000087495.17	gene|regulatory|transcript	230
chr20	32844711	32844941	ENSG00000101367.9|ENSG00000260536.1	gene|regulatory|transcript	230
chr20	10667567	10667797	ENSG00000101384.12	gene|regulatory|transcript	230
chr20	32771128	32771358	ENSG00000088305.19	gene|regulatory|transcript	230
chr20	43959699	43959929	ENSG00000124191.18	gene|regulatory|transcript	230
chr20	16415475	16415705	ENSG00000089177.20	gene|regulatory|transcript	230
chr20	58403342	58403572	ENSG00000124164.16	gene|regulatory|transcript	230
chr20	36175715	36175945	ENSG00000088367.23	gene|regulatory|transcript	230
chr20	20457511	20457741	ENSG00000188559.16	gene|regulatory|transcript	230
chr20	53609400	53609630	ENSG00000171940.14|ENSG00000235415.1	gene|regulatory|transcript	230
chr20	47352176	47352406	ENSG00000101040.20	gene|regulatory|transcript	230
chr20	54017939	54018169	ENSG00000064787.14	gene|regulatory|transcript	230
chr20	37305160	37305390	ENSG00000101363.13	gene|regulatory|transcript	230
chr20	47781086	47781316	ENSG00000196562.16	gene|regulatory|transcript	230
chr20	20504217	20504447	ENSG00000188559.16	gene|regulatory|transcript	230
chr20	1895787	1896017	ENSG00000198053.12	gene|regulatory|transcript	230
chr20	20530451	20530681	ENSG00000188559.16	gene|regulatory|transcript	230
chr20	51542719	51542949	ENSG00000101096.20	gene|regulatory|transcript	230
chr20	64053279	64053509	ENSG00000171703.17	gene|regulatory|transcript	230
chr20	33442809	33443039	ENSG00000101400.6	gene|regulatory|transcript	230
chr20	35448902	35449132	ENSG00000125965.9	gene|regulatory|transcript	230
chr20	63197172	63197402	ENSG00000149658.18	gene|regulatory|transcript	230
chr20	34001451	34001681	ENSG00000125970.12	gene|regulatory|transcript	230
chr20	38845070	38845300	ENSG00000101445.10	gene|regulatory|transcript	230
chr20	50636897	50637127	ENSG00000042062.13	gene|regulatory|transcript	230
chr20	14198507	14198737	ENSG00000172264.19	gene|regulatory|transcript	230
chr20	9468081	9468311	ENSG00000101333.19	gene|regulatory|transcript	230
chr20	775724	775954	ENSG00000101276.18	gene|regulatory|transcript	230
chr20	50846912	50847142	ENSG00000124243.19	gene|regulatory|transcript	230
chr20	4171480	4171709	ENSG00000088826.18	gene|regulatory|transcript	229
chr20	3203860	3204089	ENSG00000198171.13	gene|regulatory|transcript	229
chr20	61646601	61646830	ENSG00000179242.16	gene|regulatory|transcript	229
chr20	36255314	36255543	ENSG00000131043.13	gene|regulatory|transcript	229
chr20	36587290	36587519	ENSG00000118707.11|ENSG00000259399.1	gene|regulatory|transcript	229
chr20	46388618	46388847	ENSG00000062598.18|ENSG00000273828.2	gene|regulatory|transcript	229
chr20	36140931	36141160	ENSG00000088367.23	gene|regulatory|transcript	229
chr20	42379448	42379677	ENSG00000196090.14	gene|regulatory|transcript	229
chr20	36091612	36091841	ENSG00000088367.23	gene|regulatory|transcript	229
chr20	20558826	20559055	ENSG00000188559.16	gene|regulatory|transcript	229
chr20	19706660	19706889	ENSG00000185052.13	gene|regulatory|transcript	229
chr20	61716246	61716475	ENSG00000179242.16	gene|regulatory|transcript	229
chr20	49542303	49542532	ENSG00000124212.6	gene|regulatory|transcript	229
chr20	14986767	14986996	ENSG00000172264.19	gene|regulatory|transcript	229
chr20	48698412	48698641	ENSG00000124126.14	gene|regulatory|transcript	229
chr20	19888466	19888695	ENSG00000132669.14	gene|regulatory|transcript	229
chr20	5096041	5096270	ENSG00000089063.15	gene|regulatory|transcript	229
chr20	62960140	62960369	ENSG00000101194.18	gene|regulatory|transcript	229
chr20	25692587	25692816	ENSG00000130684.14	gene|regulatory|transcript	229
chr20	31972688	31972917	ENSG00000260903.3	gene|regulatory|transcript	229
chr20	59149746	59149975	ENSG00000124203.7	gene|regulatory|transcript	229
chr20	35092027	35092256	ENSG00000100991.12	gene|regulatory|transcript	229
chr20	61806706	61806935	ENSG00000179242.16	gene|regulatory|transcript	229
chr20	13009398	13009627	ENSG00000172296.13	gene|regulatory|transcript	229
chr20	37921045	37921274	ENSG00000132821.12	gene|regulatory|transcript	229
chr20	1341760	1341989	ENSG00000234684.8|ENSG00000274322.1	gene|regulatory|transcript	229
chr20	58851321	58851550	ENSG00000087460.29	gene|regulatory|transcript	229
chr20	34060678	34060907	ENSG00000125970.12	gene|regulatory|transcript	229
chr20	50533127	50533356	ENSG00000196396.10	gene|regulatory|transcript	229
chr20	34085273	34085502	ENSG00000125970.12	gene|regulatory|transcript	229
chr20	14214038	14214267	ENSG00000172264.19	gene|regulatory|transcript	229
chr20	37781642	37781871	ENSG00000132792.21	gene|regulatory|transcript	229
chr20	19250324	19250553	ENSG00000179447.2|ENSG00000185052.13	gene|regulatory|transcript	229
chr20	21126318	21126547	ENSG00000088970.16	gene|regulatory|transcript	229
chr20	62302322	62302551	ENSG00000130706.13	gene|regulatory|transcript	229
chr20	15265209	15265438	ENSG00000172264.19	gene|regulatory|transcript	229
chr20	61734716	61734944	ENSG00000179242.16	gene|regulatory|transcript	228
chr20	25389465	25389693	ENSG00000100997.20	gene|regulatory|transcript	228
chr20	25532323	25532551	ENSG00000101004.16	gene|regulatory|transcript	228
chr20	16314887	16315115	ENSG00000089177.20	gene|regulatory|transcript	228
chr20	17645929	17646157	ENSG00000125844.17	gene|regulatory|transcript	228
chr20	32483109	32483337	ENSG00000197183.15	gene|regulatory|transcript	228
chr20	50545255	50545483	ENSG00000196396.10	gene|regulatory|transcript	228
chr20	50543401	50543629	ENSG00000196396.10	gene|regulatory|transcript	228
chr20	46594981	46595209	ENSG00000158296.14	gene|regulatory|transcript	228
chr20	61560730	61560958	ENSG00000179242.16	gene|regulatory|transcript	228
chr20	17997320	17997548	ENSG00000125850.11	gene|regulatory|transcript	228
chr20	47704801	47705029	ENSG00000196562.16	gene|regulatory|transcript	228
chr20	18543264	18543492	ENSG00000101310.17	gene|regulatory|transcript	228
chr20	54476383	54476611	ENSG00000101134.12	gene|regulatory|transcript	228
chr20	17678887	17679115	ENSG00000125844.17	gene|regulatory|transcript	228
chr20	49405067	49405295	ENSG00000158445.10|ENSG00000290421.1	gene|regulatory|transcript	228
chr20	59743268	59743496	ENSG00000087495.17	gene|regulatory|transcript	228
chr20	56440656	56440884	ENSG00000087589.17	gene|regulatory|transcript	228
chr20	62939844	62940072	ENSG00000101193.8	gene|regulatory|transcript	228
chr20	33819376	33819604	ENSG00000101421.4	gene|regulatory|transcript	228
chr20	35134509	35134737	ENSG00000088298.13	gene|regulatory|transcript	228
chr20	13247289	13247517	ENSG00000101230.6	gene|regulatory|transcript	228
chr20	32665138	32665366	ENSG00000198547.10|ENSG00000285382.1	gene|regulatory|transcript	228
chr20	15790443	15790671	ENSG00000172264.19	gene|regulatory|transcript	228
chr20	46895435	46895663	ENSG00000064655.19	gene|regulatory|transcript	228
chr20	51460998	51461226	ENSG00000101096.20	gene|regulatory|transcript	228
chr20	16399943	16400171	ENSG00000089177.20	gene|regulatory|transcript	228
chr20	62302667	62302895	ENSG00000130706.13	gene|regulatory|transcript	228
chr20	32092005	32092233	ENSG00000101336.18	gene|regulatory|transcript	228
chr20	10511218	10511446	ENSG00000149346.15	gene|regulatory|transcript	228
chr20	35447319	35447547	ENSG00000125965.9	gene|regulatory|transcript	228
chr20	49276761	49276988	ENSG00000124201.15	gene|regulatory|transcript	227
chr20	56444232	56444459	ENSG00000087589.17	gene|regulatory|transcript	227
chr20	35839997	35840224	ENSG00000025293.17	gene|regulatory|transcript	227
chr20	31880034	31880261	ENSG00000131044.19	gene|regulatory|transcript	227
chr20	24952945	24953172	ENSG00000077984.6	gene|regulatory|transcript	227
chr20	32674417	32674644	ENSG00000285382.1	gene|regulatory|transcript	227
chr20	32479607	32479834	ENSG00000197183.15	gene|regulatory|transcript	227
chr20	44584033	44584260	ENSG00000168734.14	gene|regulatory|transcript	227
chr20	768633	768860	ENSG00000101276.18	gene|regulatory|transcript	227
chr20	37170290	37170517	ENSG00000101353.16	gene|regulatory|transcript	227
chr20	50845708	50845935	ENSG00000124243.19	gene|regulatory|transcript	227
chr20	20272504	20272731	ENSG00000089101.19	gene|regulatory|transcript	227
chr20	855746	855973	ENSG00000125898.13	gene|regulatory|transcript	227
chr20	62820389	62820616	ENSG00000092758.18	gene|regulatory|transcript	227
chr20	17615664	17615891	ENSG00000125844.17	gene|regulatory|transcript	227
chr20	43023206	43023433	ENSG00000196090.14	gene|regulatory|transcript	227
chr20	45306612	45306839	ENSG00000124159.17	gene|regulatory|transcript	227
chr20	18588724	18588951	ENSG00000125821.13|ENSG00000284776.1	gene|regulatory|transcript	227
chr20	53028327	53028554	ENSG00000182463.17	gene|regulatory|transcript	227
chr20	19598548	19598775	ENSG00000185052.13	gene|regulatory|transcript	227
chr20	62236690	62236917	ENSG00000130703.17	gene|regulatory|transcript	227
chr20	37526414	37526641	ENSG00000166619.15	gene|regulatory|transcript	227
chr20	33277502	33277729	ENSG00000125999.11	gene|regulatory|transcript	227
chr20	33299227	33299454	ENSG00000125999.11	gene|regulatory|transcript	227
chr20	8132750	8132977	ENSG00000182621.19	gene|regulatory|transcript	227
chr20	8131497	8131724	ENSG00000182621.19	gene|regulatory|transcript	227
chr20	62736426	62736653	ENSG00000101188.5	gene|regulatory|transcript	227
chr20	64080352	64080578	ENSG00000125510.18	gene|regulatory|transcript	226
chr20	34791414	34791640	ENSG00000198646.14|ENSG00000286803.1	gene|regulatory|transcript	226
chr20	56418572	56418798	ENSG00000087589.17	gene|regulatory|transcript	226
chr20	14993075	14993301	ENSG00000172264.19	gene|regulatory|transcript	226
chr20	45902604	45902830	ENSG00000100979.15	gene|regulatory|transcript	226
chr20	23365854	23366080	ENSG00000125812.16	gene|regulatory|transcript	226
chr20	51416275	51416501	ENSG00000101096.20	gene|regulatory|transcript	226
chr20	31951564	31951790	ENSG00000088356.6	gene|regulatory|transcript	226
chr20	61438359	61438585	ENSG00000179242.16	gene|regulatory|transcript	226
chr20	63462352	63462578	ENSG00000075043.21	gene|regulatory|transcript	226
chr20	45362912	45363138	ENSG00000204070.10	gene|regulatory|transcript	226
chr20	373710	373936	ENSG00000101255.12	gene|regulatory|transcript	226
chr20	34220702	34220928	ENSG00000101440.10	gene|regulatory|transcript	226
chr20	20424168	20424394	ENSG00000188559.16	gene|regulatory|transcript	226
chr20	63272271	63272497	ENSG00000101198.15	gene|regulatory|transcript	226
chr20	57223728	57223954	ENSG00000101144.13	gene|regulatory|transcript	226
chr20	17722878	17723104	ENSG00000125888.15	gene|regulatory|transcript	226
chr20	16572550	16572776	ENSG00000089177.20	gene|regulatory|transcript	226
chr20	17677047	17677273	ENSG00000125844.17	gene|regulatory|transcript	226
chr20	48818694	48818920	ENSG00000124126.14	gene|regulatory|transcript	226
chr20	50128187	50128413	ENSG00000124208.16|ENSG00000240849.11	gene|regulatory|transcript	226
chr20	1263841	1264066	ENSG00000244588.6	gene|regulatory|transcript	225
chr20	41213508	41213733	ENSG00000174306.22	gene|regulatory|transcript	225
chr20	45910070	45910295	ENSG00000100979.15	gene|regulatory|transcript	225
chr20	16407367	16407592	ENSG00000089177.20	gene|regulatory|transcript	225
chr20	16352516	16352741	ENSG00000089177.20	gene|regulatory|transcript	225
chr20	61437662	61437887	ENSG00000179242.16	gene|regulatory|transcript	225
chr20	62184599	62184824	ENSG00000101181.18	gene|regulatory|transcript	225
chr20	20231597	20231822	ENSG00000089101.19	gene|regulatory|transcript	225
chr20	9270872	9271097	ENSG00000101333.19	gene|regulatory|transcript	225
chr20	13883567	13883792	ENSG00000101251.13	gene|regulatory|transcript	225
chr20	62935905	62936130	ENSG00000101191.17	gene|regulatory|transcript	225
chr20	58692574	58692799	ENSG00000215440.12|ENSG00000254995.4	gene|regulatory|transcript	225
chr20	36836793	36837018	ENSG00000149639.15	gene|regulatory|transcript	225
chr20	37850053	37850278	ENSG00000132792.21	gene|regulatory|transcript	225
chr20	9375442	9375667	ENSG00000101333.19	gene|regulatory|transcript	225
chr20	15457619	15457844	ENSG00000172264.19	gene|regulatory|transcript	225
chr20	14618583	14618808	ENSG00000172264.19|ENSG00000227927.2	gene|regulatory|transcript	225
chr20	36307675	36307900	ENSG00000080845.19	gene|regulatory|transcript	225
chr20	32506876	32507101	ENSG00000197183.15	gene|regulatory|transcript	225
chr20	58224172	58224397	ENSG00000124227.6	gene|regulatory|transcript	225
chr20	11905572	11905797	ENSG00000132640.15	gene|regulatory|transcript	225
chr20	61311733	61311958	ENSG00000179242.16	gene|regulatory|transcript	225
chr20	9367843	9368068	ENSG00000101333.19	gene|regulatory|transcript	225
chr20	62925613	62925838	ENSG00000101191.17	gene|regulatory|transcript	225
chr20	43667797	43668022	ENSG00000101057.16	gene|regulatory|transcript	225
chr20	42097815	42098040	ENSG00000196090.14	gene|regulatory|transcript	225
chr20	38084217	38084442	ENSG00000101413.12	gene|regulatory|transcript	225
chr20	20211209	20211434	ENSG00000089101.19	gene|regulatory|transcript	225
chr20	38023815	38024040	ENSG00000101407.13	gene|regulatory|transcript	225
chr20	35215394	35215619	ENSG00000101000.6|ENSG00000126005.17	gene|regulatory|transcript	225
chr20	10192165	10192390	ENSG00000132639.15|ENSG00000227906.10|ENSG00000230506.2	gene|regulatory|transcript	225
chr20	9164068	9164293	ENSG00000101333.19	gene|regulatory|transcript	225
chr20	25585109	25585334	ENSG00000101004.16	gene|regulatory|transcript	225
chr20	32206182	32206407	ENSG00000126003.7	gene|regulatory|transcript	225
chr20	2986539	2986764	ENSG00000132670.21	gene|regulatory|transcript	225
chr20	43679071	43679296	ENSG00000101057.16	gene|regulatory|transcript	225
chr20	64062160	64062385	ENSG00000171703.17	gene|regulatory|transcript	225
chr20	63410009	63410234	ENSG00000075043.21	gene|regulatory|transcript	225
chr20	32458009	32458234	ENSG00000197183.15	gene|regulatory|transcript	225
chr20	37200569	37200794	ENSG00000118705.18	gene|regulatory|transcript	225
chr20	31710745	31710970	ENSG00000171552.14|ENSG00000236559.1	gene|regulatory|transcript	225
chr20	31675949	31676173	ENSG00000171552.14	gene|regulatory|transcript	224
chr20	19214186	19214410	ENSG00000185052.13	gene|regulatory|transcript	224
chr20	32497077	32497301	ENSG00000197183.15	gene|regulatory|transcript	224
chr20	59829951	59830175	ENSG00000087495.17	gene|regulatory|transcript	224
chr20	38725114	38725338	ENSG00000101438.4	gene|regulatory|transcript	224
chr20	62913096	62913320	ENSG00000101191.17	gene|regulatory|transcript	224
chr20	25300884	25301108	ENSG00000100997.20	gene|regulatory|transcript	224
chr20	56630009	56630233	ENSG00000087510.7	gene|regulatory|transcript	224
chr20	25282296	25282520	ENSG00000100994.12	gene|regulatory|transcript	224
chr20	43939840	43940064	ENSG00000124191.18	gene|regulatory|transcript	224
chr20	46306756	46306980	ENSG00000149654.11	gene|regulatory|transcript	224
chr20	59610273	59610497	ENSG00000087495.17	gene|regulatory|transcript	224
chr20	50663183	50663407	ENSG00000042062.13	gene|regulatory|transcript	224
chr20	38075118	38075342	ENSG00000101413.12	gene|regulatory|transcript	224
chr20	25196830	25197054	ENSG00000197586.13	gene|regulatory|transcript	224
chr20	23417996	23418220	ENSG00000125814.17	gene|regulatory|transcript	224
chr20	61916971	61917195	ENSG00000179242.16	gene|regulatory|transcript	224
chr20	58433336	58433560	ENSG00000124164.16	gene|regulatory|transcript	224
chr20	2507860	2508084	ENSG00000088876.13|ENSG00000256566.1	gene|regulatory|transcript	224
chr20	21512563	21512787	ENSG00000125820.6	gene|regulatory|transcript	224
chr20	17602049	17602273	ENSG00000125868.16	gene|regulatory|transcript	224
chr20	62354854	62355078	ENSG00000130702.15|ENSG00000228812.9	gene|regulatory|transcript	224
chr20	32475127	32475351	ENSG00000197183.15	gene|regulatory|transcript	224
chr20	9408717	9408941	ENSG00000101333.19	gene|regulatory|transcript	224
chr20	15139721	15139945	ENSG00000172264.19	gene|regulatory|transcript	224
chr20	16476011	16476235	ENSG00000089177.20	gene|regulatory|transcript	224
chr20	669594	669818	ENSG00000215397.4|ENSG00000270299.1	gene|regulatory|transcript	224
chr20	62358101	62358325	ENSG00000130702.15	gene|regulatory|transcript	224
chr20	2280134	2280358	ENSG00000286022.1	gene|regulatory|transcript	224
chr20	46897078	46897302	ENSG00000064655.19	gene|regulatory|transcript	224
chr20	20202146	20202370	ENSG00000089101.19	gene|regulatory|transcript	224
chr20	62254357	62254581	ENSG00000130703.17	gene|regulatory|transcript	224
chr20	58670169	58670393	ENSG00000124222.23|ENSG00000254995.4	gene|regulatory|transcript	224
chr20	23636132	23636356	ENSG00000101439.9	gene|regulatory|transcript	224
chr20	1462076	1462300	ENSG00000088833.18	gene|regulatory|transcript	224
chr20	34200398	34200622	ENSG00000101440.10	gene|regulatory|transcript	224
chr20	62966298	62966522	ENSG00000101194.18	gene|regulatory|transcript	224
chr20	24473974	24474198	ENSG00000101463.6	gene|regulatory|transcript	224
chr20	58849619	58849842	ENSG00000087460.29|ENSG00000235590.9	gene|regulatory|transcript	223
chr20	37919427	37919650	ENSG00000132821.12	gene|regulatory|transcript	223
chr20	20018517	20018740	ENSG00000173418.12	gene|regulatory|transcript	223
chr20	15916676	15916899	ENSG00000172264.19|ENSG00000286546.1	gene|regulatory|transcript	223
chr20	63969052	63969275	ENSG00000196700.9	gene|regulatory|transcript	223
chr20	57661795	57662018	ENSG00000124225.16	gene|regulatory|transcript	223
chr20	1281725	1281948	ENSG00000101298.15|ENSG00000244588.6	gene|regulatory|transcript	223
chr20	45096259	45096482	ENSG00000124134.9	gene|regulatory|transcript	223
chr20	37382787	37383010	ENSG00000197122.13	gene|regulatory|transcript	223
chr20	63776009	63776232	ENSG00000130584.12	gene|regulatory|transcript	223
chr20	14264933	14265156	ENSG00000172264.19	gene|regulatory|transcript	223
chr20	44180887	44181110	ENSG00000149596.7	gene|regulatory|transcript	223
chr20	18671728	18671951	ENSG00000125821.13|ENSG00000284776.1	gene|regulatory|transcript	223
chr20	13855732	13855955	ENSG00000101251.13	gene|regulatory|transcript	223
chr20	63752462	63752685	ENSG00000130584.12	gene|regulatory|transcript	223
chr20	33681888	33682111	ENSG00000101412.13	gene|regulatory|transcript	223
chr20	36658413	36658636	ENSG00000101079.21	gene|regulatory|transcript	223
chr20	48783588	48783811	ENSG00000124126.14	gene|regulatory|transcript	223
chr20	52191175	52191398	ENSG00000020256.20	gene|regulatory|transcript	223
chr20	63865474	63865697	ENSG00000101150.18|ENSG00000290226.1	gene|regulatory|transcript	223
chr20	42648506	42648729	ENSG00000196090.14	gene|regulatory|transcript	223
chr20	41424573	41424796	ENSG00000124177.16	gene|regulatory|transcript	223
chr20	31974922	31975145	ENSG00000260903.3	gene|regulatory|transcript	223
chr20	9425100	9425323	ENSG00000101333.19	gene|regulatory|transcript	223
chr20	17643435	17643658	ENSG00000125844.17	gene|regulatory|transcript	223
chr20	4155838	4156061	ENSG00000088826.18	gene|regulatory|transcript	223
chr20	63442182	63442405	ENSG00000075043.21	gene|regulatory|transcript	223
chr20	543300	543523	ENSG00000101266.19	gene|regulatory|transcript	223
chr20	38509307	38509529	ENSG00000170471.15	gene|regulatory|transcript	222
chr20	32506138	32506360	ENSG00000197183.15	gene|regulatory|transcript	222
chr20	2875264	2875486	ENSG00000132670.21	gene|regulatory|transcript	222
chr20	37525759	37525981	ENSG00000166619.15	gene|regulatory|transcript	222
chr20	36842960	36843182	ENSG00000149639.15	gene|regulatory|transcript	222
chr20	32024153	32024375	ENSG00000101331.17|ENSG00000226239.2	gene|regulatory|transcript	222
chr20	17626422	17626644	ENSG00000125844.17	gene|regulatory|transcript	222
chr20	59005819	59006041	ENSG00000101160.15	gene|regulatory|transcript	222
chr20	64078735	64078957	ENSG00000171700.14	gene|regulatory|transcript	222
chr20	34773823	34774045	ENSG00000198646.14|ENSG00000286803.1	gene|regulatory|transcript	222
chr20	19662190	19662412	ENSG00000185052.13	gene|regulatory|transcript	222
chr20	34704512	34704734	ENSG00000078804.13|ENSG00000198646.14	gene|regulatory|transcript	222
chr20	24988018	24988240	ENSG00000101474.12	gene|regulatory|transcript	222
chr20	19976869	19977091	ENSG00000132669.14	gene|regulatory|transcript	222
chr20	48773295	48773517	ENSG00000124126.14	gene|regulatory|transcript	222
chr20	36644446	36644668	ENSG00000101082.14	gene|regulatory|transcript	222
chr20	25250189	25250411	ENSG00000100994.12	gene|regulatory|transcript	222
chr20	48922274	48922496	ENSG00000124198.10	gene|regulatory|transcript	222
chr20	35252133	35252355	ENSG00000125966.10|ENSG00000126005.17	gene|regulatory|transcript	222
chr20	53948902	53949124	ENSG00000064787.14	gene|regulatory|transcript	222
chr20	35120362	35120584	ENSG00000088298.13	gene|regulatory|transcript	222
chr20	15487524	15487746	ENSG00000172264.19	gene|regulatory|transcript	222
chr20	38085062	38085284	ENSG00000101413.12	gene|regulatory|transcript	222
chr20	19976365	19976587	ENSG00000132669.14	gene|regulatory|transcript	222
chr20	63898122	63898344	ENSG00000101152.12|ENSG00000290226.1	gene|regulatory|transcript	222
chr20	53405263	53405485	ENSG00000182463.17|ENSG00000231703.2|ENSG00000271774.1	gene|regulatory|transcript	222
chr20	63622266	63622488	ENSG00000101216.11	gene|regulatory|transcript	222
chr20	25336603	25336825	ENSG00000100997.20	gene|regulatory|transcript	222
chr20	8309313	8309535	ENSG00000182621.19	gene|regulatory|transcript	222
chr20	17530730	17530952	ENSG00000125864.14	gene|regulatory|transcript	222
chr20	8722421	8722643	ENSG00000182621.19	gene|regulatory|transcript	222
chr20	5920700	5920922	ENSG00000089199.10	gene|regulatory|transcript	222
chr20	1618559	1618781	ENSG00000101307.16|ENSG00000260861.6	gene|regulatory|transcript	222
chr20	59159157	59159379	ENSG00000124203.7	gene|regulatory|transcript	222
chr20	460797	461019	ENSG00000125875.15	gene|regulatory|transcript	222
chr20	2539015	2539237	ENSG00000149488.14	gene|regulatory|transcript	222
chr20	19785843	19786065	ENSG00000132669.14	gene|regulatory|transcript	222
chr20	32695975	32696196	ENSG00000285382.1	gene|regulatory|transcript	221
chr20	46355874	46356095	ENSG00000080189.15	gene|regulatory|transcript	221
chr20	31717857	31718078	ENSG00000171552.14	gene|regulatory|transcript	221
chr20	36252865	36253086	ENSG00000131043.13	gene|regulatory|transcript	221
chr20	13990616	13990837	ENSG00000101251.13	gene|regulatory|transcript	221
chr20	14331705	14331926	ENSG00000125848.10|ENSG00000172264.19	gene|regulatory|transcript	221
chr20	35398781	35399002	ENSG00000101019.22	gene|regulatory|transcript	221
chr20	9827195	9827416	ENSG00000101349.17	gene|regulatory|transcript	221
chr20	31547157	31547378	ENSG00000101294.19	gene|regulatory|transcript	221
chr20	34704866	34705087	ENSG00000078804.13|ENSG00000198646.14	gene|regulatory|transcript	221
chr20	63432593	63432814	ENSG00000075043.21	gene|regulatory|transcript	221
chr20	38604921	38605142	ENSG00000124143.11|ENSG00000289012.1	gene|regulatory|transcript	221
chr20	62150757	62150978	ENSG00000184402.15	gene|regulatory|transcript	221
chr20	18467687	18467908	ENSG00000132664.13	gene|regulatory|transcript	221
chr20	9348832	9349053	ENSG00000101333.19	gene|regulatory|transcript	221
chr20	62954701	62954922	ENSG00000101194.18	gene|regulatory|transcript	221
chr20	3313382	3313603	ENSG00000088854.13	gene|regulatory|transcript	221
chr20	45060838	45061059	ENSG00000101109.13	gene|regulatory|transcript	221
chr20	3203416	3203637	ENSG00000198171.13	gene|regulatory|transcript	221
chr20	61253111	61253332	ENSG00000179242.16	gene|regulatory|transcript	221
chr20	49680125	49680346	ENSG00000158470.5	gene|regulatory|transcript	221
chr20	58416971	58417192	ENSG00000124164.16	gene|regulatory|transcript	221
chr20	44028822	44029043	ENSG00000124191.18	gene|regulatory|transcript	221
chr20	32224521	32224742	ENSG00000101346.15	gene|regulatory|transcript	221
chr20	10415053	10415274	ENSG00000125863.20|ENSG00000285508.2|ENSG00000285723.2	gene|regulatory|transcript	221
chr20	18143929	18144150	ENSG00000149474.15	gene|regulatory|transcript	221
chr20	64205800	64206021	ENSG00000196132.14	gene|regulatory|transcript	221
chr20	14657663	14657884	ENSG00000172264.19	gene|regulatory|transcript	221
chr20	35136246	35136467	ENSG00000088298.13	gene|regulatory|transcript	221
chr20	8854141	8854362	ENSG00000182621.19	gene|regulatory|transcript	221
chr20	4822107	4822328	ENSG00000101265.16	gene|regulatory|transcript	221
chr20	34243200	34243421	ENSG00000101440.10|ENSG00000250917.1	gene|regulatory|transcript	221
chr20	61280293	61280514	ENSG00000179242.16	gene|regulatory|transcript	221
chr20	17543485	17543706	ENSG00000125864.14	gene|regulatory|transcript	221
chr20	34874546	34874767	ENSG00000131069.20	gene|regulatory|transcript	221
chr20	37764639	37764860	ENSG00000132792.21	gene|regulatory|transcript	221
chr20	34022453	34022674	ENSG00000125970.12	gene|regulatory|transcript	221
chr20	63951126	63951347	ENSG00000198276.16	gene|regulatory|transcript	221
chr20	17314645	17314865	ENSG00000125851.10	gene|regulatory|transcript	220
chr20	2331182	2331402	ENSG00000125780.12|ENSG00000286022.1	gene|regulatory|transcript	220
chr20	64238876	64239096	ENSG00000196132.14	gene|regulatory|transcript	220
chr20	14787354	14787574	ENSG00000172264.19	gene|regulatory|transcript	220
chr20	38570271	38570491	ENSG00000170471.15	gene|regulatory|transcript	220
chr20	62848185	62848405	ENSG00000101190.13	gene|regulatory|transcript	220
chr20	41157241	41157461	ENSG00000124181.15	gene|regulatory|transcript	220
chr20	15140396	15140616	ENSG00000172264.19	gene|regulatory|transcript	220
chr20	33594851	33595071	ENSG00000078699.22	gene|regulatory|transcript	220
chr20	15961612	15961832	ENSG00000172264.19|ENSG00000286546.1	gene|regulatory|transcript	220
chr20	36482439	36482659	ENSG00000080845.19	gene|regulatory|transcript	220
chr20	59309240	59309460	ENSG00000124205.18	gene|regulatory|transcript	220
chr20	59319023	59319243	ENSG00000124205.18	gene|regulatory|transcript	220
chr20	32456395	32456615	ENSG00000197183.15	gene|regulatory|transcript	220
chr20	58877114	58877334	ENSG00000087460.29|ENSG00000225806.8	gene|regulatory|transcript	220
chr20	6769216	6769436	ENSG00000125845.7	gene|regulatory|transcript	220
chr20	9093667	9093887	ENSG00000101333.19	gene|regulatory|transcript	220
chr20	37095552	37095772	ENSG00000080839.12	gene|regulatory|transcript	220
chr20	41046383	41046603	ENSG00000198900.7	gene|regulatory|transcript	220
chr20	46228802	46229022	ENSG00000149654.11	gene|regulatory|transcript	220
chr20	6053050	6053270	ENSG00000125872.9	gene|regulatory|transcript	220
chr20	62675926	62676146	ENSG00000101187.16	gene|regulatory|transcript	220
chr20	32891992	32892212	ENSG00000215529.13	gene|regulatory|transcript	220
chr20	1894562	1894782	ENSG00000198053.12	gene|regulatory|transcript	220
chr20	2558774	2558994	ENSG00000149488.14	gene|regulatory|transcript	220
chr20	44718047	44718267	ENSG00000064205.11|ENSG00000244558.6	gene|regulatory|transcript	220
chr20	35005474	35005694	ENSG00000100991.12	gene|regulatory|transcript	220
chr20	58310553	58310773	ENSG00000124209.4	gene|regulatory|transcript	220
chr20	32469808	32470028	ENSG00000197183.15	gene|regulatory|transcript	220
chr20	44644700	44644920	ENSG00000196839.14	gene|regulatory|transcript	220
chr20	63947092	63947312	ENSG00000198276.16	gene|regulatory|transcript	220
chr20	47346903	47347123	ENSG00000101040.20	gene|regulatory|transcript	220
chr20	33812326	33812546	ENSG00000101421.4	gene|regulatory|transcript	220
chr20	17427988	17428208	ENSG00000125851.10	gene|regulatory|transcript	220
chr20	9374221	9374441	ENSG00000101333.19	gene|regulatory|transcript	220
chr20	3110994	3111214	ENSG00000185019.17|ENSG00000235958.5	gene|regulatory|transcript	220
chr20	275115	275334	ENSG00000196476.12	gene|regulatory|transcript	219
chr20	31551896	31552115	ENSG00000101294.19	gene|regulatory|transcript	219
chr20	34412639	34412858	ENSG00000078747.17|ENSG00000289720.1	gene|regulatory|transcript	219
chr20	35663222	35663441	ENSG00000214078.13|ENSG00000244462.8|ENSG00000272897.5	gene|regulatory|transcript	219
chr20	19966943	19967162	ENSG00000132669.14	gene|regulatory|transcript	219
chr20	49832643	49832862	ENSG00000197818.12	gene|regulatory|transcript	219
chr20	17727038	17727257	ENSG00000125888.15	gene|regulatory|transcript	219
chr20	5112332	5112551	ENSG00000089063.15	gene|regulatory|transcript	219
chr20	48630794	48631013	ENSG00000124126.14	gene|regulatory|transcript	219
chr20	24663146	24663365	ENSG00000101463.6	gene|regulatory|transcript	219
chr20	51797974	51798193	ENSG00000101115.13	gene|regulatory|transcript	219
chr20	9393368	9393587	ENSG00000101333.19	gene|regulatory|transcript	219
chr20	58407270	58407489	ENSG00000124164.16	gene|regulatory|transcript	219
chr20	37313831	37314050	ENSG00000101363.13	gene|regulatory|transcript	219
chr20	14697720	14697939	ENSG00000172264.19	gene|regulatory|transcript	219
chr20	2263321	2263540	ENSG00000286022.1	gene|regulatory|transcript	219
chr20	32832087	32832306	ENSG00000101367.9	gene|regulatory|transcript	219
chr20	54546863	54547082	ENSG00000101134.12	gene|regulatory|transcript	219
chr20	31560950	31561169	ENSG00000101294.19	gene|regulatory|transcript	219
chr20	49413059	49413278	ENSG00000158445.10|ENSG00000290421.1	gene|regulatory|transcript	219
chr20	14337614	14337833	ENSG00000172264.19	gene|regulatory|transcript	219
chr20	3766989	3767208	ENSG00000101220.18	gene|regulatory|transcript	219
chr20	46252134	46252353	ENSG00000149654.11	gene|regulatory|transcript	219
chr20	38092726	38092945	ENSG00000101413.12	gene|regulatory|transcript	219
chr20	1920911	1921130	ENSG00000198053.12	gene|regulatory|transcript	219
chr20	61806144	61806363	ENSG00000179242.16	gene|regulatory|transcript	219
chr20	50510749	50510968	ENSG00000196396.10	gene|regulatory|transcript	219
chr20	1577455	1577674	ENSG00000101307.16|ENSG00000260861.6	gene|regulatory|transcript	219
chr20	33828353	33828572	ENSG00000101421.4	gene|regulatory|transcript	219
chr20	25553816	25554035	ENSG00000101004.16	gene|regulatory|transcript	219
chr20	10661184	10661403	ENSG00000101384.12	gene|regulatory|transcript	219
chr20	44586721	44586940	ENSG00000168734.14|ENSG00000196839.14	gene|regulatory|transcript	219
chr20	36214712	36214931	ENSG00000088367.23	gene|regulatory|transcript	219
chr20	37380137	37380356	ENSG00000197122.13	gene|regulatory|transcript	219
chr20	31694401	31694620	ENSG00000171552.14|ENSG00000236559.1	gene|regulatory|transcript	219
chr20	8388810	8389029	ENSG00000182621.19	gene|regulatory|transcript	219
chr20	8254702	8254921	ENSG00000182621.19|ENSG00000225479.1	gene|regulatory|transcript	219
chr20	10651785	10652004	ENSG00000101384.12	gene|regulatory|transcript	219
chr20	34768239	34768458	ENSG00000198646.14|ENSG00000286803.1	gene|regulatory|transcript	219
chr20	57492904	57493123	ENSG00000124097.8	gene|regulatory|transcript	219
chr20	38727232	38727451	ENSG00000101438.4	gene|regulatory|transcript	219
chr20	56412667	56412886	ENSG00000087589.17	gene|regulatory|transcript	219
chr20	47318282	47318501	ENSG00000101040.20	gene|regulatory|transcript	219
chr20	18496711	18496930	ENSG00000089050.16	gene|regulatory|transcript	219
chr20	59159432	59159651	ENSG00000124203.7	gene|regulatory|transcript	219
chr20	34526606	34526824	ENSG00000125971.18|ENSG00000289720.1	gene|regulatory|transcript	218
chr20	8391254	8391472	ENSG00000182621.19	gene|regulatory|transcript	218
chr20	461940	462158	ENSG00000125875.15	gene|regulatory|transcript	218
chr20	16464849	16465067	ENSG00000089177.20	gene|regulatory|transcript	218
chr20	19835592	19835810	ENSG00000132669.14	gene|regulatory|transcript	218
chr20	10468083	10468301	ENSG00000149346.15	gene|regulatory|transcript	218
chr20	52190543	52190761	ENSG00000020256.20	gene|regulatory|transcript	218
chr20	48956140	48956358	ENSG00000124198.10	gene|regulatory|transcript	218
chr20	38304989	38305207	ENSG00000101425.14|ENSG00000206249.3	gene|regulatory|transcript	218
chr20	52978908	52979126	ENSG00000182463.17	gene|regulatory|transcript	218
chr20	57205445	57205663	ENSG00000101144.13	gene|regulatory|transcript	218
chr20	62156538	62156756	ENSG00000184402.15	gene|regulatory|transcript	218
chr20	46031708	46031926	ENSG00000124140.15	gene|regulatory|transcript	218
chr20	34041307	34041525	ENSG00000125970.12	gene|regulatory|transcript	218
chr20	56417964	56418182	ENSG00000087589.17	gene|regulatory|transcript	218
chr20	36478566	36478784	ENSG00000080845.19	gene|regulatory|transcript	218
chr20	62964782	62965000	ENSG00000101194.18	gene|regulatory|transcript	218
chr20	19926957	19927175	ENSG00000132669.14	gene|regulatory|transcript	218
chr20	61271827	61272045	ENSG00000179242.16	gene|regulatory|transcript	218
chr20	59701342	59701560	ENSG00000087495.17	gene|regulatory|transcript	218
chr20	19896562	19896780	ENSG00000132669.14	gene|regulatory|transcript	218
chr20	10042226	10042444	ENSG00000132623.16|ENSG00000227906.10	gene|regulatory|transcript	218
chr20	34708942	34709160	ENSG00000078804.13|ENSG00000198646.14	gene|regulatory|transcript	218
chr20	64224924	64225142	ENSG00000196132.14	gene|regulatory|transcript	218
chr20	19236785	19237003	ENSG00000185052.13	gene|regulatory|transcript	218
chr20	19662731	19662949	ENSG00000185052.13	gene|regulatory|transcript	218
chr20	5592970	5593188	ENSG00000125772.14	gene|regulatory|transcript	218
chr20	31680390	31680608	ENSG00000171552.14	gene|regulatory|transcript	218
chr20	17663097	17663315	ENSG00000125844.17	gene|regulatory|transcript	218
chr20	46895205	46895423	ENSG00000064655.19	gene|regulatory|transcript	218
chr20	16279991	16280209	ENSG00000089177.20	gene|regulatory|transcript	218
chr20	64071409	64071627	ENSG00000171703.17	gene|regulatory|transcript	218
chr20	17710736	17710954	ENSG00000125888.15	gene|regulatory|transcript	218
chr20	41087378	41087596	ENSG00000198900.7	gene|regulatory|transcript	218
chr20	10566311	10566529	ENSG00000149346.15	gene|regulatory|transcript	218
chr20	59988685	59988903	ENSG00000124215.17	gene|regulatory|transcript	218
chr20	50133150	50133368	ENSG00000124208.16|ENSG00000240849.11	gene|regulatory|transcript	218
chr20	61669946	61670164	ENSG00000179242.16	gene|regulatory|transcript	218
chr20	5080345	5080563	ENSG00000089063.15	gene|regulatory|transcript	218
chr20	47295614	47295832	ENSG00000101040.20	gene|regulatory|transcript	218
chr20	3796072	3796290	ENSG00000101224.18	gene|regulatory|transcript	218
chr20	61984559	61984777	ENSG00000130699.20	gene|regulatory|transcript	218
chr20	49534379	49534597	ENSG00000124212.6	gene|regulatory|transcript	218
chr20	46981264	46981482	ENSG00000064655.19	gene|regulatory|transcript	218
chr20	46211393	46211611	ENSG00000149654.11	gene|regulatory|transcript	218
chr20	50152730	50152948	ENSG00000124208.16|ENSG00000240849.11	gene|regulatory|transcript	218
chr20	45019766	45019983	ENSG00000101109.13	gene|regulatory|transcript	217
chr20	31568293	31568510	ENSG00000101294.19|ENSG00000230613.1	gene|regulatory|transcript	217
chr20	14333318	14333535	ENSG00000125848.10|ENSG00000172264.19	gene|regulatory|transcript	217
chr20	45608868	45609085	ENSG00000180205.4	gene|regulatory|transcript	217
chr20	50843419	50843636	ENSG00000124243.19	gene|regulatory|transcript	217
chr20	44403840	44404057	ENSG00000101076.20	gene|regulatory|transcript	217
chr20	7892965	7893182	ENSG00000101323.5	gene|regulatory|transcript	217
chr20	35368762	35368979	ENSG00000101019.22	gene|regulatory|transcript	217
chr20	278954	279171	ENSG00000196476.12	gene|regulatory|transcript	217
chr20	37515403	37515620	ENSG00000166619.15	gene|regulatory|transcript	217
chr20	62269664	62269881	ENSG00000130703.17	gene|regulatory|transcript	217
chr20	8788890	8789107	ENSG00000182621.19	gene|regulatory|transcript	217
chr20	32326884	32327101	ENSG00000101350.8	gene|regulatory|transcript	217
chr20	33002369	33002586	ENSG00000167098.12	gene|regulatory|transcript	217
chr20	61755944	61756161	ENSG00000179242.16	gene|regulatory|transcript	217
chr20	24955101	24955318	ENSG00000077984.6	gene|regulatory|transcript	217
chr20	1293767	1293984	ENSG00000101298.15|ENSG00000244588.6	gene|regulatory|transcript	217
chr20	22583833	22584050	ENSG00000125798.15	gene|regulatory|transcript	217
chr20	38037866	38038083	ENSG00000101413.12	gene|regulatory|transcript	217
chr20	63816039	63816256	ENSG00000130584.12|ENSG00000231208.4	gene|regulatory|transcript	217
chr20	57684316	57684533	ENSG00000124225.16	gene|regulatory|transcript	217
chr20	13017298	13017515	ENSG00000172296.13	gene|regulatory|transcript	217
chr20	41428341	41428558	ENSG00000124177.16	gene|regulatory|transcript	217
chr20	50582258	50582475	ENSG00000196396.10	gene|regulatory|transcript	217
chr20	4898656	4898873	ENSG00000089057.15	gene|regulatory|transcript	217
chr20	4961778	4961995	ENSG00000089057.15	gene|regulatory|transcript	217
chr20	63831661	63831878	ENSG00000130584.12	gene|regulatory|transcript	217
chr20	63369532	63369749	ENSG00000101204.18|ENSG00000203900.2	gene|regulatory|transcript	217
chr20	49267495	49267712	ENSG00000124201.15	gene|regulatory|transcript	217
chr20	52975933	52976150	ENSG00000182463.17	gene|regulatory|transcript	217
chr20	63830615	63830832	ENSG00000130584.12	gene|regulatory|transcript	217
chr20	34984171	34984388	ENSG00000078814.19	gene|regulatory|transcript	217
chr20	62935679	62935896	ENSG00000101191.17	gene|regulatory|transcript	217
chr20	64076304	64076521	ENSG00000171700.14	gene|regulatory|transcript	217
chr20	674772	674989	ENSG00000215397.4|ENSG00000270299.1	gene|regulatory|transcript	217
chr20	31719820	31720037	ENSG00000171552.14	gene|regulatory|transcript	217
chr20	46307445	46307662	ENSG00000149654.11	gene|regulatory|transcript	217
chr20	5131111	5131328	ENSG00000101290.14	gene|regulatory|transcript	217
chr20	17614519	17614736	ENSG00000125844.17	gene|regulatory|transcript	217
chr20	38873193	38873410	ENSG00000101445.10	gene|regulatory|transcript	217
chr20	9160108	9160325	ENSG00000101333.19	gene|regulatory|transcript	217
chr20	51531487	51531704	ENSG00000101096.20	gene|regulatory|transcript	217
chr20	19275844	19276061	ENSG00000179447.2|ENSG00000185052.13	gene|regulatory|transcript	217
chr20	3621148	3621365	ENSG00000088812.18	gene|regulatory|transcript	217
chr20	49510573	49510790	ENSG00000124212.6	gene|regulatory|transcript	217
chr20	38883965	38884182	ENSG00000101445.10	gene|regulatory|transcript	217
chr20	47771032	47771249	ENSG00000196562.16	gene|regulatory|transcript	217
chr20	20681303	20681520	ENSG00000188559.16	gene|regulatory|transcript	217
chr20	54219961	54220177	ENSG00000101132.10	gene|regulatory|transcript	216
chr20	61773900	61774116	ENSG00000179242.16	gene|regulatory|transcript	216
chr20	15257170	15257386	ENSG00000172264.19	gene|regulatory|transcript	216
chr20	19830175	19830391	ENSG00000132669.14	gene|regulatory|transcript	216
chr20	59616395	59616611	ENSG00000087495.17	gene|regulatory|transcript	216
chr20	37842037	37842253	ENSG00000132792.21	gene|regulatory|transcript	216
chr20	34533280	34533496	ENSG00000125971.18|ENSG00000289720.1	gene|regulatory|transcript	216
chr20	36467193	36467409	ENSG00000080845.19	gene|regulatory|transcript	216
chr20	63441710	63441926	ENSG00000075043.21	gene|regulatory|transcript	216
chr20	4864452	4864668	ENSG00000089057.15	gene|regulatory|transcript	216
chr20	18588170	18588386	ENSG00000125821.13|ENSG00000284776.1	gene|regulatory|transcript	216
chr20	57406479	57406695	ENSG00000132819.17	gene|regulatory|transcript	216
chr20	16280301	16280517	ENSG00000089177.20	gene|regulatory|transcript	216
chr20	45814614	45814830	ENSG00000175063.17	gene|regulatory|transcript	216
chr20	14554133	14554349	ENSG00000172264.19	gene|regulatory|transcript	216
chr20	59831438	59831654	ENSG00000087495.17	gene|regulatory|transcript	216
chr20	36142914	36143130	ENSG00000088367.23	gene|regulatory|transcript	216
chr20	49391491	49391707	ENSG00000158445.10|ENSG00000290421.1	gene|regulatory|transcript	216
chr20	38033083	38033299	ENSG00000101407.13	gene|regulatory|transcript	216
chr20	15332552	15332768	ENSG00000172264.19	gene|regulatory|transcript	216
chr20	38874554	38874770	ENSG00000101445.10	gene|regulatory|transcript	216
chr20	19654136	19654352	ENSG00000185052.13	gene|regulatory|transcript	216
chr20	58850903	58851119	ENSG00000087460.29	gene|regulatory|transcript	216
chr20	54048611	54048827	ENSG00000064787.14	gene|regulatory|transcript	216
chr20	47503723	47503939	ENSG00000124151.19	gene|regulatory|transcript	216
chr20	47556300	47556516	ENSG00000124151.19	gene|regulatory|transcript	216
chr20	1336728	1336944	ENSG00000234684.8|ENSG00000274322.1	gene|regulatory|transcript	216
chr20	41116392	41116608	ENSG00000198900.7|ENSG00000226648.2	gene|regulatory|transcript	216
chr20	3071775	3071991	ENSG00000101405.3	gene|regulatory|transcript	216
chr20	14337020	14337236	ENSG00000125848.10|ENSG00000172264.19	gene|regulatory|transcript	216
chr20	44008878	44009094	ENSG00000124191.18	gene|regulatory|transcript	216
chr20	35172224	35172440	ENSG00000101000.6	gene|regulatory|transcript	216
chr20	18057916	18058132	ENSG00000125850.11	gene|regulatory|transcript	216
chr20	2297441	2297657	ENSG00000125780.12|ENSG00000286022.1	gene|regulatory|transcript	216
chr20	19422716	19422932	ENSG00000185052.13	gene|regulatory|transcript	216
chr20	20195387	20195603	ENSG00000089101.19	gene|regulatory|transcript	216
chr20	61932180	61932396	ENSG00000179242.16	gene|regulatory|transcript	216
chr20	53590685	53590901	ENSG00000171940.14	gene|regulatory|transcript	216
chr20	13718227	13718443	ENSG00000089048.15	gene|regulatory|transcript	216
chr20	1390908	1391124	ENSG00000088832.18|ENSG00000274322.1	gene|regulatory|transcript	216
chr20	57697847	57698063	ENSG00000124225.16	gene|regulatory|transcript	216
chr20	64155836	64156052	ENSG00000196132.14	gene|regulatory|transcript	216
chr20	57523446	57523662	ENSG00000124092.13	gene|regulatory|transcript	216
chr20	49711743	49711959	ENSG00000158470.5	gene|regulatory|transcript	216
chr20	25041358	25041574	ENSG00000154930.15	gene|regulatory|transcript	216
chr20	50664325	50664541	ENSG00000042062.13	gene|regulatory|transcript	216
chr20	61861583	61861799	ENSG00000179242.16	gene|regulatory|transcript	216
chr20	36487149	36487365	ENSG00000080845.19	gene|regulatory|transcript	216
chr20	15951702	15951918	ENSG00000172264.19|ENSG00000286546.1	gene|regulatory|transcript	216
chr20	59647404	59647620	ENSG00000087495.17	gene|regulatory|transcript	216
chr20	4809378	4809593	ENSG00000101265.16	gene|regulatory|transcript	215
chr20	61254939	61255154	ENSG00000179242.16	gene|regulatory|transcript	215
chr20	48685218	48685433	ENSG00000124126.14	gene|regulatory|transcript	215
chr20	8157035	8157250	ENSG00000182621.19	gene|regulatory|transcript	215
chr20	36010141	36010356	ENSG00000149646.12	gene|regulatory|transcript	215
chr20	63870245	63870460	ENSG00000101150.18|ENSG00000290226.1	gene|regulatory|transcript	215
chr20	32681870	32682085	ENSG00000285382.1	gene|regulatory|transcript	215
chr20	63358343	63358558	ENSG00000101204.18	gene|regulatory|transcript	215
chr20	44402681	44402896	ENSG00000101076.20	gene|regulatory|transcript	215
chr20	17958077	17958292	ENSG00000089006.17|ENSG00000125850.11	gene|regulatory|transcript	215
chr20	19986493	19986708	ENSG00000132669.14	gene|regulatory|transcript	215
chr20	34525691	34525906	ENSG00000125971.18|ENSG00000289720.1	gene|regulatory|transcript	215
chr20	36332767	36332982	ENSG00000080845.19	gene|regulatory|transcript	215
chr20	43709747	43709962	ENSG00000101057.16	gene|regulatory|transcript	215
chr20	10668796	10669011	ENSG00000101384.12	gene|regulatory|transcript	215
chr20	18646868	18647083	ENSG00000125821.13|ENSG00000284776.1	gene|regulatory|transcript	215
chr20	33778609	33778824	ENSG00000131061.15	gene|regulatory|transcript	215
chr20	32363334	32363549	ENSG00000171456.22	gene|regulatory|transcript	215
chr20	15851917	15852132	ENSG00000172264.19	gene|regulatory|transcript	215
chr20	51491919	51492134	ENSG00000101096.20	gene|regulatory|transcript	215
chr20	33785636	33785851	ENSG00000131061.15	gene|regulatory|transcript	215
chr20	48781407	48781622	ENSG00000124126.14	gene|regulatory|transcript	215
chr20	8264886	8265101	ENSG00000182621.19	gene|regulatory|transcript	215
chr20	47035209	47035424	ENSG00000064655.19	gene|regulatory|transcript	215
chr20	408779	408994	ENSG00000125826.22	gene|regulatory|transcript	215
chr20	44542002	44542217	ENSG00000168734.14	gene|regulatory|transcript	215
chr20	19419524	19419739	ENSG00000185052.13	gene|regulatory|transcript	215
chr20	1936091	1936306	ENSG00000198053.12	gene|regulatory|transcript	215
chr20	47727544	47727759	ENSG00000196562.16	gene|regulatory|transcript	215
chr20	47757463	47757678	ENSG00000196562.16	gene|regulatory|transcript	215
chr20	36217635	36217850	ENSG00000088367.23	gene|regulatory|transcript	215
chr20	31671290	31671505	ENSG00000171552.14	gene|regulatory|transcript	215
chr20	9838531	9838746	ENSG00000101349.17|ENSG00000286470.1	gene|regulatory|transcript	215
chr20	42219026	42219241	ENSG00000196090.14	gene|regulatory|transcript	215
chr20	52977622	52977837	ENSG00000182463.17	gene|regulatory|transcript	215
chr20	8603336	8603551	ENSG00000182621.19	gene|regulatory|transcript	215
chr20	25250579	25250794	ENSG00000100994.12	gene|regulatory|transcript	215
chr20	17229315	17229530	ENSG00000125851.10	gene|regulatory|transcript	215
chr20	64181496	64181711	ENSG00000196132.14	gene|regulatory|transcript	215
chr20	1656493	1656707	ENSG00000089012.14	gene|regulatory|transcript	214
chr20	419908	420122	ENSG00000125826.22	gene|regulatory|transcript	214
chr20	47610931	47611145	ENSG00000124151.19	gene|regulatory|transcript	214
chr20	59749038	59749252	ENSG00000087495.17	gene|regulatory|transcript	214
chr20	62019201	62019415	ENSG00000130699.20	gene|regulatory|transcript	214
chr20	46199208	46199422	ENSG00000149654.11	gene|regulatory|transcript	214
chr20	44915030	44915244	ENSG00000101104.13	gene|regulatory|transcript	214
chr20	64029162	64029376	ENSG00000101161.8	gene|regulatory|transcript	214
chr20	2302180	2302394	ENSG00000125780.12|ENSG00000286022.1	gene|regulatory|transcript	214
chr20	35661231	35661445	ENSG00000214078.13|ENSG00000244462.8|ENSG00000272897.5	gene|regulatory|transcript	214
chr20	33575410	33575624	ENSG00000078699.22	gene|regulatory|transcript	214
chr20	42559825	42560039	ENSG00000196090.14	gene|regulatory|transcript	214
chr20	51508807	51509021	ENSG00000101096.20	gene|regulatory|transcript	214
chr20	36950411	36950625	ENSG00000101347.11	gene|regulatory|transcript	214
chr20	61550685	61550899	ENSG00000179242.16	gene|regulatory|transcript	214
chr20	57656775	57656989	ENSG00000124225.16	gene|regulatory|transcript	214
chr20	58901075	58901289	ENSG00000087460.29	gene|regulatory|transcript	214
chr20	62822840	62823054	ENSG00000092758.18	gene|regulatory|transcript	214
chr20	34995069	34995283	ENSG00000078814.19	gene|regulatory|transcript	214
chr20	48993228	48993442	ENSG00000124198.10	gene|regulatory|transcript	214
chr20	53046050	53046264	ENSG00000182463.17	gene|regulatory|transcript	214
chr20	35271199	35271413	ENSG00000125966.10|ENSG00000126005.17|ENSG00000261582.1	gene|regulatory|transcript	214
chr20	534472	534686	ENSG00000101266.19	gene|regulatory|transcript	214
chr20	17647755	17647969	ENSG00000125844.17	gene|regulatory|transcript	214
chr20	41032828	41033042	ENSG00000198900.7	gene|regulatory|transcript	214
chr20	41032339	41032553	ENSG00000198900.7	gene|regulatory|transcript	214
chr20	43470364	43470578	ENSG00000288000.1	gene|regulatory|transcript	214
chr20	36792599	36792813	ENSG00000149639.15	gene|regulatory|transcript	214
chr20	31721251	31721465	ENSG00000171552.14	gene|regulatory|transcript	214
chr20	31747789	31748003	ENSG00000088325.16	gene|regulatory|transcript	214
chr20	38073058	38073272	ENSG00000101413.12	gene|regulatory|transcript	214
chr20	31833502	31833716	ENSG00000101306.11	gene|regulatory|transcript	214
chr20	3758678	3758892	ENSG00000101220.18	gene|regulatory|transcript	214
chr20	44610559	44610773	ENSG00000168734.14|ENSG00000196839.14	gene|regulatory|transcript	214
chr20	19778031	19778245	ENSG00000132669.14	gene|regulatory|transcript	214
chr20	910597	910811	ENSG00000101280.8	gene|regulatory|transcript	214
chr20	49476109	49476323	ENSG00000158445.10	gene|regulatory|transcript	214
chr20	3471760	3471974	ENSG00000088812.18	gene|regulatory|transcript	214
chr20	62406630	62406844	ENSG00000149679.12	gene|regulatory|transcript	214
chr20	19652535	19652749	ENSG00000185052.13	gene|regulatory|transcript	214
chr20	46286497	46286711	ENSG00000149654.11	gene|regulatory|transcript	214
chr20	41411480	41411694	ENSG00000124177.16	gene|regulatory|transcript	214
chr20	59629137	59629350	ENSG00000087495.17	gene|regulatory|transcript	213
chr20	63739310	63739523	ENSG00000273047.1	gene|regulatory|transcript	213
chr20	51438236	51438449	ENSG00000101096.20	gene|regulatory|transcript	213
chr20	8537911	8538124	ENSG00000182621.19	gene|regulatory|transcript	213
chr20	59635533	59635746	ENSG00000087495.17	gene|regulatory|transcript	213
chr20	537237	537450	ENSG00000101266.19	gene|regulatory|transcript	213
chr20	227887	228100	ENSG00000125903.4	gene|regulatory|transcript	213
chr20	25081098	25081311	ENSG00000100987.15	gene|regulatory|transcript	213
chr20	35479017	35479230	ENSG00000126001.17|ENSG00000230155.8	gene|regulatory|transcript	213
chr20	35467579	35467792	ENSG00000126001.17	gene|regulatory|transcript	213
chr20	658320	658533	ENSG00000270299.1	gene|regulatory|transcript	213
chr20	4822928	4823141	ENSG00000101265.16	gene|regulatory|transcript	213
chr20	3936041	3936254	ENSG00000101236.17	gene|regulatory|transcript	213
chr20	3204323	3204536	ENSG00000198171.13	gene|regulatory|transcript	213
chr20	63409559	63409772	ENSG00000075043.21	gene|regulatory|transcript	213
chr20	64205222	64205435	ENSG00000196132.14	gene|regulatory|transcript	213
chr20	47720771	47720984	ENSG00000196562.16	gene|regulatory|transcript	213
chr20	56506263	56506476	ENSG00000022277.13|ENSG00000124091.10	gene|regulatory|transcript	213
chr20	35876014	35876227	ENSG00000025293.17	gene|regulatory|transcript	213
chr20	31860342	31860555	ENSG00000149599.16	gene|regulatory|transcript	213
chr20	35883792	35884005	ENSG00000025293.17	gene|regulatory|transcript	213
chr20	14634764	14634977	ENSG00000172264.19|ENSG00000227927.2	gene|regulatory|transcript	213
chr20	53146727	53146940	ENSG00000182463.17	gene|regulatory|transcript	213
chr20	42592669	42592882	ENSG00000196090.14	gene|regulatory|transcript	213
chr20	5862810	5863023	ENSG00000171984.15	gene|regulatory|transcript	213
chr20	50567990	50568203	ENSG00000196396.10	gene|regulatory|transcript	213
chr20	36734331	36734544	ENSG00000101079.21	gene|regulatory|transcript	213
chr20	61859764	61859977	ENSG00000179242.16	gene|regulatory|transcript	213
chr20	63530927	63531140	ENSG00000101213.7	gene|regulatory|transcript	213
chr20	19496364	19496577	ENSG00000185052.13	gene|regulatory|transcript	213
chr20	32327342	32327555	ENSG00000101350.8	gene|regulatory|transcript	213
chr20	14497828	14498041	ENSG00000172264.19	gene|regulatory|transcript	213
chr20	38160116	38160329	ENSG00000198959.12	gene|regulatory|transcript	213
chr20	62149987	62150200	ENSG00000184402.15	gene|regulatory|transcript	213
chr20	10433374	10433587	ENSG00000125863.20|ENSG00000285508.2|ENSG00000285723.2	gene|regulatory|transcript	213
chr20	64070745	64070958	ENSG00000171703.17	gene|regulatory|transcript	213
chr20	63246602	63246814	ENSG00000101198.15	gene|regulatory|transcript	212
chr20	19252392	19252604	ENSG00000179447.2|ENSG00000185052.13	gene|regulatory|transcript	212
chr20	25039425	25039637	ENSG00000154930.15	gene|regulatory|transcript	212
chr20	57680981	57681193	ENSG00000124225.16	gene|regulatory|transcript	212
chr20	36857858	36858070	ENSG00000149639.15	gene|regulatory|transcript	212
chr20	58219500	58219712	ENSG00000124227.6	gene|regulatory|transcript	212
chr20	62473190	62473402	ENSG00000130700.7	gene|regulatory|transcript	212
chr20	53130963	53131175	ENSG00000182463.17	gene|regulatory|transcript	212
chr20	45946860	45947072	ENSG00000100982.12	gene|regulatory|transcript	212
chr20	13617916	13618128	ENSG00000089123.16	gene|regulatory|transcript	212
chr20	19428028	19428240	ENSG00000185052.13	gene|regulatory|transcript	212
chr20	61352655	61352867	ENSG00000179242.16	gene|regulatory|transcript	212
chr20	41447093	41447305	ENSG00000124177.16	gene|regulatory|transcript	212
chr20	35776537	35776749	ENSG00000025293.17	gene|regulatory|transcript	212
chr20	33852203	33852415	ENSG00000101421.4	gene|regulatory|transcript	212
chr20	53232384	53232596	ENSG00000182463.17	gene|regulatory|transcript	212
chr20	37199421	37199633	ENSG00000118705.18	gene|regulatory|transcript	212
chr20	47754386	47754598	ENSG00000196562.16	gene|regulatory|transcript	212
chr20	31968775	31968987	ENSG00000260903.3	gene|regulatory|transcript	212
chr20	44609997	44610209	ENSG00000168734.14|ENSG00000196839.14	gene|regulatory|transcript	212
chr20	15560936	15561148	ENSG00000172264.19	gene|regulatory|transcript	212
chr20	2753233	2753445	ENSG00000088881.22	gene|regulatory|transcript	212
chr20	14699356	14699568	ENSG00000172264.19	gene|regulatory|transcript	212
chr20	62359856	62360068	ENSG00000130702.15	gene|regulatory|transcript	212
chr20	46376262	46376474	ENSG00000062598.18|ENSG00000273828.2	gene|regulatory|transcript	212
chr20	34022228	34022440	ENSG00000125970.12	gene|regulatory|transcript	212
chr20	1636761	1636973	ENSG00000089012.14|ENSG00000237914.5	gene|regulatory|transcript	212
chr20	32474882	32475094	ENSG00000197183.15	gene|regulatory|transcript	212
chr20	24659908	24660120	ENSG00000101463.6	gene|regulatory|transcript	212
chr20	37355890	37356102	ENSG00000197122.13	gene|regulatory|transcript	212
chr20	43032572	43032784	ENSG00000196090.14	gene|regulatory|transcript	212
chr20	20025057	20025269	ENSG00000173418.12	gene|regulatory|transcript	212
chr20	20275715	20275927	ENSG00000089101.19	gene|regulatory|transcript	212
chr20	10602090	10602302	ENSG00000149346.15	gene|regulatory|transcript	212
chr20	44959178	44959390	ENSG00000025772.8	gene|regulatory|transcript	212
chr20	34025026	34025238	ENSG00000125970.12	gene|regulatory|transcript	212
chr20	51425824	51426036	ENSG00000101096.20	gene|regulatory|transcript	212
chr20	17969588	17969800	ENSG00000125850.11|ENSG00000125871.14	gene|regulatory|transcript	212
chr20	3202773	3202985	ENSG00000198171.13	gene|regulatory|transcript	212
chr20	34200694	34200906	ENSG00000101440.10	gene|regulatory|transcript	212
chr20	34876980	34877192	ENSG00000131069.20	gene|regulatory|transcript	212
chr20	53331234	53331445	ENSG00000182463.17|ENSG00000271774.1	gene|regulatory|transcript	211
chr20	44402342	44402553	ENSG00000101076.20	gene|regulatory|transcript	211
chr20	64268263	64268474	ENSG00000203880.13	gene|regulatory|transcript	211
chr20	36733723	36733934	ENSG00000101079.21	gene|regulatory|transcript	211
chr20	44153551	44153762	ENSG00000149596.7	gene|regulatory|transcript	211
chr20	61656863	61657074	ENSG00000179242.16	gene|regulatory|transcript	211
chr20	57243612	57243823	ENSG00000101144.13	gene|regulatory|transcript	211
chr20	34045940	34046151	ENSG00000125970.12	gene|regulatory|transcript	211
chr20	37520994	37521205	ENSG00000166619.15	gene|regulatory|transcript	211
chr20	14545308	14545519	ENSG00000172264.19	gene|regulatory|transcript	211
chr20	46638418	46638629	ENSG00000158296.14	gene|regulatory|transcript	211
chr20	20551512	20551723	ENSG00000188559.16	gene|regulatory|transcript	211
chr20	7936573	7936784	ENSG00000101323.5	gene|regulatory|transcript	211
chr20	41554159	41554370	ENSG00000124177.16	gene|regulatory|transcript	211
chr20	61602729	61602940	ENSG00000179242.16	gene|regulatory|transcript	211
chr20	50921897	50922108	ENSG00000101126.18	gene|regulatory|transcript	211
chr20	34745649	34745860	ENSG00000198646.14|ENSG00000286803.1	gene|regulatory|transcript	211
chr20	33061831	33062042	ENSG00000186190.8	gene|regulatory|transcript	211
chr20	57353386	57353597	ENSG00000101146.13	gene|regulatory|transcript	211
chr20	51540961	51541172	ENSG00000101096.20	gene|regulatory|transcript	211
chr20	63199026	63199237	ENSG00000149658.18	gene|regulatory|transcript	211
chr20	1587959	1588170	ENSG00000101307.16|ENSG00000260861.6	gene|regulatory|transcript	211
chr20	35342218	35342429	ENSG00000101019.22	gene|regulatory|transcript	211
chr20	61619498	61619709	ENSG00000179242.16	gene|regulatory|transcript	211
chr20	25310888	25311099	ENSG00000100997.20	gene|regulatory|transcript	211
chr20	15579782	15579993	ENSG00000172264.19	gene|regulatory|transcript	211
chr20	445130	445341	ENSG00000125875.15	gene|regulatory|transcript	211
chr20	59648550	59648761	ENSG00000087495.17	gene|regulatory|transcript	211
chr20	62332075	62332286	ENSG00000130702.15	gene|regulatory|transcript	211
chr20	44056415	44056626	ENSG00000124191.18	gene|regulatory|transcript	211
chr20	23412036	23412247	ENSG00000125814.17	gene|regulatory|transcript	211
chr20	63641397	63641608	ENSG00000197457.10	gene|regulatory|transcript	211
chr20	62234450	62234661	ENSG00000130703.17	gene|regulatory|transcript	211
chr20	32510815	32511026	ENSG00000197183.15|ENSG00000277301.1	gene|regulatory|transcript	211
chr20	42650384	42650595	ENSG00000196090.14	gene|regulatory|transcript	211
chr20	51494806	51495017	ENSG00000101096.20	gene|regulatory|transcript	211
chr20	19591094	19591305	ENSG00000185052.13	gene|regulatory|transcript	211
chr20	49478872	49479083	ENSG00000158445.10	gene|regulatory|transcript	211
chr20	32892335	32892546	ENSG00000215529.13	gene|regulatory|transcript	211
chr20	44018652	44018863	ENSG00000124191.18	gene|regulatory|transcript	211
chr20	32984308	32984519	ENSG00000167098.12	gene|regulatory|transcript	211
chr20	51800515	51800726	ENSG00000101115.13	gene|regulatory|transcript	211
chr20	32822850	32823061	ENSG00000101367.9	gene|regulatory|transcript	211
chr20	44648055	44648266	ENSG00000196839.14	gene|regulatory|transcript	211
chr20	3788907	3789118	ENSG00000101224.18	gene|regulatory|transcript	211
chr20	1619258	1619469	ENSG00000101307.16|ENSG00000260861.6	gene|regulatory|transcript	211
chr20	32669216	32669427	ENSG00000198547.10|ENSG00000285382.1	gene|regulatory|transcript	211
chr20	5590553	5590764	ENSG00000125772.14	gene|regulatory|transcript	211
chr20	63411980	63412191	ENSG00000075043.21	gene|regulatory|transcript	211
chr20	51554708	51554919	ENSG00000101096.20	gene|regulatory|transcript	211
chr20	14329821	14330031	ENSG00000125848.10|ENSG00000172264.19	gene|regulatory|transcript	210
chr20	59152965	59153175	ENSG00000124203.7	gene|regulatory|transcript	210
chr20	25317623	25317833	ENSG00000100997.20	gene|regulatory|transcript	210
chr20	6769731	6769941	ENSG00000125845.7	gene|regulatory|transcript	210
chr20	63534493	63534703	ENSG00000101213.7	gene|regulatory|transcript	210
chr20	2102274	2102484	ENSG00000125834.13	gene|regulatory|transcript	210
chr20	34302945	34303155	ENSG00000101444.13	gene|regulatory|transcript	210
chr20	44596187	44596397	ENSG00000168734.14|ENSG00000196839.14	gene|regulatory|transcript	210
chr20	48763591	48763801	ENSG00000124126.14	gene|regulatory|transcript	210
chr20	19695222	19695432	ENSG00000185052.13|ENSG00000232675.7	gene|regulatory|transcript	210
chr20	4161486	4161696	ENSG00000088826.18	gene|regulatory|transcript	210
chr20	31868950	31869160	ENSG00000149599.16	gene|regulatory|transcript	210
chr20	41046791	41047001	ENSG00000198900.7	gene|regulatory|transcript	210
chr20	61254509	61254719	ENSG00000179242.16	gene|regulatory|transcript	210
chr20	63879022	63879232	ENSG00000101150.18|ENSG00000290226.1	gene|regulatory|transcript	210
chr20	38813023	38813233	ENSG00000101445.10	gene|regulatory|transcript	210
chr20	45779127	45779337	ENSG00000124116.19	gene|regulatory|transcript	210
chr20	51469957	51470167	ENSG00000101096.20	gene|regulatory|transcript	210
chr20	36407718	36407928	ENSG00000080845.19	gene|regulatory|transcript	210
chr20	46582700	46582910	ENSG00000158296.14	gene|regulatory|transcript	210
chr20	36483333	36483543	ENSG00000080845.19	gene|regulatory|transcript	210
chr20	48937751	48937961	ENSG00000124198.10	gene|regulatory|transcript	210
chr20	15223498	15223708	ENSG00000172264.19	gene|regulatory|transcript	210
chr20	25328563	25328773	ENSG00000100997.20	gene|regulatory|transcript	210
chr20	1898634	1898844	ENSG00000198053.12	gene|regulatory|transcript	210
chr20	53212075	53212285	ENSG00000182463.17	gene|regulatory|transcript	210
chr20	25081355	25081565	ENSG00000100987.15	gene|regulatory|transcript	210
chr20	2330105	2330315	ENSG00000125780.12|ENSG00000286022.1	gene|regulatory|transcript	210
chr20	50645919	50646129	ENSG00000042062.13|ENSG00000234693.1	gene|regulatory|transcript	210
chr20	46057303	46057513	ENSG00000124140.15	gene|regulatory|transcript	210
chr20	18288619	18288829	ENSG00000125846.17	gene|regulatory|transcript	210
chr20	24964532	24964742	ENSG00000101474.12	gene|regulatory|transcript	210
chr20	8602447	8602657	ENSG00000182621.19	gene|regulatory|transcript	210
chr20	53080249	53080459	ENSG00000182463.17	gene|regulatory|transcript	210
chr20	14765206	14765416	ENSG00000172264.19	gene|regulatory|transcript	210
chr20	51654119	51654329	ENSG00000054793.14	gene|regulatory|transcript	210
chr20	49696711	49696921	ENSG00000158470.5	gene|regulatory|transcript	210
chr20	20056381	20056591	ENSG00000089101.19	gene|regulatory|transcript	210
chr20	17377324	17377534	ENSG00000125851.10	gene|regulatory|transcript	210
chr20	63700777	63700987	ENSG00000101246.20	gene|regulatory|transcript	210
chr20	1291482	1291692	ENSG00000101298.15|ENSG00000244588.6	gene|regulatory|transcript	210
chr20	2236318	2236528	ENSG00000286022.1	gene|regulatory|transcript	210
chr20	58418731	58418941	ENSG00000124164.16	gene|regulatory|transcript	210
chr20	1389248	1389458	ENSG00000088832.18|ENSG00000274322.1	gene|regulatory|transcript	210
chr20	38833843	38834053	ENSG00000101445.10	gene|regulatory|transcript	210
chr20	58344855	58345065	ENSG00000124209.4	gene|regulatory|transcript	210
chr20	846546	846756	ENSG00000125898.13	gene|regulatory|transcript	210
chr20	18743769	18743979	ENSG00000125821.13|ENSG00000284776.1	gene|regulatory|transcript	210
chr20	38726697	38726907	ENSG00000101438.4	gene|regulatory|transcript	210
chr20	64232870	64233079	ENSG00000196132.14	gene|regulatory|transcript	209
chr20	19701590	19701799	ENSG00000185052.13	gene|regulatory|transcript	209
chr20	21183414	21183623	ENSG00000088970.16|ENSG00000232712.6	gene|regulatory|transcript	209
chr20	41308793	41309002	ENSG00000174306.22	gene|regulatory|transcript	209
chr20	34241213	34241422	ENSG00000101440.10|ENSG00000250917.1	gene|regulatory|transcript	209
chr20	31515216	31515425	ENSG00000101294.19	gene|regulatory|transcript	209
chr20	10271508	10271717	ENSG00000132639.15|ENSG00000227906.10	gene|regulatory|transcript	209
chr20	25248878	25249087	ENSG00000100994.12	gene|regulatory|transcript	209
chr20	8161835	8162044	ENSG00000182621.19	gene|regulatory|transcript	209
chr20	53149467	53149676	ENSG00000182463.17	gene|regulatory|transcript	209
chr20	48827349	48827558	ENSG00000124126.14|ENSG00000278231.1	gene|regulatory|transcript	209
chr20	36582488	36582697	ENSG00000118707.11|ENSG00000259399.1	gene|regulatory|transcript	209
chr20	34994586	34994795	ENSG00000078814.19	gene|regulatory|transcript	209
chr20	34062868	34063077	ENSG00000125970.12	gene|regulatory|transcript	209
chr20	31822908	31823117	ENSG00000101306.11	gene|regulatory|transcript	209
chr20	14065029	14065238	ENSG00000172264.19	gene|regulatory|transcript	209
chr20	1588747	1588956	ENSG00000101307.16|ENSG00000260861.6	gene|regulatory|transcript	209
chr20	44979780	44979989	ENSG00000101109.13	gene|regulatory|transcript	209
chr20	41616300	41616509	ENSG00000124177.16	gene|regulatory|transcript	209
chr20	23441896	23442105	ENSG00000125823.13	gene|regulatory|transcript	209
chr20	16432622	16432831	ENSG00000089177.20	gene|regulatory|transcript	209
chr20	62826472	62826681	ENSG00000092758.18	gene|regulatory|transcript	209
chr20	62819527	62819736	ENSG00000092758.18	gene|regulatory|transcript	209
chr20	36573761	36573970	ENSG00000118707.11	gene|regulatory|transcript	209
chr20	49318749	49318958	ENSG00000158445.10|ENSG00000283529.2|ENSG00000290421.1	gene|regulatory|transcript	209
chr20	3765497	3765706	ENSG00000101220.18	gene|regulatory|transcript	209
chr20	19779375	19779584	ENSG00000132669.14	gene|regulatory|transcript	209
chr20	33685313	33685522	ENSG00000101412.13	gene|regulatory|transcript	209
chr20	42430570	42430779	ENSG00000196090.14	gene|regulatory|transcript	209
chr20	58481082	58481291	ENSG00000198768.11	gene|regulatory|transcript	209
chr20	2741481	2741690	ENSG00000088881.22	gene|regulatory|transcript	209
chr20	43188230	43188439	ENSG00000196090.14	gene|regulatory|transcript	209
chr20	24954267	24954476	ENSG00000077984.6	gene|regulatory|transcript	209
chr20	37209837	37210046	ENSG00000118705.18	gene|regulatory|transcript	209
chr20	63898864	63899073	ENSG00000101152.12|ENSG00000290226.1	gene|regulatory|transcript	209
chr20	33239486	33239695	ENSG00000198183.13	gene|regulatory|transcript	209
chr20	1472353	1472562	ENSG00000088833.18|ENSG00000196209.13	gene|regulatory|transcript	209
chr20	44560283	44560492	ENSG00000168734.14	gene|regulatory|transcript	209
chr20	20139365	20139574	ENSG00000089101.19	gene|regulatory|transcript	209
chr20	64082046	64082255	ENSG00000125510.18	gene|regulatory|transcript	209
chr20	18492875	18493084	ENSG00000089050.16	gene|regulatory|transcript	209
chr20	63681821	63682030	ENSG00000026036.23|ENSG00000258366.12	gene|regulatory|transcript	209
chr20	38144343	38144552	ENSG00000198959.12	gene|regulatory|transcript	209
chr20	41341383	41341592	ENSG00000132793.12	gene|regulatory|transcript	209
chr20	16356957	16357166	ENSG00000089177.20	gene|regulatory|transcript	209
chr20	62001542	62001751	ENSG00000130699.20	gene|regulatory|transcript	209
chr20	63981893	63982101	ENSG00000101161.8	gene|regulatory|transcript	208
chr20	50859315	50859523	ENSG00000124243.19	gene|regulatory|transcript	208
chr20	34415067	34415275	ENSG00000078747.17|ENSG00000289720.1	gene|regulatory|transcript	208
chr20	61744827	61745035	ENSG00000179242.16|ENSG00000225106.1	gene|regulatory|transcript	208
chr20	13866319	13866527	ENSG00000101251.13	gene|regulatory|transcript	208
chr20	36806148	36806356	ENSG00000149639.15	gene|regulatory|transcript	208
chr20	1469432	1469640	ENSG00000088833.18	gene|regulatory|transcript	208
chr20	51554210	51554418	ENSG00000101096.20	gene|regulatory|transcript	208
chr20	35355451	35355659	ENSG00000101019.22	gene|regulatory|transcript	208
chr20	44572608	44572816	ENSG00000168734.14	gene|regulatory|transcript	208
chr20	59911062	59911270	ENSG00000196074.13	gene|regulatory|transcript	208
chr20	25558700	25558908	ENSG00000101004.16	gene|regulatory|transcript	208
chr20	64206685	64206893	ENSG00000196132.14	gene|regulatory|transcript	208
chr20	49881992	49882200	ENSG00000197818.12	gene|regulatory|transcript	208
chr20	44633916	44634124	ENSG00000196839.14	gene|regulatory|transcript	208
chr20	52106551	52106759	ENSG00000020256.20	gene|regulatory|transcript	208
chr20	44649218	44649426	ENSG00000196839.14	gene|regulatory|transcript	208
chr20	63706439	63706647	ENSG00000101246.20	gene|regulatory|transcript	208
chr20	56430495	56430703	ENSG00000087589.17	gene|regulatory|transcript	208
chr20	35735136	35735344	ENSG00000131051.24	gene|regulatory|transcript	208
chr20	10280099	10280307	ENSG00000132639.15|ENSG00000227906.10	gene|regulatory|transcript	208
chr20	53186004	53186212	ENSG00000182463.17	gene|regulatory|transcript	208
chr20	14717688	14717896	ENSG00000172264.19	gene|regulatory|transcript	208
chr20	59972144	59972352	ENSG00000124215.17	gene|regulatory|transcript	208
chr20	44805694	44805902	ENSG00000101098.13	gene|regulatory|transcript	208
chr20	34562814	34563022	ENSG00000101464.11	gene|regulatory|transcript	208
chr20	5919219	5919427	ENSG00000089199.10	gene|regulatory|transcript	208
chr20	63968250	63968458	ENSG00000196700.9	gene|regulatory|transcript	208
chr20	41139290	41139498	ENSG00000124181.15	gene|regulatory|transcript	208
chr20	38229875	38230083	ENSG00000149633.12	gene|regulatory|transcript	208
chr20	41531935	41532143	ENSG00000124177.16	gene|regulatory|transcript	208
chr20	2978503	2978711	ENSG00000132670.21	gene|regulatory|transcript	208
chr20	53160278	53160486	ENSG00000182463.17	gene|regulatory|transcript	208
chr20	53186693	53186901	ENSG00000182463.17	gene|regulatory|transcript	208
chr20	10277068	10277276	ENSG00000132639.15|ENSG00000227906.10	gene|regulatory|transcript	208
chr20	62472106	62472314	ENSG00000130700.7	gene|regulatory|transcript	208
chr20	8536283	8536491	ENSG00000182621.19	gene|regulatory|transcript	208
chr20	45175035	45175243	ENSG00000124102.5	gene|regulatory|transcript	208
chr20	47027499	47027707	ENSG00000064655.19	gene|regulatory|transcript	208
chr20	58843401	58843609	ENSG00000087460.29|ENSG00000235590.9	gene|regulatory|transcript	208
chr20	47735472	47735680	ENSG00000196562.16	gene|regulatory|transcript	208
chr20	57377727	57377934	ENSG00000101146.13|ENSG00000218018.4	gene|regulatory|transcript	207
chr20	14143021	14143228	ENSG00000172264.19	gene|regulatory|transcript	207
chr20	62655329	62655536	ENSG00000101187.16	gene|regulatory|transcript	207
chr20	37911411	37911618	ENSG00000132821.12	gene|regulatory|transcript	207
chr20	16458026	16458233	ENSG00000089177.20	gene|regulatory|transcript	207
chr20	57259707	57259914	ENSG00000101144.13	gene|regulatory|transcript	207
chr20	21714058	21714265	ENSG00000125813.15	gene|regulatory|transcript	207
chr20	62958477	62958684	ENSG00000101194.18	gene|regulatory|transcript	207
chr20	3238328	3238535	ENSG00000088836.14	gene|regulatory|transcript	207
chr20	21371310	21371517	ENSG00000088930.8	gene|regulatory|transcript	207
chr20	32458452	32458659	ENSG00000197183.15	gene|regulatory|transcript	207
chr20	62155560	62155767	ENSG00000184402.15	gene|regulatory|transcript	207
chr20	35506149	35506356	ENSG00000126001.17	gene|regulatory|transcript	207
chr20	25532993	25533200	ENSG00000101004.16	gene|regulatory|transcript	207
chr20	35741626	35741833	ENSG00000131051.24	gene|regulatory|transcript	207
chr20	1185837	1186044	ENSG00000125818.18	gene|regulatory|transcript	207
chr20	8646181	8646388	ENSG00000182621.19	gene|regulatory|transcript	207
chr20	59696573	59696780	ENSG00000087495.17	gene|regulatory|transcript	207
chr20	47577283	47577490	ENSG00000124151.19	gene|regulatory|transcript	207
chr20	56422067	56422274	ENSG00000087589.17	gene|regulatory|transcript	207
chr20	48758415	48758622	ENSG00000124126.14	gene|regulatory|transcript	207
chr20	34875931	34876138	ENSG00000131069.20	gene|regulatory|transcript	207
chr20	37527060	37527267	ENSG00000166619.15	gene|regulatory|transcript	207
chr20	32365653	32365860	ENSG00000171456.22	gene|regulatory|transcript	207
chr20	62858493	62858700	ENSG00000101190.13	gene|regulatory|transcript	207
chr20	21241526	21241733	ENSG00000088970.16	gene|regulatory|transcript	207
chr20	34969037	34969244	ENSG00000078814.19	gene|regulatory|transcript	207
chr20	63740607	63740814	ENSG00000125520.14	gene|regulatory|transcript	207
chr20	7936220	7936427	ENSG00000101323.5	gene|regulatory|transcript	207
chr20	32152865	32153072	ENSG00000101337.16	gene|regulatory|transcript	207
chr20	4170582	4170789	ENSG00000088826.18	gene|regulatory|transcript	207
chr20	62901490	62901697	ENSG00000101191.17	gene|regulatory|transcript	207
chr20	38326536	38326743	ENSG00000101425.14	gene|regulatory|transcript	207
chr20	44019396	44019603	ENSG00000124191.18	gene|regulatory|transcript	207
chr20	9336066	9336273	ENSG00000101333.19	gene|regulatory|transcript	207
chr20	14826659	14826866	ENSG00000172264.19	gene|regulatory|transcript	207
chr20	59580254	59580461	ENSG00000087495.17	gene|regulatory|transcript	207
chr20	6104605	6104812	ENSG00000101311.17	gene|regulatory|transcript	207
chr20	64162315	64162522	ENSG00000196132.14	gene|regulatory|transcript	207
chr20	967713	967920	ENSG00000101282.9	gene|regulatory|transcript	207
chr20	45443797	45444004	ENSG00000124155.19|ENSG00000277022.1	gene|regulatory|transcript	207
chr20	24952636	24952843	ENSG00000077984.6	gene|regulatory|transcript	207
chr20	47249995	47250202	ENSG00000101040.20	gene|regulatory|transcript	207
chr20	49983560	49983766	ENSG00000124216.4	gene|regulatory|transcript	206
chr20	17316786	17316992	ENSG00000125851.10	gene|regulatory|transcript	206
chr20	3554689	3554895	ENSG00000088812.18	gene|regulatory|transcript	206
chr20	59583768	59583974	ENSG00000087495.17	gene|regulatory|transcript	206
chr20	15562090	15562296	ENSG00000172264.19	gene|regulatory|transcript	206
chr20	9374548	9374754	ENSG00000101333.19	gene|regulatory|transcript	206
chr20	32201712	32201918	ENSG00000126003.7	gene|regulatory|transcript	206
chr20	32216402	32216608	ENSG00000101346.15	gene|regulatory|transcript	206
chr20	47354660	47354866	ENSG00000101040.20	gene|regulatory|transcript	206
chr20	19786742	19786948	ENSG00000132669.14	gene|regulatory|transcript	206
chr20	24952349	24952555	ENSG00000077984.6	gene|regulatory|transcript	206
chr20	24476747	24476953	ENSG00000101463.6	gene|regulatory|transcript	206
chr20	25572005	25572211	ENSG00000101004.16	gene|regulatory|transcript	206
chr20	17634155	17634361	ENSG00000125844.17	gene|regulatory|transcript	206
chr20	63326545	63326751	ENSG00000101203.17	gene|regulatory|transcript	206
chr20	44017930	44018136	ENSG00000124191.18	gene|regulatory|transcript	206
chr20	45826584	45826790	ENSG00000101470.10	gene|regulatory|transcript	206
chr20	51721027	51721233	ENSG00000054793.14	gene|regulatory|transcript	206
chr20	2707054	2707260	ENSG00000088881.22	gene|regulatory|transcript	206
chr20	33490420	33490626	ENSG00000078699.22	gene|regulatory|transcript	206
chr20	54063926	54064132	ENSG00000064787.14	gene|regulatory|transcript	206
chr20	64082918	64083124	ENSG00000125510.18	gene|regulatory|transcript	206
chr20	64256272	64256478	ENSG00000203880.13	gene|regulatory|transcript	206
chr20	14235497	14235703	ENSG00000172264.19	gene|regulatory|transcript	206
chr20	18288844	18289050	ENSG00000125846.17	gene|regulatory|transcript	206
chr20	64107717	64107923	ENSG00000196132.14	gene|regulatory|transcript	206
chr20	21135121	21135327	ENSG00000088970.16	gene|regulatory|transcript	206
chr20	15700417	15700623	ENSG00000172264.19	gene|regulatory|transcript	206
chr20	2508372	2508578	ENSG00000088876.13|ENSG00000256566.1	gene|regulatory|transcript	206
chr20	25037903	25038109	ENSG00000154930.15	gene|regulatory|transcript	206
chr20	42268612	42268818	ENSG00000196090.14	gene|regulatory|transcript	206
chr20	10666313	10666519	ENSG00000101384.12	gene|regulatory|transcript	206
chr20	3304543	3304749	ENSG00000088854.13	gene|regulatory|transcript	206
chr20	20614956	20615162	ENSG00000188559.16	gene|regulatory|transcript	206
chr20	57693739	57693945	ENSG00000124225.16	gene|regulatory|transcript	206
chr20	38136465	38136671	ENSG00000198959.12	gene|regulatory|transcript	206
chr20	37516849	37517055	ENSG00000166619.15	gene|regulatory|transcript	206
chr20	50546979	50547185	ENSG00000196396.10	gene|regulatory|transcript	206
chr20	42083803	42084009	ENSG00000196090.14	gene|regulatory|transcript	206
chr20	11892286	11892492	ENSG00000132640.15	gene|regulatory|transcript	206
chr20	58890934	58891140	ENSG00000087460.29	gene|regulatory|transcript	206
chr20	36491850	36492056	ENSG00000080845.19	gene|regulatory|transcript	206
chr20	9286785	9286991	ENSG00000101333.19	gene|regulatory|transcript	206
chr20	3305935	3306141	ENSG00000088854.13	gene|regulatory|transcript	206
chr20	5782492	5782698	ENSG00000171984.15	gene|regulatory|transcript	206
chr20	33822509	33822715	ENSG00000101421.4	gene|regulatory|transcript	206
chr20	32577147	32577353	ENSG00000197183.15	gene|regulatory|transcript	206
chr20	36141393	36141599	ENSG00000088367.23	gene|regulatory|transcript	206
chr20	31863400	31863606	ENSG00000149599.16	gene|regulatory|transcript	206
chr20	21361099	21361304	ENSG00000088930.8	gene|regulatory|transcript	205
chr20	42338887	42339092	ENSG00000196090.14	gene|regulatory|transcript	205
chr20	59744288	59744493	ENSG00000087495.17	gene|regulatory|transcript	205
chr20	32450460	32450665	ENSG00000197183.15|ENSG00000236772.1	gene|regulatory|transcript	205
chr20	57619052	57619257	ENSG00000124256.15	gene|regulatory|transcript	205
chr20	32234267	32234472	ENSG00000101346.15	gene|regulatory|transcript	205
chr20	51617554	51617759	ENSG00000054793.14	gene|regulatory|transcript	205
chr20	48741142	48741347	ENSG00000124126.14	gene|regulatory|transcript	205
chr20	53325422	53325627	ENSG00000182463.17|ENSG00000271774.1	gene|regulatory|transcript	205
chr20	24507272	24507477	ENSG00000101463.6	gene|regulatory|transcript	205
chr20	8305933	8306138	ENSG00000182621.19	gene|regulatory|transcript	205
chr20	3604366	3604571	ENSG00000088812.18	gene|regulatory|transcript	205
chr20	13717591	13717796	ENSG00000089048.15	gene|regulatory|transcript	205
chr20	38932593	38932798	ENSG00000101447.15	gene|regulatory|transcript	205
chr20	3679864	3680069	ENSG00000149451.19	gene|regulatory|transcript	205
chr20	4157405	4157610	ENSG00000088826.18	gene|regulatory|transcript	205
chr20	45856961	45857166	ENSG00000101473.17	gene|regulatory|transcript	205
chr20	46894987	46895192	ENSG00000064655.19	gene|regulatory|transcript	205
chr20	63829760	63829965	ENSG00000130584.12	gene|regulatory|transcript	205
chr20	46709740	46709945	ENSG00000197496.6	gene|regulatory|transcript	205
chr20	62937433	62937638	ENSG00000101191.17	gene|regulatory|transcript	205
chr20	3264165	3264370	ENSG00000088854.13	gene|regulatory|transcript	205
chr20	23421059	23421264	ENSG00000125814.17	gene|regulatory|transcript	205
chr20	51492351	51492556	ENSG00000101096.20	gene|regulatory|transcript	205
chr20	44642472	44642677	ENSG00000196839.14	gene|regulatory|transcript	205
chr20	32636922	32637127	ENSG00000198547.10|ENSG00000285382.1	gene|regulatory|transcript	205
chr20	9311131	9311336	ENSG00000101333.19	gene|regulatory|transcript	205
chr20	31686384	31686589	ENSG00000171552.14|ENSG00000236559.1	gene|regulatory|transcript	205
chr20	61891371	61891576	ENSG00000179242.16	gene|regulatory|transcript	205
chr20	63264546	63264751	ENSG00000101198.15	gene|regulatory|transcript	205
chr20	23630597	23630802	ENSG00000101439.9	gene|regulatory|transcript	205
chr20	62272268	62272473	ENSG00000130703.17	gene|regulatory|transcript	205
chr20	31723529	31723734	ENSG00000171552.14	gene|regulatory|transcript	205
chr20	32762913	32763118	ENSG00000088305.19	gene|regulatory|transcript	205
chr20	35320818	35321023	ENSG00000101019.22	gene|regulatory|transcript	205
chr20	15617150	15617355	ENSG00000172264.19	gene|regulatory|transcript	205
chr20	64210824	64211029	ENSG00000196132.14	gene|regulatory|transcript	205
chr20	19252026	19252231	ENSG00000179447.2|ENSG00000185052.13	gene|regulatory|transcript	205
chr20	36737138	36737343	ENSG00000101079.21	gene|regulatory|transcript	205
chr20	10217778	10217983	ENSG00000132639.15|ENSG00000227906.10	gene|regulatory|transcript	205
chr20	62923473	62923678	ENSG00000101191.17	gene|regulatory|transcript	205
chr20	17964748	17964953	ENSG00000089006.17|ENSG00000125850.11	gene|regulatory|transcript	205
chr20	2947083	2947288	ENSG00000132670.21	gene|regulatory|transcript	205
chr20	1589186	1589391	ENSG00000101307.16|ENSG00000260861.6	gene|regulatory|transcript	205
chr20	51470578	51470783	ENSG00000101096.20	gene|regulatory|transcript	205
chr20	3172554	3172759	ENSG00000088899.16	gene|regulatory|transcript	205
chr20	54514610	54514815	ENSG00000101134.12	gene|regulatory|transcript	205
chr20	48626844	48627049	ENSG00000124126.14	gene|regulatory|transcript	205
chr20	15256771	15256976	ENSG00000172264.19	gene|regulatory|transcript	205
chr20	49179797	49180002	ENSG00000124214.21	gene|regulatory|transcript	205
chr20	46407721	46407926	ENSG00000062598.18	gene|regulatory|transcript	205
chr20	53082273	53082478	ENSG00000182463.17	gene|regulatory|transcript	205
chr20	52145032	52145237	ENSG00000020256.20	gene|regulatory|transcript	205
chr20	63830177	63830381	ENSG00000130584.12	gene|regulatory|transcript	204
chr20	24587263	24587467	ENSG00000101463.6	gene|regulatory|transcript	204
chr20	25539565	25539769	ENSG00000101004.16	gene|regulatory|transcript	204
chr20	24470969	24471173	ENSG00000101463.6	gene|regulatory|transcript	204
chr20	64258516	64258720	ENSG00000203880.13	gene|regulatory|transcript	204
chr20	34493744	34493948	ENSG00000078747.17|ENSG00000289720.1	gene|regulatory|transcript	204
chr20	19463640	19463844	ENSG00000185052.13	gene|regulatory|transcript	204
chr20	19887329	19887533	ENSG00000132669.14	gene|regulatory|transcript	204
chr20	62741507	62741711	ENSG00000101188.5	gene|regulatory|transcript	204
chr20	18722211	18722415	ENSG00000125821.13|ENSG00000284776.1	gene|regulatory|transcript	204
chr20	25507525	25507729	ENSG00000101004.16	gene|regulatory|transcript	204
chr20	63309550	63309754	ENSG00000101203.17	gene|regulatory|transcript	204
chr20	3681455	3681659	ENSG00000149451.19	gene|regulatory|transcript	204
chr20	38987820	38988024	ENSG00000101452.15	gene|regulatory|transcript	204
chr20	13147568	13147772	ENSG00000172296.13	gene|regulatory|transcript	204
chr20	61894155	61894359	ENSG00000179242.16	gene|regulatory|transcript	204
chr20	44980223	44980427	ENSG00000101109.13	gene|regulatory|transcript	204
chr20	13116370	13116574	ENSG00000172296.13	gene|regulatory|transcript	204
chr20	37984099	37984303	ENSG00000101407.13	gene|regulatory|transcript	204
chr20	64069491	64069695	ENSG00000171703.17	gene|regulatory|transcript	204
chr20	63323372	63323576	ENSG00000101203.17	gene|regulatory|transcript	204
chr20	9393051	9393255	ENSG00000101333.19	gene|regulatory|transcript	204
chr20	36307447	36307651	ENSG00000080845.19	gene|regulatory|transcript	204
chr20	62427221	62427425	ENSG00000130701.4	gene|regulatory|transcript	204
chr20	52103576	52103780	ENSG00000020256.20	gene|regulatory|transcript	204
chr20	57262024	57262228	ENSG00000101144.13	gene|regulatory|transcript	204
chr20	19543237	19543441	ENSG00000185052.13	gene|regulatory|transcript	204
chr20	47143688	47143892	ENSG00000064655.19	gene|regulatory|transcript	204
chr20	41032605	41032809	ENSG00000198900.7	gene|regulatory|transcript	204
chr20	41048110	41048314	ENSG00000198900.7	gene|regulatory|transcript	204
chr20	61254266	61254470	ENSG00000179242.16	gene|regulatory|transcript	204
chr20	3306166	3306370	ENSG00000088854.13	gene|regulatory|transcript	204
chr20	46990970	46991174	ENSG00000064655.19	gene|regulatory|transcript	204
chr20	17976423	17976627	ENSG00000125850.11|ENSG00000125871.14	gene|regulatory|transcript	204
chr20	33833708	33833912	ENSG00000101421.4	gene|regulatory|transcript	204
chr20	45309160	45309364	ENSG00000124232.11	gene|regulatory|transcript	204
chr20	21713591	21713795	ENSG00000125813.15	gene|regulatory|transcript	204
chr20	63740038	63740242	ENSG00000125520.14|ENSG00000273047.1	gene|regulatory|transcript	204
chr20	61575344	61575548	ENSG00000179242.16	gene|regulatory|transcript	204
chr20	2521774	2521978	ENSG00000088876.13	gene|regulatory|transcript	204
chr20	36643415	36643619	ENSG00000101082.14	gene|regulatory|transcript	204
chr20	61797313	61797517	ENSG00000179242.16	gene|regulatory|transcript	204
chr20	32449137	32449341	ENSG00000197183.15	gene|regulatory|transcript	204
chr20	57660883	57661087	ENSG00000124225.16	gene|regulatory|transcript	204
chr20	31473062	31473266	ENSG00000180383.4	gene|regulatory|transcript	204
chr20	53383900	53384104	ENSG00000182463.17|ENSG00000271774.1	gene|regulatory|transcript	204
chr20	53228156	53228360	ENSG00000182463.17	gene|regulatory|transcript	204
chr20	3115549	3115753	ENSG00000185019.17|ENSG00000235958.5	gene|regulatory|transcript	204
chr20	47242556	47242759	ENSG00000101040.20	gene|regulatory|transcript	203
chr20	13222679	13222882	ENSG00000101230.6	gene|regulatory|transcript	203
chr20	17706717	17706920	ENSG00000125888.15	gene|regulatory|transcript	203
chr20	41097815	41098018	ENSG00000198900.7	gene|regulatory|transcript	203
chr20	35680533	35680736	ENSG00000244005.13	gene|regulatory|transcript	203
chr20	24518603	24518806	ENSG00000101463.6	gene|regulatory|transcript	203
chr20	8523754	8523957	ENSG00000182621.19	gene|regulatory|transcript	203
chr20	32130452	32130655	ENSG00000101337.16	gene|regulatory|transcript	203
chr20	58690466	58690669	ENSG00000215440.12|ENSG00000254995.4	gene|regulatory|transcript	203
chr20	19317675	19317878	ENSG00000185052.13	gene|regulatory|transcript	203
chr20	51725615	51725818	ENSG00000054793.14	gene|regulatory|transcript	203
chr20	50910993	50911196	ENSG00000101126.18	gene|regulatory|transcript	203
chr20	53941613	53941816	ENSG00000064787.14|ENSG00000236352.1	gene|regulatory|transcript	203
chr20	49843182	49843385	ENSG00000197818.12	gene|regulatory|transcript	203
chr20	38139208	38139411	ENSG00000198959.12	gene|regulatory|transcript	203
chr20	62365276	62365479	ENSG00000130702.15	gene|regulatory|transcript	203
chr20	48683943	48684146	ENSG00000124126.14	gene|regulatory|transcript	203
chr20	61931530	61931733	ENSG00000179242.16	gene|regulatory|transcript	203
chr20	32330319	32330522	ENSG00000101350.8	gene|regulatory|transcript	203
chr20	54476172	54476375	ENSG00000101134.12	gene|regulatory|transcript	203
chr20	13996570	13996773	ENSG00000172264.19	gene|regulatory|transcript	203
chr20	61993492	61993695	ENSG00000130699.20	gene|regulatory|transcript	203
chr20	62821303	62821506	ENSG00000092758.18	gene|regulatory|transcript	203
chr20	19992981	19993184	ENSG00000132669.14	gene|regulatory|transcript	203
chr20	10671919	10672122	ENSG00000101384.12	gene|regulatory|transcript	203
chr20	848773	848976	ENSG00000125898.13	gene|regulatory|transcript	203
chr20	846279	846482	ENSG00000125898.13	gene|regulatory|transcript	203
chr20	50116487	50116690	ENSG00000124208.16	gene|regulatory|transcript	203
chr20	35136786	35136989	ENSG00000088298.13	gene|regulatory|transcript	203
chr20	3283011	3283214	ENSG00000088854.13	gene|regulatory|transcript	203
chr20	64075169	64075372	ENSG00000171700.14	gene|regulatory|transcript	203
chr20	45044169	45044372	ENSG00000101109.13	gene|regulatory|transcript	203
chr20	50733844	50734047	ENSG00000124171.9	gene|regulatory|transcript	203
chr20	3799545	3799748	ENSG00000101224.18	gene|regulatory|transcript	203
chr20	53588626	53588829	ENSG00000171940.14	gene|regulatory|transcript	203
chr20	53073721	53073924	ENSG00000182463.17	gene|regulatory|transcript	203
chr20	25353910	25354113	ENSG00000100997.20	gene|regulatory|transcript	203
chr20	49277665	49277868	ENSG00000124201.15	gene|regulatory|transcript	203
chr20	37712034	37712237	ENSG00000132792.21	gene|regulatory|transcript	203
chr20	47276021	47276224	ENSG00000101040.20	gene|regulatory|transcript	203
chr20	63881547	63881750	ENSG00000101150.18|ENSG00000290226.1	gene|regulatory|transcript	203
chr20	25037396	25037599	ENSG00000154930.15	gene|regulatory|transcript	203
chr20	8528886	8529089	ENSG00000182621.19	gene|regulatory|transcript	203
chr20	38555178	38555381	ENSG00000170471.15	gene|regulatory|transcript	203
chr20	44549272	44549475	ENSG00000168734.14	gene|regulatory|transcript	203
chr20	57259926	57260129	ENSG00000101144.13	gene|regulatory|transcript	203
chr20	17654987	17655190	ENSG00000125844.17	gene|regulatory|transcript	203
chr20	15785577	15785780	ENSG00000172264.19	gene|regulatory|transcript	203
chr20	32111899	32112102	ENSG00000101337.16	gene|regulatory|transcript	203
chr20	50561518	50561721	ENSG00000196396.10	gene|regulatory|transcript	203
chr20	49381924	49382127	ENSG00000158445.10|ENSG00000290421.1	gene|regulatory|transcript	203
chr20	62664567	62664770	ENSG00000101187.16|ENSG00000232803.1	gene|regulatory|transcript	203
chr20	63690994	63691197	ENSG00000026036.23|ENSG00000258366.12	gene|regulatory|transcript	203
chr20	62651606	62651809	ENSG00000101187.16|ENSG00000276317.1	gene|regulatory|transcript	203
chr20	49249745	49249948	ENSG00000124201.15	gene|regulatory|transcript	203
chr20	53133740	53133943	ENSG00000182463.17	gene|regulatory|transcript	203
chr20	45629513	45629716	ENSG00000180205.4	gene|regulatory|transcript	203
chr20	63819738	63819941	ENSG00000130584.12	gene|regulatory|transcript	203
chr20	4973094	4973296	ENSG00000089057.15	gene|regulatory|transcript	202
chr20	61628146	61628348	ENSG00000179242.16	gene|regulatory|transcript	202
chr20	14666829	14667031	ENSG00000172264.19	gene|regulatory|transcript	202
chr20	57690624	57690826	ENSG00000124225.16	gene|regulatory|transcript	202
chr20	59007846	59008048	ENSG00000101160.15	gene|regulatory|transcript	202
chr20	49677375	49677577	ENSG00000158470.5	gene|regulatory|transcript	202
chr20	1391838	1392040	ENSG00000088832.18|ENSG00000274322.1	gene|regulatory|transcript	202
chr20	25017826	25018028	ENSG00000154930.15	gene|regulatory|transcript	202
chr20	59030956	59031158	ENSG00000124172.10	gene|regulatory|transcript	202
chr20	59324098	59324300	ENSG00000124205.18	gene|regulatory|transcript	202
chr20	13786030	13786232	ENSG00000101247.18	gene|regulatory|transcript	202
chr20	38757537	38757739	ENSG00000101442.10	gene|regulatory|transcript	202
chr20	8627510	8627712	ENSG00000182621.19	gene|regulatory|transcript	202
chr20	37522438	37522640	ENSG00000053438.11|ENSG00000166619.15	gene|regulatory|transcript	202
chr20	49231346	49231548	ENSG00000124228.15	gene|regulatory|transcript	202
chr20	20628330	20628532	ENSG00000188559.16	gene|regulatory|transcript	202
chr20	4811680	4811882	ENSG00000101265.16	gene|regulatory|transcript	202
chr20	8018587	8018789	ENSG00000125827.9	gene|regulatory|transcript	202
chr20	1391231	1391433	ENSG00000088832.18|ENSG00000274322.1	gene|regulatory|transcript	202
chr20	50095587	50095789	ENSG00000124208.16|ENSG00000244687.13	gene|regulatory|transcript	202
chr20	57244285	57244487	ENSG00000101144.13	gene|regulatory|transcript	202
chr20	62306903	62307105	ENSG00000130706.13	gene|regulatory|transcript	202
chr20	32483955	32484157	ENSG00000197183.15	gene|regulatory|transcript	202
chr20	14914345	14914547	ENSG00000172264.19|ENSG00000235914.2	gene|regulatory|transcript	202
chr20	61896632	61896834	ENSG00000179242.16	gene|regulatory|transcript	202
chr20	32736110	32736312	ENSG00000149600.12|ENSG00000285382.1	gene|regulatory|transcript	202
chr20	52118357	52118559	ENSG00000020256.20	gene|regulatory|transcript	202
chr20	10502078	10502280	ENSG00000149346.15	gene|regulatory|transcript	202
chr20	35729988	35730190	ENSG00000131051.24	gene|regulatory|transcript	202
chr20	36744765	36744967	ENSG00000101079.21	gene|regulatory|transcript	202
chr20	24950714	24950916	ENSG00000077984.6	gene|regulatory|transcript	202
chr20	17616356	17616558	ENSG00000125844.17	gene|regulatory|transcript	202
chr20	59752798	59753000	ENSG00000087495.17	gene|regulatory|transcript	202
chr20	32820726	32820928	ENSG00000101367.9	gene|regulatory|transcript	202
chr20	6006801	6007003	ENSG00000088766.12|ENSG00000286235.1	gene|regulatory|transcript	202
chr20	18734593	18734794	ENSG00000125821.13|ENSG00000284776.1	gene|regulatory|transcript	201
chr20	19648083	19648284	ENSG00000185052.13	gene|regulatory|transcript	201
chr20	19652808	19653009	ENSG00000185052.13	gene|regulatory|transcript	201
chr20	24470003	24470204	ENSG00000101463.6	gene|regulatory|transcript	201
chr20	59709759	59709960	ENSG00000087495.17	gene|regulatory|transcript	201
chr20	15546909	15547110	ENSG00000172264.19	gene|regulatory|transcript	201
chr20	53231647	53231848	ENSG00000182463.17	gene|regulatory|transcript	201
chr20	33416122	33416323	ENSG00000101400.6	gene|regulatory|transcript	201
chr20	63686169	63686370	ENSG00000026036.23|ENSG00000258366.12	gene|regulatory|transcript	201
chr20	35837368	35837569	ENSG00000025293.17	gene|regulatory|transcript	201
chr20	34401883	34402084	ENSG00000078747.17|ENSG00000289720.1	gene|regulatory|transcript	201
chr20	3706755	3706956	ENSG00000088827.14	gene|regulatory|transcript	201
chr20	4234526	4234727	ENSG00000171873.8	gene|regulatory|transcript	201
chr20	10654309	10654510	ENSG00000101384.12	gene|regulatory|transcript	201
chr20	25282531	25282732	ENSG00000100994.12	gene|regulatory|transcript	201
chr20	32203932	32204133	ENSG00000126003.7	gene|regulatory|transcript	201
chr20	19913997	19914198	ENSG00000132669.14	gene|regulatory|transcript	201
chr20	43021205	43021406	ENSG00000196090.14	gene|regulatory|transcript	201
chr20	19374204	19374405	ENSG00000185052.13	gene|regulatory|transcript	201
chr20	43070013	43070214	ENSG00000196090.14	gene|regulatory|transcript	201
chr20	62032428	62032629	ENSG00000130699.20	gene|regulatory|transcript	201
chr20	32206415	32206616	ENSG00000126003.7	gene|regulatory|transcript	201
chr20	47140269	47140470	ENSG00000064655.19	gene|regulatory|transcript	201
chr20	44609785	44609986	ENSG00000168734.14|ENSG00000196839.14	gene|regulatory|transcript	201
chr20	43955802	43956003	ENSG00000124191.18	gene|regulatory|transcript	201
chr20	42474758	42474959	ENSG00000196090.14	gene|regulatory|transcript	201
chr20	61521365	61521566	ENSG00000179242.16	gene|regulatory|transcript	201
chr20	17328797	17328998	ENSG00000125851.10	gene|regulatory|transcript	201
chr20	43189169	43189370	ENSG00000196090.14	gene|regulatory|transcript	201
chr20	33569017	33569218	ENSG00000078699.22	gene|regulatory|transcript	201
chr20	48923549	48923750	ENSG00000124198.10	gene|regulatory|transcript	201
chr20	4897529	4897730	ENSG00000089057.15	gene|regulatory|transcript	201
chr20	10034613	10034814	ENSG00000132623.16|ENSG00000227906.10	gene|regulatory|transcript	201
chr20	57661524	57661725	ENSG00000124225.16	gene|regulatory|transcript	201
chr20	18611573	18611774	ENSG00000125821.13|ENSG00000284776.1	gene|regulatory|transcript	201
chr20	63464436	63464637	ENSG00000075043.21	gene|regulatory|transcript	201
chr20	24665016	24665217	ENSG00000101463.6	gene|regulatory|transcript	201
chr20	4956280	4956481	ENSG00000089057.15	gene|regulatory|transcript	201
chr20	17315718	17315919	ENSG00000125851.10	gene|regulatory|transcript	201
chr20	20086546	20086747	ENSG00000089101.19	gene|regulatory|transcript	201
chr20	24964898	24965099	ENSG00000101474.12	gene|regulatory|transcript	201
chr20	1274794	1274995	ENSG00000101298.15|ENSG00000244588.6	gene|regulatory|transcript	201
chr20	2873956	2874157	ENSG00000132670.21	gene|regulatory|transcript	201
chr20	45336990	45337191	ENSG00000124145.6	gene|regulatory|transcript	201
chr20	1383120	1383321	ENSG00000088832.18|ENSG00000274322.1	gene|regulatory|transcript	201
chr20	50670597	50670798	ENSG00000042062.13	gene|regulatory|transcript	201
chr20	17468862	17469063	ENSG00000125851.10	gene|regulatory|transcript	201
chr20	43710194	43710395	ENSG00000101057.16	gene|regulatory|transcript	201
chr20	53208192	53208393	ENSG00000182463.17|ENSG00000227705.1	gene|regulatory|transcript	201
chr20	19994385	19994586	ENSG00000132669.14	gene|regulatory|transcript	201
chr20	43507861	43508062	ENSG00000185513.18|ENSG00000288000.1	gene|regulatory|transcript	201
chr20	43507178	43507379	ENSG00000185513.18|ENSG00000288000.1	gene|regulatory|transcript	201
chr20	49480314	49480515	ENSG00000158445.10	gene|regulatory|transcript	201
chr20	35871334	35871535	ENSG00000025293.17	gene|regulatory|transcript	201
chr20	49461664	49461865	ENSG00000158445.10	gene|regulatory|transcript	201
chr20	49435763	49435964	ENSG00000158445.10|ENSG00000290421.1	gene|regulatory|transcript	201
chr20	8577945	8578146	ENSG00000182621.19	gene|regulatory|transcript	201
chr20	25407219	25407420	ENSG00000101003.12	gene|regulatory|transcript	201
chr20	31821212	31821413	ENSG00000101306.11	gene|regulatory|transcript	201
chr20	2749164	2749365	ENSG00000088881.22	gene|regulatory|transcript	201
chr20	3614174	3614375	ENSG00000088812.18	gene|regulatory|transcript	201
chr20	5131496	5131697	ENSG00000101290.14	gene|regulatory|transcript	201
chr20	63909707	63909908	ENSG00000101152.12|ENSG00000290226.1	gene|regulatory|transcript	201
chr20	5135765	5135966	ENSG00000101290.14	gene|regulatory|transcript	201
chr20	37863556	37863757	ENSG00000132792.21	gene|regulatory|transcript	201
chr20	4978656	4978857	ENSG00000089057.15	gene|regulatory|transcript	201
chr20	51767968	51768169	ENSG00000054793.14	gene|regulatory|transcript	201
chr20	61332435	61332636	ENSG00000179242.16	gene|regulatory|transcript	201
chr20	61877445	61877646	ENSG00000179242.16	gene|regulatory|transcript	201
chr20	19257262	19257463	ENSG00000179447.2|ENSG00000185052.13	gene|regulatory|transcript	201
chr20	44396522	44396723	ENSG00000101076.20	gene|regulatory|transcript	201
chr20	34515227	34515428	ENSG00000289720.1	gene|regulatory|transcript	201
chr20	50732460	50732661	ENSG00000124171.9	gene|regulatory|transcript	201
chr20	35772574	35772775	ENSG00000025293.17	gene|regulatory|transcript	201
chr20	2742802	2743003	ENSG00000088881.22	gene|regulatory|transcript	201
chr20	35735859	35736060	ENSG00000131051.24	gene|regulatory|transcript	201
chr20	63536057	63536258	ENSG00000101213.7	gene|regulatory|transcript	201
chr20	2695929	2696130	ENSG00000088881.22	gene|regulatory|transcript	201
chr20	16567410	16567611	ENSG00000089177.20	gene|regulatory|transcript	201
chr20	6006590	6006791	ENSG00000088766.12|ENSG00000286235.1	gene|regulatory|transcript	201
chr20	51412293	51412494	ENSG00000101096.20	gene|regulatory|transcript	201
chr20	50512996	50513197	ENSG00000196396.10	gene|regulatory|transcript	201
chr20	32062348	32062549	ENSG00000101336.18	gene|regulatory|transcript	201
chr20	63789261	63789462	ENSG00000130584.12	gene|regulatory|transcript	201
chr20	38244110	38244311	ENSG00000149633.12	gene|regulatory|transcript	201
chr20	34110660	34110861	ENSG00000125977.7	gene|regulatory|transcript	201
chr20	51415398	51415599	ENSG00000101096.20	gene|regulatory|transcript	201
chr20	25339749	25339950	ENSG00000100997.20	gene|regulatory|transcript	201
chr20	17644469	17644670	ENSG00000125844.17	gene|regulatory|transcript	201
chr20	2623940	2624141	ENSG00000149488.14	gene|regulatory|transcript	201
chr20	841728	841929	ENSG00000125898.13	gene|regulatory|transcript	201
chr20	9332137	9332338	ENSG00000101333.19	gene|regulatory|transcript	201
chr20	2694282	2694483	ENSG00000088881.22	gene|regulatory|transcript	201
chr20	35259663	35259864	ENSG00000125966.10|ENSG00000126005.17	gene|regulatory|transcript	201
chr20	64222063	64222264	ENSG00000196132.14	gene|regulatory|transcript	201
chr20	675246	675447	ENSG00000215397.4|ENSG00000270299.1	gene|regulatory|transcript	201
chr20	37189710	37189911	ENSG00000118705.18	gene|regulatory|transcript	201
chr20	2695660	2695861	ENSG00000088881.22	gene|regulatory|transcript	201
chr20	42194667	42194868	ENSG00000196090.14	gene|regulatory|transcript	201
chr20	46638141	46638342	ENSG00000158296.14	gene|regulatory|transcript	201
chr20	34065673	34065874	ENSG00000125970.12	gene|regulatory|transcript	201
chr20	63417204	63417405	ENSG00000075043.21	gene|regulatory|transcript	201
chr20	3283911	3284112	ENSG00000088854.13	gene|regulatory|transcript	201
chr20	59164252	59164453	ENSG00000124203.7	gene|regulatory|transcript	201
chr20	38356455	38356656	ENSG00000129988.6	gene|regulatory|transcript	201
chr20	36097480	36097681	ENSG00000088367.23	gene|regulatory|transcript	201
chr20	32763819	32764020	ENSG00000088305.19	gene|regulatory|transcript	201
chr20	63918995	63919196	ENSG00000101152.12|ENSG00000290226.1	gene|regulatory|transcript	201
chr20	23435761	23435962	ENSG00000125823.13	gene|regulatory|transcript	201
chr20	64110201	64110402	ENSG00000196132.14	gene|regulatory|transcript	201
chr20	21189982	21190183	ENSG00000088970.16|ENSG00000232712.6	gene|regulatory|transcript	201
chr20	62283230	62283431	ENSG00000130703.17	gene|regulatory|transcript	201
chr20	18511935	18512136	ENSG00000101310.17	gene|regulatory|transcript	201
chr20	18706034	18706235	ENSG00000125821.13|ENSG00000284776.1	gene|regulatory|transcript	201
chr20	43161895	43162096	ENSG00000196090.14	gene|regulatory|transcript	201
chr20	19887680	19887881	ENSG00000132669.14	gene|regulatory|transcript	201
chr20	53100784	53100985	ENSG00000182463.17	gene|regulatory|transcript	201
chr20	13029789	13029990	ENSG00000172296.13	gene|regulatory|transcript	201
chr20	49256918	49257119	ENSG00000124201.15	gene|regulatory|transcript	201
chr20	15026720	15026921	ENSG00000172264.19	gene|regulatory|transcript	201
chr20	25354121	25354322	ENSG00000100997.20	gene|regulatory|transcript	201
chr20	38084845	38085046	ENSG00000101413.12	gene|regulatory|transcript	201
chr20	64075464	64075665	ENSG00000171700.14	gene|regulatory|transcript	201
chr20	45649400	45649601	ENSG00000180083.11	gene|regulatory|transcript	201
chr20	4967252	4967453	ENSG00000089057.15	gene|regulatory|transcript	201
chr20	35064562	35064763	ENSG00000100991.12	gene|regulatory|transcript	201
chr20	49950715	49950916	ENSG00000124226.11	gene|regulatory|transcript	201
chr20	25055840	25056041	ENSG00000154930.15	gene|regulatory|transcript	201
chr20	36541760	36541961	ENSG00000101335.10|ENSG00000232907.9	gene|regulatory|transcript	201
chr20	49028776	49028977	ENSG00000124198.10	gene|regulatory|transcript	201
chr20	53588900	53589101	ENSG00000171940.14	gene|regulatory|transcript	201
chr20	32528119	32528320	ENSG00000197183.15	gene|regulatory|transcript	201
chr20	64062896	64063097	ENSG00000171703.17	gene|regulatory|transcript	201
chr20	62643482	62643683	ENSG00000101187.16	gene|regulatory|transcript	201
chr20	37015193	37015394	ENSG00000080839.12	gene|regulatory|transcript	201
chr20	42098552	42098753	ENSG00000196090.14	gene|regulatory|transcript	201
chr20	18057209	18057410	ENSG00000125850.11	gene|regulatory|transcript	201
chr20	35326604	35326805	ENSG00000101019.22	gene|regulatory|transcript	201
chr20	33670956	33671157	ENSG00000125967.17	gene|regulatory|transcript	201
chr20	10542042	10542243	ENSG00000149346.15	gene|regulatory|transcript	201
chr20	53592198	53592399	ENSG00000171940.14	gene|regulatory|transcript	201
chr20	38645397	38645598	ENSG00000124143.11	gene|regulatory|transcript	201
chr20	62645722	62645923	ENSG00000101187.16	gene|regulatory|transcript	201
chr20	15841016	15841217	ENSG00000172264.19	gene|regulatory|transcript	201
chr20	41177998	41178199	ENSG00000124181.15	gene|regulatory|transcript	201
chr20	45971509	45971710	ENSG00000198026.8	gene|regulatory|transcript	201
chr20	62002958	62003159	ENSG00000130699.20	gene|regulatory|transcript	201
chr20	41534900	41535101	ENSG00000124177.16	gene|regulatory|transcript	201
chr20	64015360	64015561	ENSG00000101161.8	gene|regulatory|transcript	201
chr20	35226138	35226339	ENSG00000126005.17	gene|regulatory|transcript	201
chr20	43010120	43010321	ENSG00000196090.14	gene|regulatory|transcript	201
chr20	34472917	34473118	ENSG00000078747.17|ENSG00000289720.1	gene|regulatory|transcript	201
chr20	51492146	51492346	ENSG00000101096.20	gene|regulatory|transcript	200
chr20	672806	673006	ENSG00000215397.4|ENSG00000270299.1	gene|regulatory|transcript	200
chr20	1466918	1467118	ENSG00000088833.18	gene|regulatory|transcript	200
chr20	34195818	34196018	ENSG00000101440.10	gene|regulatory|transcript	200
chr20	44389026	44389226	ENSG00000101076.20|ENSG00000229005.2	gene|regulatory|transcript	200
chr20	43538626	43538826	ENSG00000185513.18|ENSG00000288000.1	gene|regulatory|transcript	200
chr20	32541267	32541467	ENSG00000197183.15	gene|regulatory|transcript	200
chr20	57685575	57685775	ENSG00000124225.16	gene|regulatory|transcript	200
chr20	37916331	37916531	ENSG00000132821.12	gene|regulatory|transcript	200
chr20	13023835	13024035	ENSG00000172296.13	gene|regulatory|transcript	200
chr20	56433594	56433794	ENSG00000087589.17	gene|regulatory|transcript	200
chr20	13784584	13784784	ENSG00000089048.15	gene|regulatory|transcript	200
chr20	19935238	19935438	ENSG00000132669.14	gene|regulatory|transcript	200
chr20	19962481	19962681	ENSG00000132669.14	gene|regulatory|transcript	200
chr20	6052804	6053004	ENSG00000125872.9	gene|regulatory|transcript	200
chr20	13995957	13996157	ENSG00000101251.13|ENSG00000172264.19	gene|regulatory|transcript	200
chr20	36860985	36861185	ENSG00000149639.15	gene|regulatory|transcript	200
chr20	25214942	25215142	ENSG00000197586.13	gene|regulatory|transcript	200
chr20	17505430	17505630	ENSG00000125864.14	gene|regulatory|transcript	200
chr20	64226809	64227009	ENSG00000196132.14	gene|regulatory|transcript	200
chr20	50742732	50742932	ENSG00000124171.9	gene|regulatory|transcript	200
chr20	32477344	32477544	ENSG00000197183.15	gene|regulatory|transcript	200
chr20	15033320	15033520	ENSG00000172264.19	gene|regulatory|transcript	200
chr20	36887841	36888041	ENSG00000101342.10	gene|regulatory|transcript	200
chr20	48662223	48662423	ENSG00000124126.14	gene|regulatory|transcript	200
chr20	48631767	48631967	ENSG00000124126.14	gene|regulatory|transcript	200
chr20	50515788	50515988	ENSG00000196396.10	gene|regulatory|transcript	200
chr20	8223159	8223359	ENSG00000182621.19	gene|regulatory|transcript	200
chr20	63268843	63269043	ENSG00000101198.15	gene|regulatory|transcript	200
chr20	25573940	25574140	ENSG00000101004.16	gene|regulatory|transcript	200
chr20	5085584	5085784	ENSG00000089063.15	gene|regulatory|transcript	200
chr20	36100781	36100981	ENSG00000088367.23	gene|regulatory|transcript	200
chr20	34111444	34111644	ENSG00000125977.7	gene|regulatory|transcript	200
chr20	57400443	57400643	ENSG00000132819.17	gene|regulatory|transcript	200
chr20	62360884	62361084	ENSG00000130702.15	gene|regulatory|transcript	200
chr20	38355409	38355609	ENSG00000129988.6	gene|regulatory|transcript	200
chr20	49229998	49230198	ENSG00000124228.15	gene|regulatory|transcript	200
chr20	38806577	38806777	ENSG00000101445.10	gene|regulatory|transcript	200
chr20	542853	543053	ENSG00000101266.19	gene|regulatory|transcript	200
chr20	34010536	34010736	ENSG00000125970.12	gene|regulatory|transcript	200
chr20	19562454	19562654	ENSG00000185052.13	gene|regulatory|transcript	200
chr20	59933030	59933230	ENSG00000196074.13	gene|regulatory|transcript	200
chr20	63914118	63914318	ENSG00000101152.12|ENSG00000290226.1	gene|regulatory|transcript	200
chr20	13059424	13059624	ENSG00000172296.13	gene|regulatory|transcript	200
chr20	41467286	41467486	ENSG00000124177.16	gene|regulatory|transcript	200
chr20	33840884	33841083	ENSG00000101421.4	gene|regulatory|transcript	199
chr20	17710532	17710731	ENSG00000125888.15	gene|regulatory|transcript	199
chr20	15474533	15474732	ENSG00000172264.19	gene|regulatory|transcript	199
chr20	44553253	44553452	ENSG00000168734.14	gene|regulatory|transcript	199
chr20	31700860	31701059	ENSG00000171552.14|ENSG00000236559.1	gene|regulatory|transcript	199
chr20	59599020	59599219	ENSG00000087495.17	gene|regulatory|transcript	199
chr20	35342482	35342681	ENSG00000101019.22	gene|regulatory|transcript	199
chr20	15585961	15586160	ENSG00000172264.19	gene|regulatory|transcript	199
chr20	3798116	3798315	ENSG00000101224.18	gene|regulatory|transcript	199
chr20	41145874	41146073	ENSG00000124181.15	gene|regulatory|transcript	199
chr20	19920430	19920629	ENSG00000132669.14	gene|regulatory|transcript	199
chr20	32527111	32527310	ENSG00000197183.15	gene|regulatory|transcript	199
chr20	56382236	56382435	ENSG00000087586.18	gene|regulatory|transcript	199
chr20	35736180	35736379	ENSG00000131051.24	gene|regulatory|transcript	199
chr20	25569520	25569719	ENSG00000101004.16	gene|regulatory|transcript	199
chr20	32480546	32480745	ENSG00000197183.15	gene|regulatory|transcript	199
chr20	3194630	3194829	ENSG00000198171.13	gene|regulatory|transcript	199
chr20	19434897	19435096	ENSG00000185052.13	gene|regulatory|transcript	199
chr20	53032586	53032785	ENSG00000182463.17	gene|regulatory|transcript	199
chr20	49704748	49704947	ENSG00000158470.5	gene|regulatory|transcript	199
chr20	20489151	20489350	ENSG00000188559.16	gene|regulatory|transcript	199
chr20	63293968	63294167	ENSG00000101203.17	gene|regulatory|transcript	199
chr20	5182087	5182286	ENSG00000101290.14	gene|regulatory|transcript	199
chr20	47286799	47286998	ENSG00000101040.20	gene|regulatory|transcript	199
chr20	37355325	37355524	ENSG00000197122.13	gene|regulatory|transcript	199
chr20	32805427	32805626	ENSG00000088305.19	gene|regulatory|transcript	199
chr20	31717198	31717397	ENSG00000171552.14	gene|regulatory|transcript	199
chr20	4972883	4973082	ENSG00000089057.15	gene|regulatory|transcript	199
chr20	41047761	41047960	ENSG00000198900.7	gene|regulatory|transcript	199
chr20	15378788	15378987	ENSG00000172264.19	gene|regulatory|transcript	199
chr20	33530224	33530423	ENSG00000078699.22	gene|regulatory|transcript	199
chr20	18589983	18590182	ENSG00000125821.13|ENSG00000284776.1	gene|regulatory|transcript	199
chr20	14711813	14712012	ENSG00000172264.19	gene|regulatory|transcript	199
chr20	19717328	19717527	ENSG00000185052.13	gene|regulatory|transcript	199
chr20	43072857	43073056	ENSG00000196090.14	gene|regulatory|transcript	199
chr20	48720803	48721002	ENSG00000124126.14	gene|regulatory|transcript	199
chr20	4689195	4689394	ENSG00000171867.18	gene|regulatory|transcript	199
chr20	59644593	59644792	ENSG00000087495.17	gene|regulatory|transcript	199
chr20	32477844	32478043	ENSG00000197183.15	gene|regulatory|transcript	199
chr20	63965941	63966140	ENSG00000196700.9	gene|regulatory|transcript	199
chr20	21126571	21126770	ENSG00000088970.16	gene|regulatory|transcript	199
chr20	4898980	4899179	ENSG00000089057.15	gene|regulatory|transcript	199
chr20	9577872	9578071	ENSG00000101349.17	gene|regulatory|transcript	199
chr20	42141039	42141238	ENSG00000196090.14	gene|regulatory|transcript	199
chr20	17602546	17602745	ENSG00000125868.16	gene|regulatory|transcript	199
chr20	24983248	24983447	ENSG00000101474.12	gene|regulatory|transcript	199
chr20	62927785	62927984	ENSG00000101191.17	gene|regulatory|transcript	199
chr20	35489698	35489897	ENSG00000126001.17|ENSG00000230155.8	gene|regulatory|transcript	199
chr20	48957655	48957854	ENSG00000124198.10	gene|regulatory|transcript	199
chr20	16507544	16507743	ENSG00000089177.20	gene|regulatory|transcript	199
chr20	4244941	4245139	ENSG00000171873.8	gene|regulatory|transcript	198
chr20	37808023	37808221	ENSG00000132792.21	gene|regulatory|transcript	198
chr20	58899162	58899360	ENSG00000087460.29	gene|regulatory|transcript	198
chr20	63829052	63829250	ENSG00000130584.12	gene|regulatory|transcript	198
chr20	3192398	3192596	ENSG00000198171.13	gene|regulatory|transcript	198
chr20	32480341	32480539	ENSG00000197183.15	gene|regulatory|transcript	198
chr20	59870095	59870293	ENSG00000196074.13	gene|regulatory|transcript	198
chr20	34781172	34781370	ENSG00000198646.14|ENSG00000286803.1	gene|regulatory|transcript	198
chr20	17735407	17735605	ENSG00000125888.15	gene|regulatory|transcript	198
chr20	44253588	44253786	ENSG00000124194.17	gene|regulatory|transcript	198
chr20	57658237	57658435	ENSG00000124225.16	gene|regulatory|transcript	198
chr20	61350615	61350813	ENSG00000179242.16	gene|regulatory|transcript	198
chr20	4149863	4150061	ENSG00000088826.18	gene|regulatory|transcript	198
chr20	365072	365270	ENSG00000101255.12	gene|regulatory|transcript	198
chr20	48752823	48753021	ENSG00000124126.14	gene|regulatory|transcript	198
chr20	61353012	61353210	ENSG00000179242.16	gene|regulatory|transcript	198
chr20	43135735	43135933	ENSG00000196090.14	gene|regulatory|transcript	198
chr20	20710225	20710423	ENSG00000188559.16	gene|regulatory|transcript	198
chr20	9705860	9706058	ENSG00000101349.17	gene|regulatory|transcript	198
chr20	19886780	19886978	ENSG00000132669.14	gene|regulatory|transcript	198
chr20	4813147	4813345	ENSG00000101265.16	gene|regulatory|transcript	198
chr20	32468282	32468480	ENSG00000197183.15	gene|regulatory|transcript	198
chr20	62144416	62144614	ENSG00000184402.15	gene|regulatory|transcript	198
chr20	37381146	37381344	ENSG00000197122.13	gene|regulatory|transcript	198
chr20	53234128	53234326	ENSG00000182463.17	gene|regulatory|transcript	198
chr20	32535006	32535204	ENSG00000197183.15	gene|regulatory|transcript	198
chr20	5781961	5782159	ENSG00000171984.15	gene|regulatory|transcript	198
chr20	3218273	3218471	ENSG00000125877.13	gene|regulatory|transcript	198
chr20	64165166	64165364	ENSG00000196132.14	gene|regulatory|transcript	198
chr20	51629072	51629270	ENSG00000054793.14	gene|regulatory|transcript	198
chr20	25361049	25361247	ENSG00000100997.20	gene|regulatory|transcript	198
chr20	61604683	61604881	ENSG00000179242.16	gene|regulatory|transcript	198
chr20	51021225	51021423	ENSG00000026559.14	gene|regulatory|transcript	198
chr20	58886675	58886873	ENSG00000087460.29|ENSG00000225806.8	gene|regulatory|transcript	198
chr20	53291620	53291818	ENSG00000182463.17|ENSG00000271774.1	gene|regulatory|transcript	198
chr20	15545074	15545272	ENSG00000172264.19	gene|regulatory|transcript	198
chr20	63611132	63611330	ENSG00000101216.11	gene|regulatory|transcript	198
chr20	38807802	38808000	ENSG00000101445.10	gene|regulatory|transcript	198
chr20	36129239	36129437	ENSG00000088367.23	gene|regulatory|transcript	198
chr20	49824323	49824521	ENSG00000197818.12	gene|regulatory|transcript	198
chr20	18443034	18443232	ENSG00000089091.17	gene|regulatory|transcript	198
chr20	9425416	9425614	ENSG00000101333.19	gene|regulatory|transcript	198
chr20	63352668	63352866	ENSG00000101204.18	gene|regulatory|transcript	198
chr20	49418750	49418948	ENSG00000158445.10|ENSG00000290421.1	gene|regulatory|transcript	198
chr20	62241461	62241659	ENSG00000130703.17	gene|regulatory|transcript	198
chr20	34937023	34937221	ENSG00000100983.12	gene|regulatory|transcript	198
chr20	47232570	47232768	ENSG00000101040.20	gene|regulatory|transcript	198
chr20	31440815	31441013	ENSG00000180424.7	gene|regulatory|transcript	198
chr20	58847261	58847459	ENSG00000087460.29|ENSG00000235590.9	gene|regulatory|transcript	198
chr20	17344784	17344982	ENSG00000125851.10	gene|regulatory|transcript	198
chr20	49713217	49713415	ENSG00000158470.5	gene|regulatory|transcript	198
chr20	9255335	9255532	ENSG00000101333.19	gene|regulatory|transcript	197
chr20	19657994	19658191	ENSG00000185052.13	gene|regulatory|transcript	197
chr20	34195124	34195321	ENSG00000101440.10	gene|regulatory|transcript	197
chr20	34578182	34578379	ENSG00000101464.11	gene|regulatory|transcript	197
chr20	35146627	35146824	ENSG00000088298.13	gene|regulatory|transcript	197
chr20	38945100	38945297	ENSG00000101447.15	gene|regulatory|transcript	197
chr20	51696144	51696341	ENSG00000054793.14	gene|regulatory|transcript	197
chr20	33177949	33178146	ENSG00000131050.11	gene|regulatory|transcript	197
chr20	24487661	24487858	ENSG00000101463.6	gene|regulatory|transcript	197
chr20	46305416	46305613	ENSG00000149654.11	gene|regulatory|transcript	197
chr20	25532625	25532822	ENSG00000101004.16	gene|regulatory|transcript	197
chr20	24587786	24587983	ENSG00000101463.6	gene|regulatory|transcript	197
chr20	31523778	31523975	ENSG00000101294.19	gene|regulatory|transcript	197
chr20	9516682	9516879	ENSG00000125869.10	gene|regulatory|transcript	197
chr20	34915256	34915453	ENSG00000131069.20	gene|regulatory|transcript	197
chr20	20519331	20519528	ENSG00000188559.16	gene|regulatory|transcript	197
chr20	17614935	17615132	ENSG00000125844.17	gene|regulatory|transcript	197
chr20	38373455	38373652	ENSG00000129988.6	gene|regulatory|transcript	197
chr20	34957900	34958097	ENSG00000078814.19	gene|regulatory|transcript	197
chr20	4978135	4978332	ENSG00000089057.15	gene|regulatory|transcript	197
chr20	5152896	5153093	ENSG00000101290.14	gene|regulatory|transcript	197
chr20	19522166	19522363	ENSG00000185052.13	gene|regulatory|transcript	197
chr20	51414770	51414967	ENSG00000101096.20	gene|regulatory|transcript	197
chr20	1652995	1653192	ENSG00000089012.14	gene|regulatory|transcript	197
chr20	13103748	13103945	ENSG00000172296.13	gene|regulatory|transcript	197
chr20	17617889	17618086	ENSG00000125844.17	gene|regulatory|transcript	197
chr20	33843631	33843828	ENSG00000101421.4	gene|regulatory|transcript	197
chr20	31975239	31975436	ENSG00000260903.3	gene|regulatory|transcript	197
chr20	59031489	59031686	ENSG00000124172.10	gene|regulatory|transcript	197
chr20	37382069	37382266	ENSG00000197122.13	gene|regulatory|transcript	197
chr20	53608000	53608197	ENSG00000171940.14	gene|regulatory|transcript	197
chr20	52985719	52985916	ENSG00000182463.17	gene|regulatory|transcript	197
chr20	36544357	36544554	ENSG00000101335.10|ENSG00000232907.9	gene|regulatory|transcript	197
chr20	62818292	62818489	ENSG00000092758.18	gene|regulatory|transcript	197
chr20	53138961	53139158	ENSG00000182463.17|ENSG00000286865.1	gene|regulatory|transcript	197
chr20	44617565	44617762	ENSG00000168734.14|ENSG00000196839.14	gene|regulatory|transcript	197
chr20	37829165	37829362	ENSG00000132792.21	gene|regulatory|transcript	197
chr20	44173948	44174145	ENSG00000149596.7	gene|regulatory|transcript	197
chr20	63951998	63952195	ENSG00000198276.16	gene|regulatory|transcript	197
chr20	57495005	57495202	ENSG00000124097.8	gene|regulatory|transcript	197
chr20	15439410	15439607	ENSG00000172264.19	gene|regulatory|transcript	197
chr20	15435779	15435976	ENSG00000172264.19	gene|regulatory|transcript	197
chr20	46898035	46898232	ENSG00000064655.19	gene|regulatory|transcript	197
chr20	24981396	24981593	ENSG00000101474.12	gene|regulatory|transcript	197
chr20	35934141	35934338	ENSG00000025293.17	gene|regulatory|transcript	197
chr20	25220607	25220804	ENSG00000197586.13	gene|regulatory|transcript	197
chr20	37195682	37195879	ENSG00000118705.18	gene|regulatory|transcript	197
chr20	17640691	17640888	ENSG00000125844.17	gene|regulatory|transcript	197
chr20	2750697	2750894	ENSG00000088881.22	gene|regulatory|transcript	197
chr20	47680573	47680770	ENSG00000196562.16|ENSG00000255438.2	gene|regulatory|transcript	197
chr20	882324	882521	ENSG00000101280.8	gene|regulatory|transcript	197
chr20	34702336	34702533	ENSG00000198646.14	gene|regulatory|transcript	197
chr20	50818472	50818669	ENSG00000124243.19	gene|regulatory|transcript	197
chr20	19253381	19253577	ENSG00000179447.2|ENSG00000185052.13	gene|regulatory|transcript	196
chr20	352102	352298	ENSG00000125841.13	gene|regulatory|transcript	196
chr20	14928176	14928372	ENSG00000172264.19|ENSG00000235914.2	gene|regulatory|transcript	196
chr20	50799456	50799652	ENSG00000124243.19	gene|regulatory|transcript	196
chr20	63999759	63999955	ENSG00000101161.8	gene|regulatory|transcript	196
chr20	19997008	19997204	ENSG00000132669.14	gene|regulatory|transcript	196
chr20	50523903	50524099	ENSG00000196396.10	gene|regulatory|transcript	196
chr20	21357885	21358081	ENSG00000088930.8	gene|regulatory|transcript	196
chr20	62364174	62364370	ENSG00000130702.15	gene|regulatory|transcript	196
chr20	37715431	37715627	ENSG00000132792.21	gene|regulatory|transcript	196
chr20	17637473	17637669	ENSG00000125844.17	gene|regulatory|transcript	196
chr20	15412699	15412895	ENSG00000172264.19	gene|regulatory|transcript	196
chr20	61923046	61923242	ENSG00000179242.16	gene|regulatory|transcript	196
chr20	35311987	35312183	ENSG00000101019.22	gene|regulatory|transcript	196
chr20	59145677	59145873	ENSG00000124203.7	gene|regulatory|transcript	196
chr20	33773801	33773997	ENSG00000131061.15	gene|regulatory|transcript	196
chr20	38935967	38936163	ENSG00000101447.15	gene|regulatory|transcript	196
chr20	48787027	48787223	ENSG00000124126.14	gene|regulatory|transcript	196
chr20	38046133	38046329	ENSG00000101413.12	gene|regulatory|transcript	196
chr20	57206074	57206270	ENSG00000101144.13	gene|regulatory|transcript	196
chr20	13736582	13736778	ENSG00000089048.15	gene|regulatory|transcript	196
chr20	45377342	45377538	ENSG00000124251.11|ENSG00000254806.5	gene|regulatory|transcript	196
chr20	62059462	62059658	ENSG00000130699.20	gene|regulatory|transcript	196
chr20	45751783	45751979	ENSG00000124116.19	gene|regulatory|transcript	196
chr20	62413204	62413400	ENSG00000130701.4	gene|regulatory|transcript	196
chr20	51449306	51449502	ENSG00000101096.20	gene|regulatory|transcript	196
chr20	62935246	62935442	ENSG00000101191.17	gene|regulatory|transcript	196
chr20	58981638	58981834	ENSG00000101158.15	gene|regulatory|transcript	196
chr20	44038711	44038907	ENSG00000124191.18	gene|regulatory|transcript	196
chr20	46290480	46290676	ENSG00000149654.11	gene|regulatory|transcript	196
chr20	57375425	57375621	ENSG00000101146.13	gene|regulatory|transcript	196
chr20	19441309	19441505	ENSG00000185052.13	gene|regulatory|transcript	196
chr20	53019036	53019232	ENSG00000182463.17	gene|regulatory|transcript	196
chr20	14431832	14432028	ENSG00000172264.19	gene|regulatory|transcript	196
chr20	21303963	21304159	ENSG00000088930.8	gene|regulatory|transcript	196
chr20	33008869	33009065	ENSG00000078898.7	gene|regulatory|transcript	196
chr20	32480856	32481052	ENSG00000197183.15	gene|regulatory|transcript	196
chr20	25049510	25049706	ENSG00000154930.15	gene|regulatory|transcript	196
chr20	57394760	57394956	ENSG00000132819.17	gene|regulatory|transcript	196
chr20	48747558	48747753	ENSG00000124126.14	gene|regulatory|transcript	195
chr20	50735565	50735760	ENSG00000124171.9	gene|regulatory|transcript	195
chr20	53042171	53042366	ENSG00000182463.17	gene|regulatory|transcript	195
chr20	45042261	45042456	ENSG00000101109.13	gene|regulatory|transcript	195
chr20	56392922	56393117	ENSG00000101138.12	gene|regulatory|transcript	195
chr20	52191779	52191974	ENSG00000020256.20	gene|regulatory|transcript	195
chr20	20528749	20528944	ENSG00000188559.16	gene|regulatory|transcript	195
chr20	25017337	25017532	ENSG00000154930.15	gene|regulatory|transcript	195
chr20	841079	841274	ENSG00000125898.13	gene|regulatory|transcript	195
chr20	44762946	44763141	ENSG00000101098.13	gene|regulatory|transcript	195
chr20	4919166	4919361	ENSG00000089057.15	gene|regulatory|transcript	195
chr20	34363497	34363692	ENSG00000078747.17|ENSG00000289720.1	gene|regulatory|transcript	195
chr20	31474270	31474465	ENSG00000180383.4	gene|regulatory|transcript	195
chr20	50625569	50625764	ENSG00000042062.13	gene|regulatory|transcript	195
chr20	10449426	10449621	ENSG00000149346.15	gene|regulatory|transcript	195
chr20	33301037	33301232	ENSG00000125999.11	gene|regulatory|transcript	195
chr20	58892663	58892858	ENSG00000087460.29	gene|regulatory|transcript	195
chr20	61353709	61353904	ENSG00000179242.16	gene|regulatory|transcript	195
chr20	15062061	15062256	ENSG00000172264.19	gene|regulatory|transcript	195
chr20	59933373	59933568	ENSG00000196074.13	gene|regulatory|transcript	195
chr20	38551223	38551418	ENSG00000170471.15	gene|regulatory|transcript	195
chr20	19769560	19769755	ENSG00000132669.14	gene|regulatory|transcript	195
chr20	63951442	63951637	ENSG00000198276.16	gene|regulatory|transcript	195
chr20	32842932	32843127	ENSG00000101367.9	gene|regulatory|transcript	195
chr20	49387035	49387230	ENSG00000158445.10|ENSG00000290421.1	gene|regulatory|transcript	195
chr20	56494565	56494760	ENSG00000022277.13|ENSG00000124091.10	gene|regulatory|transcript	195
chr20	48760155	48760350	ENSG00000124126.14	gene|regulatory|transcript	195
chr20	18056063	18056258	ENSG00000125850.11	gene|regulatory|transcript	195
chr20	63873012	63873207	ENSG00000101150.18|ENSG00000290226.1	gene|regulatory|transcript	195
chr20	44504979	44505174	ENSG00000132824.14	gene|regulatory|transcript	195
chr20	51546577	51546772	ENSG00000101096.20	gene|regulatory|transcript	195
chr20	43925251	43925446	ENSG00000124191.18	gene|regulatory|transcript	195
chr20	32387439	32387634	ENSG00000171456.22	gene|regulatory|transcript	195
chr20	51548817	51549012	ENSG00000101096.20	gene|regulatory|transcript	195
chr20	53176345	53176540	ENSG00000182463.17|ENSG00000223492.1	gene|regulatory|transcript	195
chr20	42429846	42430041	ENSG00000196090.14	gene|regulatory|transcript	195
chr20	46088632	46088827	ENSG00000124160.12	gene|regulatory|transcript	195
chr20	61742119	61742314	ENSG00000179242.16|ENSG00000225106.1	gene|regulatory|transcript	195
chr20	25288229	25288424	ENSG00000100994.12	gene|regulatory|transcript	195
chr20	10666683	10666878	ENSG00000101384.12	gene|regulatory|transcript	195
chr20	48745487	48745682	ENSG00000124126.14	gene|regulatory|transcript	195
chr20	36474616	36474811	ENSG00000080845.19	gene|regulatory|transcript	195
chr20	32528768	32528963	ENSG00000197183.15	gene|regulatory|transcript	195
chr20	17705257	17705452	ENSG00000125888.15	gene|regulatory|transcript	195
chr20	62475542	62475737	ENSG00000130700.7	gene|regulatory|transcript	195
chr20	46403105	46403300	ENSG00000062598.18	gene|regulatory|transcript	195
chr20	37290232	37290427	ENSG00000101363.13	gene|regulatory|transcript	195
chr20	37524551	37524746	ENSG00000166619.15	gene|regulatory|transcript	195
chr20	8524807	8525002	ENSG00000182621.19	gene|regulatory|transcript	195
chr20	53283824	53284019	ENSG00000182463.17|ENSG00000271774.1	gene|regulatory|transcript	195
chr20	536048	536243	ENSG00000101266.19	gene|regulatory|transcript	195
chr20	20342163	20342358	ENSG00000089101.19	gene|regulatory|transcript	195
chr20	50821605	50821799	ENSG00000124243.19	gene|regulatory|transcript	194
chr20	50747600	50747794	ENSG00000124171.9	gene|regulatory|transcript	194
chr20	10618937	10619131	ENSG00000149346.15	gene|regulatory|transcript	194
chr20	62143982	62144176	ENSG00000184402.15	gene|regulatory|transcript	194
chr20	41475678	41475872	ENSG00000124177.16	gene|regulatory|transcript	194
chr20	46087281	46087475	ENSG00000124160.12	gene|regulatory|transcript	194
chr20	64133899	64134093	ENSG00000196132.14	gene|regulatory|transcript	194
chr20	32386209	32386403	ENSG00000171456.22	gene|regulatory|transcript	194
chr20	3083922	3084116	ENSG00000101200.5	gene|regulatory|transcript	194
chr20	57494673	57494867	ENSG00000124097.8	gene|regulatory|transcript	194
chr20	51560969	51561163	ENSG00000101096.20	gene|regulatory|transcript	194
chr20	50563159	50563353	ENSG00000196396.10	gene|regulatory|transcript	194
chr20	1566708	1566902	ENSG00000101307.16|ENSG00000260861.6	gene|regulatory|transcript	194
chr20	32796595	32796789	ENSG00000088305.19	gene|regulatory|transcript	194
chr20	49446977	49447171	ENSG00000158445.10	gene|regulatory|transcript	194
chr20	35995152	35995346	ENSG00000149646.12	gene|regulatory|transcript	194
chr20	32286157	32286351	ENSG00000101350.8	gene|regulatory|transcript	194
chr20	46651096	46651290	ENSG00000158296.14	gene|regulatory|transcript	194
chr20	17967461	17967655	ENSG00000089006.17|ENSG00000125850.11	gene|regulatory|transcript	194
chr20	59751453	59751647	ENSG00000087495.17	gene|regulatory|transcript	194
chr20	32664155	32664349	ENSG00000198547.10|ENSG00000285382.1	gene|regulatory|transcript	194
chr20	49642166	49642360	ENSG00000158470.5	gene|regulatory|transcript	194
chr20	9609712	9609906	ENSG00000101349.17	gene|regulatory|transcript	194
chr20	38032844	38033038	ENSG00000101407.13	gene|regulatory|transcript	194
chr20	47351877	47352071	ENSG00000101040.20	gene|regulatory|transcript	194
chr20	34968828	34969022	ENSG00000078814.19	gene|regulatory|transcript	194
chr20	62677819	62678013	ENSG00000101187.16	gene|regulatory|transcript	194
chr20	31557202	31557396	ENSG00000101294.19	gene|regulatory|transcript	194
chr20	33682567	33682761	ENSG00000101412.13	gene|regulatory|transcript	194
chr20	2321172	2321366	ENSG00000125780.12|ENSG00000286022.1	gene|regulatory|transcript	194
chr20	3964958	3965152	ENSG00000101236.17	gene|regulatory|transcript	194
chr20	11907706	11907900	ENSG00000132640.15	gene|regulatory|transcript	194
chr20	33178900	33179094	ENSG00000131050.11	gene|regulatory|transcript	194
chr20	64077841	64078035	ENSG00000171700.14	gene|regulatory|transcript	194
chr20	25052866	25053060	ENSG00000154930.15	gene|regulatory|transcript	194
chr20	44001702	44001896	ENSG00000124191.18	gene|regulatory|transcript	194
chr20	19887978	19888172	ENSG00000132669.14	gene|regulatory|transcript	194
chr20	62133095	62133289	ENSG00000149657.20	gene|regulatory|transcript	194
chr20	35695481	35695675	ENSG00000244005.13	gene|regulatory|transcript	194
chr20	38144765	38144959	ENSG00000198959.12	gene|regulatory|transcript	194
chr20	15489937	15490131	ENSG00000172264.19	gene|regulatory|transcript	194
chr20	49047297	49047491	ENSG00000124207.17	gene|regulatory|transcript	194
chr20	57698597	57698791	ENSG00000124225.16	gene|regulatory|transcript	194
chr20	49887002	49887196	ENSG00000197818.12	gene|regulatory|transcript	194
chr20	25504104	25504298	ENSG00000101004.16	gene|regulatory|transcript	194
chr20	38894779	38894973	ENSG00000101445.10	gene|regulatory|transcript	194
chr20	51693192	51693386	ENSG00000054793.14	gene|regulatory|transcript	194
chr20	63897637	63897831	ENSG00000101152.12|ENSG00000290226.1	gene|regulatory|transcript	194
chr20	49691897	49692091	ENSG00000158470.5	gene|regulatory|transcript	194
chr20	63685597	63685790	ENSG00000026036.23|ENSG00000258366.12	gene|regulatory|transcript	193
chr20	35819677	35819870	ENSG00000025293.17	gene|regulatory|transcript	193
chr20	33283306	33283499	ENSG00000125999.11	gene|regulatory|transcript	193
chr20	42757076	42757269	ENSG00000196090.14	gene|regulatory|transcript	193
chr20	381561	381754	ENSG00000101255.12	gene|regulatory|transcript	193
chr20	17637188	17637381	ENSG00000125844.17	gene|regulatory|transcript	193
chr20	1226408	1226601	ENSG00000244588.6	gene|regulatory|transcript	193
chr20	51758375	51758568	ENSG00000054793.14	gene|regulatory|transcript	193
chr20	62138290	62138483	ENSG00000101182.15	gene|regulatory|transcript	193
chr20	38862816	38863009	ENSG00000101445.10	gene|regulatory|transcript	193
chr20	59608402	59608595	ENSG00000087495.17	gene|regulatory|transcript	193
chr20	57659349	57659542	ENSG00000124225.16	gene|regulatory|transcript	193
chr20	25298554	25298747	ENSG00000100997.20	gene|regulatory|transcript	193
chr20	57682492	57682685	ENSG00000124225.16	gene|regulatory|transcript	193
chr20	34585941	34586134	ENSG00000101464.11	gene|regulatory|transcript	193
chr20	15596598	15596791	ENSG00000172264.19	gene|regulatory|transcript	193
chr20	63469048	63469241	ENSG00000075043.21	gene|regulatory|transcript	193
chr20	58871956	58872149	ENSG00000087460.29|ENSG00000225806.8	gene|regulatory|transcript	193
chr20	14710096	14710289	ENSG00000172264.19	gene|regulatory|transcript	193
chr20	32462276	32462469	ENSG00000197183.15	gene|regulatory|transcript	193
chr20	25043601	25043794	ENSG00000154930.15	gene|regulatory|transcript	193
chr20	25037665	25037858	ENSG00000154930.15	gene|regulatory|transcript	193
chr20	42094143	42094336	ENSG00000196090.14	gene|regulatory|transcript	193
chr20	24479677	24479870	ENSG00000101463.6	gene|regulatory|transcript	193
chr20	42996167	42996360	ENSG00000196090.14	gene|regulatory|transcript	193
chr20	36481011	36481204	ENSG00000080845.19	gene|regulatory|transcript	193
chr20	64067109	64067302	ENSG00000171703.17	gene|regulatory|transcript	193
chr20	41140546	41140739	ENSG00000124181.15	gene|regulatory|transcript	193
chr20	8131781	8131974	ENSG00000182621.19	gene|regulatory|transcript	193
chr20	18713011	18713204	ENSG00000125821.13|ENSG00000284776.1	gene|regulatory|transcript	193
chr20	41143870	41144063	ENSG00000124181.15	gene|regulatory|transcript	193
chr20	38969658	38969851	ENSG00000101452.15	gene|regulatory|transcript	193
chr20	52973675	52973868	ENSG00000182463.17	gene|regulatory|transcript	193
chr20	33846321	33846514	ENSG00000101421.4	gene|regulatory|transcript	193
chr20	33841191	33841384	ENSG00000101421.4	gene|regulatory|transcript	193
chr20	63365339	63365532	ENSG00000101204.18|ENSG00000203900.2	gene|regulatory|transcript	193
chr20	62474042	62474235	ENSG00000130700.7	gene|regulatory|transcript	193
chr20	52172458	52172650	ENSG00000020256.20	gene|regulatory|transcript	192
chr20	19370162	19370354	ENSG00000185052.13	gene|regulatory|transcript	192
chr20	20222467	20222659	ENSG00000089101.19	gene|regulatory|transcript	192
chr20	652301	652493	ENSG00000270299.1|ENSG00000271303.2	gene|regulatory|transcript	192
chr20	63885631	63885823	ENSG00000101150.18|ENSG00000290226.1	gene|regulatory|transcript	192
chr20	20199902	20200094	ENSG00000089101.19	gene|regulatory|transcript	192
chr20	62710194	62710386	ENSG00000101188.5	gene|regulatory|transcript	192
chr20	33041469	33041661	ENSG00000167104.11	gene|regulatory|transcript	192
chr20	57407014	57407206	ENSG00000132819.17	gene|regulatory|transcript	192
chr20	24640531	24640723	ENSG00000101463.6	gene|regulatory|transcript	192
chr20	54057058	54057250	ENSG00000064787.14	gene|regulatory|transcript	192
chr20	13141957	13142149	ENSG00000172296.13	gene|regulatory|transcript	192
chr20	51703517	51703709	ENSG00000054793.14	gene|regulatory|transcript	192
chr20	49691042	49691234	ENSG00000158470.5	gene|regulatory|transcript	192
chr20	34537097	34537289	ENSG00000125971.18|ENSG00000289720.1	gene|regulatory|transcript	192
chr20	16027445	16027637	ENSG00000172264.19	gene|regulatory|transcript	192
chr20	20358535	20358727	ENSG00000089101.19	gene|regulatory|transcript	192
chr20	16381501	16381693	ENSG00000089177.20	gene|regulatory|transcript	192
chr20	47321513	47321705	ENSG00000101040.20	gene|regulatory|transcript	192
chr20	36820240	36820432	ENSG00000149639.15	gene|regulatory|transcript	192
chr20	34567129	34567321	ENSG00000101464.11	gene|regulatory|transcript	192
chr20	44915246	44915438	ENSG00000101104.13	gene|regulatory|transcript	192
chr20	15492115	15492307	ENSG00000172264.19	gene|regulatory|transcript	192
chr20	45409036	45409228	ENSG00000244274.9|ENSG00000254806.5	gene|regulatory|transcript	192
chr20	45408096	45408288	ENSG00000244274.9|ENSG00000254806.5	gene|regulatory|transcript	192
chr20	57658006	57658198	ENSG00000124225.16	gene|regulatory|transcript	192
chr20	10556038	10556230	ENSG00000149346.15	gene|regulatory|transcript	192
chr20	38623166	38623358	ENSG00000124143.11|ENSG00000289012.1	gene|regulatory|transcript	192
chr20	59729437	59729629	ENSG00000087495.17	gene|regulatory|transcript	192
chr20	37714996	37715188	ENSG00000132792.21	gene|regulatory|transcript	192
chr20	44587368	44587560	ENSG00000168734.14|ENSG00000196839.14	gene|regulatory|transcript	192
chr20	63977414	63977606	ENSG00000130590.14	gene|regulatory|transcript	192
chr20	20593414	20593606	ENSG00000188559.16	gene|regulatory|transcript	192
chr20	50138197	50138389	ENSG00000124208.16|ENSG00000240849.11	gene|regulatory|transcript	192
chr20	50594360	50594552	ENSG00000042062.13	gene|regulatory|transcript	192
chr20	36434998	36435190	ENSG00000080845.19	gene|regulatory|transcript	192
chr20	44145099	44145291	ENSG00000149596.7	gene|regulatory|transcript	192
chr20	37867297	37867488	ENSG00000132792.21	gene|regulatory|transcript	191
chr20	6034555	6034746	ENSG00000088766.12|ENSG00000286235.1	gene|regulatory|transcript	191
chr20	3763712	3763903	ENSG00000101220.18	gene|regulatory|transcript	191
chr20	20489687	20489878	ENSG00000188559.16	gene|regulatory|transcript	191
chr20	61982680	61982871	ENSG00000130699.20	gene|regulatory|transcript	191
chr20	5911691	5911882	ENSG00000089199.10	gene|regulatory|transcript	191
chr20	61385145	61385336	ENSG00000179242.16	gene|regulatory|transcript	191
chr20	5946670	5946861	ENSG00000089195.15	gene|regulatory|transcript	191
chr20	47783264	47783455	ENSG00000196562.16	gene|regulatory|transcript	191
chr20	53260362	53260553	ENSG00000182463.17|ENSG00000271774.1	gene|regulatory|transcript	191
chr20	4172207	4172398	ENSG00000088826.18	gene|regulatory|transcript	191
chr20	50852167	50852358	ENSG00000124243.19	gene|regulatory|transcript	191
chr20	2507521	2507712	ENSG00000088876.13|ENSG00000256566.1	gene|regulatory|transcript	191
chr20	57694072	57694263	ENSG00000124225.16	gene|regulatory|transcript	191
chr20	2130179	2130370	ENSG00000125834.13	gene|regulatory|transcript	191
chr20	38726247	38726438	ENSG00000101438.4	gene|regulatory|transcript	191
chr20	20462659	20462850	ENSG00000188559.16	gene|regulatory|transcript	191
chr20	38646567	38646758	ENSG00000124143.11	gene|regulatory|transcript	191
chr20	47785086	47785277	ENSG00000196562.16	gene|regulatory|transcript	191
chr20	17538889	17539080	ENSG00000125864.14	gene|regulatory|transcript	191
chr20	42534160	42534351	ENSG00000196090.14	gene|regulatory|transcript	191
chr20	63804327	63804518	ENSG00000130584.12	gene|regulatory|transcript	191
chr20	62796918	62797109	ENSG00000101189.7	gene|regulatory|transcript	191
chr20	5098853	5099044	ENSG00000089063.15	gene|regulatory|transcript	191
chr20	45340801	45340992	ENSG00000124145.6	gene|regulatory|transcript	191
chr20	41407654	41407845	ENSG00000124177.16	gene|regulatory|transcript	191
chr20	58867294	58867485	ENSG00000087460.29|ENSG00000225806.8	gene|regulatory|transcript	191
chr20	10656119	10656310	ENSG00000101384.12	gene|regulatory|transcript	191
chr20	61466054	61466245	ENSG00000179242.16	gene|regulatory|transcript	191
chr20	51631767	51631958	ENSG00000054793.14	gene|regulatory|transcript	191
chr20	17643664	17643855	ENSG00000125844.17	gene|regulatory|transcript	191
chr20	33291988	33292179	ENSG00000125999.11	gene|regulatory|transcript	191
chr20	35855039	35855230	ENSG00000025293.17	gene|regulatory|transcript	191
chr20	35837988	35838179	ENSG00000025293.17	gene|regulatory|transcript	191
chr20	32999661	32999852	ENSG00000167098.12	gene|regulatory|transcript	191
chr20	56433879	56434070	ENSG00000087589.17	gene|regulatory|transcript	191
chr20	25540587	25540778	ENSG00000101004.16	gene|regulatory|transcript	191
chr20	38871222	38871413	ENSG00000101445.10	gene|regulatory|transcript	191
chr20	63591830	63592021	ENSG00000101216.11	gene|regulatory|transcript	191
chr20	8017976	8018167	ENSG00000125827.9	gene|regulatory|transcript	191
chr20	53340699	53340890	ENSG00000182463.17|ENSG00000271774.1	gene|regulatory|transcript	191
chr20	33709664	33709855	ENSG00000101417.12	gene|regulatory|transcript	191
chr20	63709164	63709355	ENSG00000197114.12|ENSG00000273154.3	gene|regulatory|transcript	191
chr20	31935485	31935676	ENSG00000131044.19	gene|regulatory|transcript	191
chr20	47711323	47711514	ENSG00000196562.16	gene|regulatory|transcript	191
chr20	45686056	45686247	ENSG00000182931.10	gene|regulatory|transcript	191
chr20	31859749	31859940	ENSG00000149599.16	gene|regulatory|transcript	191
chr20	63352353	63352544	ENSG00000101204.18	gene|regulatory|transcript	191
chr20	32678995	32679186	ENSG00000285382.1	gene|regulatory|transcript	191
chr20	32665398	32665589	ENSG00000198547.10|ENSG00000285382.1	gene|regulatory|transcript	191
chr20	50865756	50865946	ENSG00000124243.19	gene|regulatory|transcript	190
chr20	15611891	15612081	ENSG00000172264.19	gene|regulatory|transcript	190
chr20	31718183	31718373	ENSG00000171552.14	gene|regulatory|transcript	190
chr20	38001524	38001714	ENSG00000101407.13	gene|regulatory|transcript	190
chr20	45812815	45813005	ENSG00000175063.17	gene|regulatory|transcript	190
chr20	63789593	63789783	ENSG00000130584.12	gene|regulatory|transcript	190
chr20	38002437	38002627	ENSG00000101407.13	gene|regulatory|transcript	190
chr20	46273791	46273981	ENSG00000149654.11	gene|regulatory|transcript	190
chr20	17700425	17700615	ENSG00000125888.15	gene|regulatory|transcript	190
chr20	62424757	62424947	ENSG00000130701.4	gene|regulatory|transcript	190
chr20	44809984	44810174	ENSG00000101098.13	gene|regulatory|transcript	190
chr20	59124030	59124220	ENSG00000124203.7	gene|regulatory|transcript	190
chr20	15440975	15441165	ENSG00000172264.19	gene|regulatory|transcript	190
chr20	57191056	57191246	ENSG00000101144.13	gene|regulatory|transcript	190
chr20	36179653	36179843	ENSG00000088367.23	gene|regulatory|transcript	190
chr20	34065441	34065631	ENSG00000125970.12	gene|regulatory|transcript	190
chr20	10663772	10663962	ENSG00000101384.12	gene|regulatory|transcript	190
chr20	51500920	51501110	ENSG00000101096.20	gene|regulatory|transcript	190
chr20	47346235	47346425	ENSG00000101040.20	gene|regulatory|transcript	190
chr20	36500006	36500196	ENSG00000080845.19	gene|regulatory|transcript	190
chr20	45406811	45407001	ENSG00000124251.11|ENSG00000244274.9|ENSG00000254806.5	gene|regulatory|transcript	190
chr20	62921356	62921546	ENSG00000101191.17	gene|regulatory|transcript	190
chr20	36856649	36856839	ENSG00000149639.15	gene|regulatory|transcript	190
chr20	15934470	15934660	ENSG00000172264.19|ENSG00000286546.1	gene|regulatory|transcript	190
chr20	45338428	45338618	ENSG00000124145.6	gene|regulatory|transcript	190
chr20	43146868	43147058	ENSG00000196090.14	gene|regulatory|transcript	190
chr20	62350393	62350583	ENSG00000130702.15	gene|regulatory|transcript	190
chr20	32580829	32581019	ENSG00000197183.15	gene|regulatory|transcript	190
chr20	17647974	17648164	ENSG00000125844.17	gene|regulatory|transcript	190
chr20	41440960	41441150	ENSG00000124177.16	gene|regulatory|transcript	190
chr20	3646175	3646364	ENSG00000088812.18	gene|regulatory|transcript	189
chr20	41426153	41426342	ENSG00000124177.16	gene|regulatory|transcript	189
chr20	35695273	35695462	ENSG00000244005.13	gene|regulatory|transcript	189
chr20	45052791	45052980	ENSG00000101109.13	gene|regulatory|transcript	189
chr20	34676099	34676288	ENSG00000101464.11	gene|regulatory|transcript	189
chr20	47540589	47540778	ENSG00000124151.19	gene|regulatory|transcript	189
chr20	37989591	37989780	ENSG00000101407.13	gene|regulatory|transcript	189
chr20	64189660	64189849	ENSG00000196132.14	gene|regulatory|transcript	189
chr20	2756357	2756546	ENSG00000088881.22	gene|regulatory|transcript	189
chr20	54014345	54014534	ENSG00000064787.14	gene|regulatory|transcript	189
chr20	46089136	46089325	ENSG00000124160.12	gene|regulatory|transcript	189
chr20	19777389	19777578	ENSG00000132669.14	gene|regulatory|transcript	189
chr20	49844148	49844337	ENSG00000197818.12	gene|regulatory|transcript	189
chr20	21512826	21513015	ENSG00000125820.6	gene|regulatory|transcript	189
chr20	34029671	34029860	ENSG00000125970.12	gene|regulatory|transcript	189
chr20	33007887	33008076	ENSG00000078898.7	gene|regulatory|transcript	189
chr20	32545385	32545574	ENSG00000197183.15	gene|regulatory|transcript	189
chr20	62336986	62337175	ENSG00000130702.15	gene|regulatory|transcript	189
chr20	35316142	35316331	ENSG00000101019.22	gene|regulatory|transcript	189
chr20	20317293	20317482	ENSG00000089101.19	gene|regulatory|transcript	189
chr20	47760766	47760955	ENSG00000196562.16	gene|regulatory|transcript	189
chr20	62931596	62931785	ENSG00000101191.17	gene|regulatory|transcript	189
chr20	3318400	3318589	ENSG00000088854.13	gene|regulatory|transcript	189
chr20	44774039	44774228	ENSG00000101098.13	gene|regulatory|transcript	189
chr20	36169809	36169998	ENSG00000088367.23	gene|regulatory|transcript	189
chr20	32541506	32541695	ENSG00000197183.15	gene|regulatory|transcript	189
chr20	9228868	9229057	ENSG00000101333.19	gene|regulatory|transcript	189
chr20	10557721	10557910	ENSG00000149346.15	gene|regulatory|transcript	189
chr20	49054858	49055047	ENSG00000124207.17	gene|regulatory|transcript	189
chr20	59604072	59604261	ENSG00000087495.17	gene|regulatory|transcript	189
chr20	31869374	31869563	ENSG00000149599.16	gene|regulatory|transcript	189
chr20	61379154	61379343	ENSG00000179242.16	gene|regulatory|transcript	189
chr20	5796847	5797036	ENSG00000171984.15	gene|regulatory|transcript	189
chr20	31679126	31679315	ENSG00000171552.14	gene|regulatory|transcript	189
chr20	63456385	63456574	ENSG00000075043.21	gene|regulatory|transcript	189
chr20	8562482	8562671	ENSG00000182621.19	gene|regulatory|transcript	189
chr20	63488425	63488614	ENSG00000101210.14	gene|regulatory|transcript	189
chr20	37905112	37905301	ENSG00000132821.12	gene|regulatory|transcript	189
chr20	43949759	43949948	ENSG00000124191.18	gene|regulatory|transcript	189
chr20	19319874	19320063	ENSG00000185052.13	gene|regulatory|transcript	189
chr20	36835655	36835844	ENSG00000149639.15	gene|regulatory|transcript	189
chr20	17568015	17568204	ENSG00000125864.14	gene|regulatory|transcript	189
chr20	44310571	44310759	ENSG00000197296.6	gene|regulatory|transcript	188
chr20	62901119	62901307	ENSG00000101191.17	gene|regulatory|transcript	188
chr20	62063064	62063252	ENSG00000130699.20	gene|regulatory|transcript	188
chr20	17732655	17732843	ENSG00000125888.15	gene|regulatory|transcript	188
chr20	62818092	62818280	ENSG00000092758.18	gene|regulatory|transcript	188
chr20	47328936	47329124	ENSG00000101040.20	gene|regulatory|transcript	188
chr20	57395451	57395639	ENSG00000132819.17	gene|regulatory|transcript	188
chr20	35144790	35144978	ENSG00000088298.13	gene|regulatory|transcript	188
chr20	45016624	45016812	ENSG00000101109.13	gene|regulatory|transcript	188
chr20	18058688	18058876	ENSG00000125850.11	gene|regulatory|transcript	188
chr20	8667280	8667468	ENSG00000182621.19	gene|regulatory|transcript	188
chr20	2798537	2798725	ENSG00000088882.8	gene|regulatory|transcript	188
chr20	31720818	31721006	ENSG00000171552.14	gene|regulatory|transcript	188
chr20	3662839	3663027	ENSG00000125861.16	gene|regulatory|transcript	188
chr20	17595873	17596061	ENSG00000125868.16	gene|regulatory|transcript	188
chr20	10656458	10656646	ENSG00000101384.12	gene|regulatory|transcript	188
chr20	19977133	19977321	ENSG00000132669.14	gene|regulatory|transcript	188
chr20	46119389	46119577	ENSG00000101017.15	gene|regulatory|transcript	188
chr20	34960534	34960722	ENSG00000078814.19	gene|regulatory|transcript	188
chr20	32780465	32780653	ENSG00000088305.19	gene|regulatory|transcript	188
chr20	2837965	2838153	ENSG00000132635.17	gene|regulatory|transcript	188
chr20	21239223	21239411	ENSG00000088970.16	gene|regulatory|transcript	188
chr20	59789769	59789957	ENSG00000087495.17	gene|regulatory|transcript	188
chr20	58699401	58699589	ENSG00000215440.12|ENSG00000254995.4	gene|regulatory|transcript	188
chr20	34249334	34249522	ENSG00000101440.10|ENSG00000250917.1	gene|regulatory|transcript	188
chr20	38726469	38726657	ENSG00000101438.4	gene|regulatory|transcript	188
chr20	10466913	10467101	ENSG00000149346.15	gene|regulatory|transcript	188
chr20	25350753	25350941	ENSG00000100997.20	gene|regulatory|transcript	188
chr20	42276903	42277091	ENSG00000196090.14	gene|regulatory|transcript	188
chr20	61739560	61739748	ENSG00000179242.16|ENSG00000225106.1	gene|regulatory|transcript	188
chr20	57702192	57702380	ENSG00000124225.16	gene|regulatory|transcript	188
chr20	45470710	45470898	ENSG00000101443.18	gene|regulatory|transcript	188
chr20	61742594	61742782	ENSG00000179242.16|ENSG00000225106.1	gene|regulatory|transcript	188
chr20	31551688	31551876	ENSG00000101294.19	gene|regulatory|transcript	188
chr20	41261378	41261566	ENSG00000174306.22	gene|regulatory|transcript	188
chr20	45114281	45114469	ENSG00000175121.12	gene|regulatory|transcript	188
chr20	62361525	62361713	ENSG00000130702.15	gene|regulatory|transcript	188
chr20	10619246	10619434	ENSG00000149346.15	gene|regulatory|transcript	188
chr20	25221001	25221189	ENSG00000197586.13	gene|regulatory|transcript	188
chr20	4876831	4877019	ENSG00000089057.15	gene|regulatory|transcript	188
chr20	32742287	32742475	ENSG00000149600.12|ENSG00000285382.1	gene|regulatory|transcript	188
chr20	51641906	51642093	ENSG00000054793.14	gene|regulatory|transcript	187
chr20	49659072	49659259	ENSG00000158470.5	gene|regulatory|transcript	187
chr20	59149984	59150171	ENSG00000124203.7	gene|regulatory|transcript	187
chr20	62820173	62820360	ENSG00000092758.18	gene|regulatory|transcript	187
chr20	17635145	17635332	ENSG00000125844.17	gene|regulatory|transcript	187
chr20	14449858	14450045	ENSG00000172264.19	gene|regulatory|transcript	187
chr20	57405588	57405775	ENSG00000132819.17	gene|regulatory|transcript	187
chr20	16445554	16445741	ENSG00000089177.20	gene|regulatory|transcript	187
chr20	18412328	18412515	ENSG00000089091.17	gene|regulatory|transcript	187
chr20	34949241	34949428	ENSG00000100983.12	gene|regulatory|transcript	187
chr20	47726728	47726915	ENSG00000196562.16	gene|regulatory|transcript	187
chr20	61414781	61414968	ENSG00000179242.16	gene|regulatory|transcript	187
chr20	50641728	50641915	ENSG00000042062.13	gene|regulatory|transcript	187
chr20	43571863	43572050	ENSG00000101049.18	gene|regulatory|transcript	187
chr20	34926689	34926876	ENSG00000131069.20	gene|regulatory|transcript	187
chr20	36366744	36366931	ENSG00000080845.19	gene|regulatory|transcript	187
chr20	21304326	21304513	ENSG00000088930.8	gene|regulatory|transcript	187
chr20	19991678	19991865	ENSG00000132669.14	gene|regulatory|transcript	187
chr20	63968849	63969036	ENSG00000196700.9	gene|regulatory|transcript	187
chr20	62420600	62420787	ENSG00000130701.4	gene|regulatory|transcript	187
chr20	20457956	20458143	ENSG00000188559.16	gene|regulatory|transcript	187
chr20	5980892	5981079	ENSG00000125885.13|ENSG00000286235.1	gene|regulatory|transcript	187
chr20	49400062	49400249	ENSG00000158445.10|ENSG00000290421.1	gene|regulatory|transcript	187
chr20	51428908	51429095	ENSG00000101096.20	gene|regulatory|transcript	187
chr20	38160622	38160809	ENSG00000198959.12	gene|regulatory|transcript	187
chr20	34747522	34747709	ENSG00000198646.14|ENSG00000286803.1	gene|regulatory|transcript	187
chr20	48686758	48686945	ENSG00000124126.14	gene|regulatory|transcript	187
chr20	57696578	57696765	ENSG00000124225.16	gene|regulatory|transcript	187
chr20	45452351	45452538	ENSG00000124155.19	gene|regulatory|transcript	187
chr20	25274404	25274591	ENSG00000100994.12	gene|regulatory|transcript	187
chr20	63741559	63741746	ENSG00000125520.14	gene|regulatory|transcript	187
chr20	63606808	63606995	ENSG00000101216.11	gene|regulatory|transcript	187
chr20	2151921	2152108	ENSG00000125834.13	gene|regulatory|transcript	187
chr20	31554033	31554220	ENSG00000101294.19	gene|regulatory|transcript	187
chr20	48667959	48668146	ENSG00000124126.14	gene|regulatory|transcript	187
chr20	56637124	56637311	ENSG00000087510.7	gene|regulatory|transcript	187
chr20	53162710	53162897	ENSG00000182463.17	gene|regulatory|transcript	187
chr20	20038669	20038856	ENSG00000101343.15	gene|regulatory|transcript	187
chr20	36578492	36578679	ENSG00000118707.11|ENSG00000259399.1	gene|regulatory|transcript	187
chr20	16547552	16547739	ENSG00000089177.20	gene|regulatory|transcript	187
chr20	11912432	11912619	ENSG00000132640.15|ENSG00000236526.1	gene|regulatory|transcript	187
chr20	834424	834611	ENSG00000125898.13	gene|regulatory|transcript	187
chr20	23435103	23435290	ENSG00000125823.13	gene|regulatory|transcript	187
chr20	35880190	35880376	ENSG00000025293.17	gene|regulatory|transcript	186
chr20	37295781	37295967	ENSG00000101363.13	gene|regulatory|transcript	186
chr20	609419	609605	ENSG00000125878.7	gene|regulatory|transcript	186
chr20	63809360	63809546	ENSG00000130584.12|ENSG00000231208.4	gene|regulatory|transcript	186
chr20	14559763	14559949	ENSG00000172264.19|ENSG00000227927.2	gene|regulatory|transcript	186
chr20	1267289	1267475	ENSG00000101298.15|ENSG00000244588.6	gene|regulatory|transcript	186
chr20	37290909	37291095	ENSG00000101363.13	gene|regulatory|transcript	186
chr20	62826257	62826443	ENSG00000092758.18	gene|regulatory|transcript	186
chr20	58883533	58883719	ENSG00000087460.29|ENSG00000225806.8	gene|regulatory|transcript	186
chr20	19823202	19823388	ENSG00000132669.14	gene|regulatory|transcript	186
chr20	5150164	5150350	ENSG00000101290.14	gene|regulatory|transcript	186
chr20	36598623	36598809	ENSG00000259399.1	gene|regulatory|transcript	186
chr20	18678628	18678814	ENSG00000125821.13|ENSG00000233993.1|ENSG00000284776.1	gene|regulatory|transcript	186
chr20	59783786	59783972	ENSG00000087495.17	gene|regulatory|transcript	186
chr20	18531111	18531297	ENSG00000101310.17	gene|regulatory|transcript	186
chr20	20671737	20671923	ENSG00000188559.16	gene|regulatory|transcript	186
chr20	15794607	15794793	ENSG00000172264.19	gene|regulatory|transcript	186
chr20	20393592	20393778	ENSG00000188559.16	gene|regulatory|transcript	186
chr20	62818884	62819070	ENSG00000092758.18	gene|regulatory|transcript	186
chr20	5000443	5000629	ENSG00000089057.15	gene|regulatory|transcript	186
chr20	43591387	43591573	ENSG00000101052.13	gene|regulatory|transcript	186
chr20	35279747	35279933	ENSG00000242372.9|ENSG00000261582.1	gene|regulatory|transcript	186
chr20	19423249	19423435	ENSG00000185052.13	gene|regulatory|transcript	186
chr20	37252298	37252484	ENSG00000118702.11	gene|regulatory|transcript	186
chr20	21353325	21353511	ENSG00000088930.8	gene|regulatory|transcript	186
chr20	57394140	57394326	ENSG00000132819.17	gene|regulatory|transcript	186
chr20	54160123	54160309	ENSG00000019186.10	gene|regulatory|transcript	186
chr20	14948019	14948205	ENSG00000172264.19	gene|regulatory|transcript	186
chr20	34559453	34559639	ENSG00000101460.13	gene|regulatory|transcript	186
chr20	58692206	58692392	ENSG00000215440.12|ENSG00000254995.4	gene|regulatory|transcript	186
chr20	53157566	53157752	ENSG00000182463.17	gene|regulatory|transcript	186
chr20	37726550	37726736	ENSG00000132792.21	gene|regulatory|transcript	186
chr20	15759949	15760135	ENSG00000172264.19	gene|regulatory|transcript	186
chr20	14830950	14831136	ENSG00000172264.19	gene|regulatory|transcript	186
chr20	32142279	32142465	ENSG00000101337.16	gene|regulatory|transcript	186
chr20	44208236	44208422	ENSG00000132823.11	gene|regulatory|transcript	186
chr20	44809783	44809969	ENSG00000101098.13	gene|regulatory|transcript	186
chr20	47773505	47773691	ENSG00000196562.16	gene|regulatory|transcript	186
chr20	36546215	36546401	ENSG00000101335.10|ENSG00000232907.9	gene|regulatory|transcript	186
chr20	46682375	46682561	ENSG00000158296.14	gene|regulatory|transcript	186
chr20	17646620	17646806	ENSG00000125844.17	gene|regulatory|transcript	186
chr20	51424684	51424870	ENSG00000101096.20	gene|regulatory|transcript	186
chr20	19775883	19776069	ENSG00000132669.14	gene|regulatory|transcript	186
chr20	25019060	25019246	ENSG00000154930.15	gene|regulatory|transcript	186
chr20	43958993	43959179	ENSG00000124191.18	gene|regulatory|transcript	186
chr20	17970764	17970950	ENSG00000125850.11|ENSG00000125871.14	gene|regulatory|transcript	186
chr20	5794256	5794442	ENSG00000171984.15	gene|regulatory|transcript	186
chr20	53216878	53217064	ENSG00000182463.17	gene|regulatory|transcript	186
chr20	46688142	46688328	ENSG00000172315.6	gene|regulatory|transcript	186
chr20	62838497	62838683	ENSG00000092758.18	gene|regulatory|transcript	186
chr20	61635946	61636132	ENSG00000179242.16	gene|regulatory|transcript	186
chr20	63659504	63659689	ENSG00000026036.23|ENSG00000258366.12	gene|regulatory|transcript	185
chr20	61311003	61311188	ENSG00000179242.16	gene|regulatory|transcript	185
chr20	8128326	8128511	ENSG00000182621.19	gene|regulatory|transcript	185
chr20	53333925	53334110	ENSG00000182463.17|ENSG00000271774.1	gene|regulatory|transcript	185
chr20	32560907	32561092	ENSG00000197183.15	gene|regulatory|transcript	185
chr20	1296633	1296818	ENSG00000101298.15	gene|regulatory|transcript	185
chr20	38550358	38550543	ENSG00000170471.15	gene|regulatory|transcript	185
chr20	32505033	32505218	ENSG00000197183.15	gene|regulatory|transcript	185
chr20	14883464	14883649	ENSG00000172264.19	gene|regulatory|transcript	185
chr20	38109775	38109960	ENSG00000101413.12	gene|regulatory|transcript	185
chr20	18055325	18055510	ENSG00000125850.11	gene|regulatory|transcript	185
chr20	37385152	37385337	ENSG00000197122.13	gene|regulatory|transcript	185
chr20	33995435	33995620	ENSG00000125970.12	gene|regulatory|transcript	185
chr20	44644426	44644611	ENSG00000196839.14	gene|regulatory|transcript	185
chr20	49851070	49851255	ENSG00000197818.12	gene|regulatory|transcript	185
chr20	19285947	19286132	ENSG00000185052.13	gene|regulatory|transcript	185
chr20	8753544	8753729	ENSG00000182621.19	gene|regulatory|transcript	185
chr20	63900603	63900788	ENSG00000101152.12|ENSG00000290226.1	gene|regulatory|transcript	185
chr20	59696249	59696434	ENSG00000087495.17	gene|regulatory|transcript	185
chr20	42484835	42485020	ENSG00000196090.14	gene|regulatory|transcript	185
chr20	63698094	63698279	ENSG00000026036.23|ENSG00000243509.6	gene|regulatory|transcript	185
chr20	43915069	43915254	ENSG00000124191.18	gene|regulatory|transcript	185
chr20	34703914	34704099	ENSG00000198646.14	gene|regulatory|transcript	185
chr20	10236653	10236838	ENSG00000132639.15|ENSG00000227906.10	gene|regulatory|transcript	185
chr20	63691214	63691399	ENSG00000026036.23|ENSG00000258366.12	gene|regulatory|transcript	185
chr20	44552189	44552374	ENSG00000168734.14	gene|regulatory|transcript	185
chr20	36010951	36011136	ENSG00000149646.12	gene|regulatory|transcript	185
chr20	62358911	62359096	ENSG00000130702.15	gene|regulatory|transcript	185
chr20	47708574	47708759	ENSG00000196562.16	gene|regulatory|transcript	185
chr20	47753673	47753858	ENSG00000196562.16	gene|regulatory|transcript	185
chr20	37142802	37142987	ENSG00000101353.16	gene|regulatory|transcript	185
chr20	44581573	44581758	ENSG00000168734.14	gene|regulatory|transcript	185
chr20	36106565	36106750	ENSG00000088367.23	gene|regulatory|transcript	185
chr20	45778446	45778631	ENSG00000124116.19	gene|regulatory|transcript	185
chr20	45374011	45374196	ENSG00000124251.11|ENSG00000204070.10|ENSG00000254806.5	gene|regulatory|transcript	185
chr20	21240485	21240670	ENSG00000088970.16	gene|regulatory|transcript	185
chr20	62716484	62716669	ENSG00000101188.5	gene|regulatory|transcript	185
chr20	9458238	9458423	ENSG00000101333.19	gene|regulatory|transcript	185
chr20	35698004	35698189	ENSG00000244005.13	gene|regulatory|transcript	185
chr20	42649724	42649909	ENSG00000196090.14	gene|regulatory|transcript	185
chr20	18739472	18739657	ENSG00000125821.13|ENSG00000284776.1	gene|regulatory|transcript	185
chr20	10609384	10609569	ENSG00000149346.15	gene|regulatory|transcript	185
chr20	64071672	64071857	ENSG00000171703.17	gene|regulatory|transcript	185
chr20	44310790	44310975	ENSG00000197296.6	gene|regulatory|transcript	185
chr20	36845698	36845883	ENSG00000149639.15	gene|regulatory|transcript	185
chr20	25315142	25315327	ENSG00000100997.20	gene|regulatory|transcript	185
chr20	56384776	56384961	ENSG00000087586.18	gene|regulatory|transcript	185
chr20	516892	517077	ENSG00000101266.19	gene|regulatory|transcript	185
chr20	25254649	25254834	ENSG00000100994.12	gene|regulatory|transcript	185
chr20	62362591	62362776	ENSG00000130702.15	gene|regulatory|transcript	185
chr20	64227702	64227887	ENSG00000196132.14	gene|regulatory|transcript	185
chr20	25298012	25298197	ENSG00000100997.20	gene|regulatory|transcript	185
chr20	61406083	61406268	ENSG00000179242.16	gene|regulatory|transcript	185
chr20	63651374	63651559	ENSG00000197457.10	gene|regulatory|transcript	185
chr20	36436350	36436535	ENSG00000080845.19	gene|regulatory|transcript	185
chr20	17971108	17971293	ENSG00000125850.11|ENSG00000125871.14	gene|regulatory|transcript	185
chr20	14717239	14717424	ENSG00000172264.19	gene|regulatory|transcript	185
chr20	36546429	36546614	ENSG00000101335.10|ENSG00000232907.9	gene|regulatory|transcript	185
chr20	58330861	58331045	ENSG00000124209.4	gene|regulatory|transcript	184
chr20	35239935	35240119	ENSG00000125966.10|ENSG00000126005.17	gene|regulatory|transcript	184
chr20	58660978	58661162	ENSG00000124222.23|ENSG00000254995.4	gene|regulatory|transcript	184
chr20	41108612	41108796	ENSG00000198900.7|ENSG00000226648.2	gene|regulatory|transcript	184
chr20	43065493	43065677	ENSG00000196090.14	gene|regulatory|transcript	184
chr20	20436067	20436251	ENSG00000188559.16	gene|regulatory|transcript	184
chr20	51451018	51451202	ENSG00000101096.20	gene|regulatory|transcript	184
chr20	43007647	43007831	ENSG00000196090.14	gene|regulatory|transcript	184
chr20	17604349	17604533	ENSG00000125868.16	gene|regulatory|transcript	184
chr20	33567120	33567304	ENSG00000078699.22	gene|regulatory|transcript	184
chr20	50534546	50534730	ENSG00000196396.10	gene|regulatory|transcript	184
chr20	63682048	63682232	ENSG00000026036.23|ENSG00000258366.12	gene|regulatory|transcript	184
chr20	25540402	25540586	ENSG00000101004.16	gene|regulatory|transcript	184
chr20	20056153	20056337	ENSG00000089101.19	gene|regulatory|transcript	184
chr20	37345806	37345990	ENSG00000197122.13	gene|regulatory|transcript	184
chr20	25696463	25696647	ENSG00000130684.14	gene|regulatory|transcript	184
chr20	19770407	19770591	ENSG00000132669.14	gene|regulatory|transcript	184
chr20	8854366	8854550	ENSG00000182621.19	gene|regulatory|transcript	184
chr20	34978368	34978552	ENSG00000078814.19	gene|regulatory|transcript	184
chr20	47664189	47664373	ENSG00000196562.16	gene|regulatory|transcript	184
chr20	49411413	49411597	ENSG00000158445.10|ENSG00000290421.1	gene|regulatory|transcript	184
chr20	50535220	50535404	ENSG00000196396.10	gene|regulatory|transcript	184
chr20	62356480	62356664	ENSG00000130702.15	gene|regulatory|transcript	184
chr20	35908115	35908299	ENSG00000025293.17	gene|regulatory|transcript	184
chr20	51428165	51428349	ENSG00000101096.20	gene|regulatory|transcript	184
chr20	46121539	46121723	ENSG00000101017.15	gene|regulatory|transcript	184
chr20	59832035	59832219	ENSG00000087495.17	gene|regulatory|transcript	184
chr20	4917061	4917245	ENSG00000089057.15	gene|regulatory|transcript	184
chr20	9269452	9269636	ENSG00000101333.19	gene|regulatory|transcript	184
chr20	53589441	53589625	ENSG00000171940.14	gene|regulatory|transcript	184
chr20	63352876	63353060	ENSG00000101204.18	gene|regulatory|transcript	184
chr20	18702773	18702957	ENSG00000125821.13|ENSG00000284776.1	gene|regulatory|transcript	184
chr20	63624531	63624715	ENSG00000101216.11	gene|regulatory|transcript	184
chr20	37749666	37749850	ENSG00000132792.21	gene|regulatory|transcript	184
chr20	38617554	38617738	ENSG00000124143.11|ENSG00000289012.1	gene|regulatory|transcript	184
chr20	32511460	32511644	ENSG00000197183.15|ENSG00000277301.1	gene|regulatory|transcript	184
chr20	57195167	57195351	ENSG00000101144.13	gene|regulatory|transcript	184
chr20	61900334	61900518	ENSG00000179242.16	gene|regulatory|transcript	184
chr20	50672432	50672616	ENSG00000042062.13	gene|regulatory|transcript	184
chr20	25270822	25271006	ENSG00000100994.12	gene|regulatory|transcript	184
chr20	44803408	44803592	ENSG00000101098.13	gene|regulatory|transcript	184
chr20	32463328	32463512	ENSG00000197183.15	gene|regulatory|transcript	184
chr20	2115031	2115215	ENSG00000125834.13	gene|regulatory|transcript	184
chr20	8485313	8485497	ENSG00000182621.19	gene|regulatory|transcript	184
chr20	56630452	56630636	ENSG00000087510.7	gene|regulatory|transcript	184
chr20	1992399	1992583	ENSG00000101327.9|ENSG00000233896.2	gene|regulatory|transcript	184
chr20	61644737	61644921	ENSG00000179242.16	gene|regulatory|transcript	184
chr20	44356173	44356357	ENSG00000101076.20	gene|regulatory|transcript	184
chr20	44355903	44356086	ENSG00000101076.20	gene|regulatory|transcript	183
chr20	19232590	19232773	ENSG00000185052.13	gene|regulatory|transcript	183
chr20	18680708	18680891	ENSG00000125821.13|ENSG00000233993.1|ENSG00000284776.1	gene|regulatory|transcript	183
chr20	8393636	8393819	ENSG00000182621.19	gene|regulatory|transcript	183
chr20	4998385	4998568	ENSG00000089057.15	gene|regulatory|transcript	183
chr20	34516211	34516394	ENSG00000289720.1	gene|regulatory|transcript	183
chr20	51666855	51667038	ENSG00000054793.14	gene|regulatory|transcript	183
chr20	61931874	61932057	ENSG00000179242.16	gene|regulatory|transcript	183
chr20	63280909	63281092	ENSG00000101199.13	gene|regulatory|transcript	183
chr20	37345146	37345329	ENSG00000197122.13	gene|regulatory|transcript	183
chr20	41234308	41234491	ENSG00000174306.22	gene|regulatory|transcript	183
chr20	63682658	63682841	ENSG00000026036.23|ENSG00000258366.12	gene|regulatory|transcript	183
chr20	59958795	59958978	ENSG00000124215.17	gene|regulatory|transcript	183
chr20	21206725	21206908	ENSG00000088970.16|ENSG00000232712.6	gene|regulatory|transcript	183
chr20	3330061	3330244	ENSG00000088854.13	gene|regulatory|transcript	183
chr20	18673061	18673244	ENSG00000125821.13|ENSG00000284776.1	gene|regulatory|transcript	183
chr20	62648678	62648861	ENSG00000101187.16	gene|regulatory|transcript	183
chr20	50541334	50541517	ENSG00000196396.10	gene|regulatory|transcript	183
chr20	3045153	3045336	ENSG00000125787.11	gene|regulatory|transcript	183
chr20	46399128	46399311	ENSG00000062598.18	gene|regulatory|transcript	183
chr20	37116699	37116882	ENSG00000101353.16	gene|regulatory|transcript	183
chr20	14947721	14947904	ENSG00000172264.19	gene|regulatory|transcript	183
chr20	9502827	9503010	ENSG00000101333.19	gene|regulatory|transcript	183
chr20	41111321	41111504	ENSG00000198900.7|ENSG00000226648.2	gene|regulatory|transcript	183
chr20	9515269	9515452	ENSG00000125869.10	gene|regulatory|transcript	183
chr20	63654444	63654627	ENSG00000197457.10	gene|regulatory|transcript	183
chr20	53595120	53595303	ENSG00000171940.14	gene|regulatory|transcript	183
chr20	43513639	43513822	ENSG00000185513.18|ENSG00000288000.1	gene|regulatory|transcript	183
chr20	32561444	32561627	ENSG00000197183.15|ENSG00000233293.1	gene|regulatory|transcript	183
chr20	59165090	59165273	ENSG00000124203.7	gene|regulatory|transcript	183
chr20	59837731	59837914	ENSG00000087495.17	gene|regulatory|transcript	183
chr20	36585889	36586072	ENSG00000118707.11|ENSG00000259399.1	gene|regulatory|transcript	183
chr20	36584085	36584268	ENSG00000118707.11|ENSG00000259399.1	gene|regulatory|transcript	183
chr20	19991948	19992131	ENSG00000132669.14	gene|regulatory|transcript	183
chr20	10532448	10532631	ENSG00000149346.15	gene|regulatory|transcript	183
chr20	25057513	25057696	ENSG00000154930.15	gene|regulatory|transcript	183
chr20	16477475	16477658	ENSG00000089177.20	gene|regulatory|transcript	183
chr20	14288732	14288915	ENSG00000172264.19	gene|regulatory|transcript	183
chr20	47263198	47263381	ENSG00000101040.20	gene|regulatory|transcript	183
chr20	63245002	63245185	ENSG00000101198.15	gene|regulatory|transcript	183
chr20	31721027	31721209	ENSG00000171552.14	gene|regulatory|transcript	182
chr20	21343098	21343280	ENSG00000088930.8	gene|regulatory|transcript	182
chr20	50511489	50511671	ENSG00000196396.10	gene|regulatory|transcript	182
chr20	5136076	5136258	ENSG00000101290.14	gene|regulatory|transcript	182
chr20	17228377	17228559	ENSG00000125851.10	gene|regulatory|transcript	182
chr20	59987155	59987337	ENSG00000124215.17	gene|regulatory|transcript	182
chr20	15706006	15706188	ENSG00000172264.19	gene|regulatory|transcript	182
chr20	37220859	37221041	ENSG00000118705.18	gene|regulatory|transcript	182
chr20	2795416	2795598	ENSG00000088882.8	gene|regulatory|transcript	182
chr20	33014607	33014789	ENSG00000078898.7	gene|regulatory|transcript	182
chr20	57708925	57709107	ENSG00000124225.16	gene|regulatory|transcript	182
chr20	51715724	51715906	ENSG00000054793.14	gene|regulatory|transcript	182
chr20	45342869	45343051	ENSG00000124145.6	gene|regulatory|transcript	182
chr20	49483747	49483929	ENSG00000158445.10	gene|regulatory|transcript	182
chr20	33011117	33011299	ENSG00000078898.7	gene|regulatory|transcript	182
chr20	47331029	47331211	ENSG00000101040.20	gene|regulatory|transcript	182
chr20	25389694	25389876	ENSG00000100997.20	gene|regulatory|transcript	182
chr20	35636205	35636387	ENSG00000214078.13|ENSG00000272897.5	gene|regulatory|transcript	182
chr20	25546227	25546409	ENSG00000101004.16	gene|regulatory|transcript	182
chr20	37913929	37914111	ENSG00000132821.12	gene|regulatory|transcript	182
chr20	42980495	42980677	ENSG00000196090.14	gene|regulatory|transcript	182
chr20	14712719	14712901	ENSG00000172264.19	gene|regulatory|transcript	182
chr20	37757656	37757838	ENSG00000132792.21	gene|regulatory|transcript	182
chr20	34215999	34216181	ENSG00000101440.10	gene|regulatory|transcript	182
chr20	42894623	42894805	ENSG00000196090.14	gene|regulatory|transcript	182
chr20	49850871	49851053	ENSG00000197818.12	gene|regulatory|transcript	182
chr20	32111260	32111442	ENSG00000101337.16	gene|regulatory|transcript	182
chr20	24500595	24500777	ENSG00000101463.6|ENSG00000228539.1	gene|regulatory|transcript	182
chr20	15813168	15813350	ENSG00000172264.19	gene|regulatory|transcript	182
chr20	32527575	32527757	ENSG00000197183.15	gene|regulatory|transcript	182
chr20	50577311	50577493	ENSG00000196396.10|ENSG00000232043.1	gene|regulatory|transcript	182
chr20	10664953	10665135	ENSG00000101384.12	gene|regulatory|transcript	182
chr20	53221406	53221588	ENSG00000182463.17	gene|regulatory|transcript	182
chr20	57241203	57241385	ENSG00000101144.13	gene|regulatory|transcript	182
chr20	6116847	6117029	ENSG00000101311.17	gene|regulatory|transcript	182
chr20	43938079	43938261	ENSG00000124191.18	gene|regulatory|transcript	182
chr20	58669056	58669238	ENSG00000124222.23|ENSG00000254995.4	gene|regulatory|transcript	182
chr20	57675886	57676068	ENSG00000124225.16	gene|regulatory|transcript	182
chr20	57680017	57680199	ENSG00000124225.16	gene|regulatory|transcript	182
chr20	63668494	63668676	ENSG00000026036.23|ENSG00000258366.12	gene|regulatory|transcript	182
chr20	36017736	36017918	ENSG00000149646.12	gene|regulatory|transcript	182
chr20	51767565	51767747	ENSG00000054793.14	gene|regulatory|transcript	182
chr20	57653097	57653279	ENSG00000124225.16	gene|regulatory|transcript	182
chr20	45938798	45938980	ENSG00000100982.12	gene|regulatory|transcript	182
chr20	46089327	46089509	ENSG00000124160.12	gene|regulatory|transcript	182
chr20	25273115	25273297	ENSG00000100994.12	gene|regulatory|transcript	182
chr20	63495634	63495816	ENSG00000101210.14	gene|regulatory|transcript	182
chr20	41054504	41054686	ENSG00000198900.7	gene|regulatory|transcript	182
chr20	50518147	50518329	ENSG00000196396.10	gene|regulatory|transcript	182
chr20	9837989	9838171	ENSG00000101349.17|ENSG00000286470.1	gene|regulatory|transcript	182
chr20	49187933	49188115	ENSG00000124214.21	gene|regulatory|transcript	182
chr20	4967480	4967662	ENSG00000089057.15	gene|regulatory|transcript	182
chr20	10618744	10618926	ENSG00000149346.15	gene|regulatory|transcript	182
chr20	62363729	62363911	ENSG00000130702.15	gene|regulatory|transcript	182
chr20	10601549	10601730	ENSG00000149346.15	gene|regulatory|transcript	181
chr20	49400582	49400763	ENSG00000158445.10|ENSG00000290421.1	gene|regulatory|transcript	181
chr20	41511207	41511388	ENSG00000124177.16	gene|regulatory|transcript	181
chr20	32763614	32763795	ENSG00000088305.19	gene|regulatory|transcript	181
chr20	32727711	32727892	ENSG00000149600.12|ENSG00000285382.1	gene|regulatory|transcript	181
chr20	17562792	17562973	ENSG00000125864.14	gene|regulatory|transcript	181
chr20	38110811	38110992	ENSG00000101413.12	gene|regulatory|transcript	181
chr20	64157364	64157545	ENSG00000196132.14	gene|regulatory|transcript	181
chr20	10598911	10599092	ENSG00000149346.15	gene|regulatory|transcript	181
chr20	2477015	2477196	ENSG00000256566.1	gene|regulatory|transcript	181
chr20	44394044	44394225	ENSG00000101076.20|ENSG00000229005.2	gene|regulatory|transcript	181
chr20	35446800	35446981	ENSG00000125965.9	gene|regulatory|transcript	181
chr20	35369060	35369241	ENSG00000101019.22	gene|regulatory|transcript	181
chr20	3707237	3707418	ENSG00000088827.14	gene|regulatory|transcript	181
chr20	19452509	19452690	ENSG00000185052.13	gene|regulatory|transcript	181
chr20	53961988	53962169	ENSG00000064787.14	gene|regulatory|transcript	181
chr20	381834	382015	ENSG00000101255.12	gene|regulatory|transcript	181
chr20	34024216	34024397	ENSG00000125970.12	gene|regulatory|transcript	181
chr20	49115600	49115781	ENSG00000124214.21	gene|regulatory|transcript	181
chr20	58652648	58652829	ENSG00000124222.23|ENSG00000254995.4	gene|regulatory|transcript	181
chr20	36406417	36406598	ENSG00000080845.19	gene|regulatory|transcript	181
chr20	59243652	59243833	ENSG00000124203.7	gene|regulatory|transcript	181
chr20	62830958	62831139	ENSG00000092758.18	gene|regulatory|transcript	181
chr20	17969401	17969582	ENSG00000125850.11|ENSG00000125871.14	gene|regulatory|transcript	181
chr20	9332445	9332626	ENSG00000101333.19	gene|regulatory|transcript	181
chr20	38608286	38608467	ENSG00000124143.11|ENSG00000289012.1	gene|regulatory|transcript	181
chr20	32149452	32149633	ENSG00000101337.16	gene|regulatory|transcript	181
chr20	62935037	62935218	ENSG00000101191.17	gene|regulatory|transcript	181
chr20	53408521	53408702	ENSG00000182463.17|ENSG00000231703.2|ENSG00000271774.1	gene|regulatory|transcript	181
chr20	772236	772417	ENSG00000101276.18	gene|regulatory|transcript	181
chr20	55999860	56000041	ENSG00000054803.4	gene|regulatory|transcript	181
chr20	17957714	17957894	ENSG00000089006.17|ENSG00000125850.11	gene|regulatory|transcript	180
chr20	13248357	13248537	ENSG00000101230.6	gene|regulatory|transcript	180
chr20	45307139	45307319	ENSG00000124159.17|ENSG00000124232.11	gene|regulatory|transcript	180
chr20	8601756	8601936	ENSG00000182621.19	gene|regulatory|transcript	180
chr20	64086903	64087083	ENSG00000125510.18	gene|regulatory|transcript	180
chr20	49813166	49813346	ENSG00000197818.12	gene|regulatory|transcript	180
chr20	53462600	53462780	ENSG00000182463.17|ENSG00000259723.1|ENSG00000271774.1	gene|regulatory|transcript	180
chr20	61965416	61965596	ENSG00000130699.20	gene|regulatory|transcript	180
chr20	61840311	61840491	ENSG00000179242.16	gene|regulatory|transcript	180
chr20	63642706	63642886	ENSG00000197457.10	gene|regulatory|transcript	180
chr20	1897005	1897185	ENSG00000198053.12	gene|regulatory|transcript	180
chr20	25077024	25077204	ENSG00000100987.15	gene|regulatory|transcript	180
chr20	33394832	33395012	ENSG00000101391.21	gene|regulatory|transcript	180
chr20	49936992	49937172	ENSG00000124226.11	gene|regulatory|transcript	180
chr20	64163559	64163739	ENSG00000196132.14	gene|regulatory|transcript	180
chr20	8479874	8480054	ENSG00000182621.19	gene|regulatory|transcript	180
chr20	10565368	10565548	ENSG00000149346.15	gene|regulatory|transcript	180
chr20	2303707	2303887	ENSG00000125780.12|ENSG00000286022.1	gene|regulatory|transcript	180
chr20	37192353	37192533	ENSG00000118705.18	gene|regulatory|transcript	180
chr20	34791988	34792168	ENSG00000198646.14|ENSG00000286803.1	gene|regulatory|transcript	180
chr20	21235721	21235901	ENSG00000088970.16	gene|regulatory|transcript	180
chr20	21235471	21235651	ENSG00000088970.16	gene|regulatory|transcript	180
chr20	63612468	63612648	ENSG00000101216.11	gene|regulatory|transcript	180
chr20	25195871	25196051	ENSG00000197586.13	gene|regulatory|transcript	180
chr20	35055031	35055211	ENSG00000100991.12	gene|regulatory|transcript	180
chr20	382194	382374	ENSG00000101255.12	gene|regulatory|transcript	180
chr20	41456156	41456336	ENSG00000124177.16	gene|regulatory|transcript	180
chr20	62835518	62835698	ENSG00000092758.18	gene|regulatory|transcript	180
chr20	38816146	38816326	ENSG00000101445.10	gene|regulatory|transcript	180
chr20	19890499	19890679	ENSG00000132669.14	gene|regulatory|transcript	180
chr20	3406040	3406220	ENSG00000088854.13	gene|regulatory|transcript	180
chr20	3311782	3311962	ENSG00000088854.13	gene|regulatory|transcript	180
chr20	59771874	59772054	ENSG00000087495.17	gene|regulatory|transcript	180
chr20	53957848	53958028	ENSG00000064787.14	gene|regulatory|transcript	180
chr20	19807273	19807453	ENSG00000132669.14	gene|regulatory|transcript	180
chr20	62122971	62123151	ENSG00000149657.20	gene|regulatory|transcript	180
chr20	48987012	48987192	ENSG00000124198.10	gene|regulatory|transcript	180
chr20	58462098	58462278	ENSG00000198768.11	gene|regulatory|transcript	180
chr20	32466808	32466988	ENSG00000197183.15	gene|regulatory|transcript	180
chr20	47782488	47782668	ENSG00000196562.16	gene|regulatory|transcript	180
chr20	63443752	63443932	ENSG00000075043.21	gene|regulatory|transcript	180
chr20	31852827	31853007	ENSG00000149599.16	gene|regulatory|transcript	180
chr20	21141899	21142079	ENSG00000088970.16	gene|regulatory|transcript	180
chr20	63369834	63370014	ENSG00000101204.18|ENSG00000203900.2	gene|regulatory|transcript	180
chr20	48790270	48790450	ENSG00000124126.14	gene|regulatory|transcript	180
chr20	19466609	19466789	ENSG00000185052.13	gene|regulatory|transcript	180
chr20	17722318	17722498	ENSG00000125888.15	gene|regulatory|transcript	180
chr20	33518246	33518426	ENSG00000078699.22	gene|regulatory|transcript	180
chr20	33441860	33442040	ENSG00000101400.6	gene|regulatory|transcript	180
chr20	62646146	62646326	ENSG00000101187.16	gene|regulatory|transcript	180
chr20	50737459	50737639	ENSG00000124171.9	gene|regulatory|transcript	180
chr20	35478837	35479016	ENSG00000126001.17|ENSG00000230155.8	gene|regulatory|transcript	179
chr20	33624483	33624662	ENSG00000078699.22	gene|regulatory|transcript	179
chr20	15645391	15645570	ENSG00000172264.19	gene|regulatory|transcript	179
chr20	25696224	25696403	ENSG00000130684.14	gene|regulatory|transcript	179
chr20	42980015	42980194	ENSG00000196090.14	gene|regulatory|transcript	179
chr20	16314342	16314521	ENSG00000089177.20	gene|regulatory|transcript	179
chr20	45311659	45311838	ENSG00000124232.11	gene|regulatory|transcript	179
chr20	57397480	57397659	ENSG00000132819.17	gene|regulatory|transcript	179
chr20	50140896	50141075	ENSG00000124208.16|ENSG00000240849.11	gene|regulatory|transcript	179
chr20	13580717	13580896	ENSG00000089123.16	gene|regulatory|transcript	179
chr20	38108746	38108925	ENSG00000101413.12	gene|regulatory|transcript	179
chr20	3542313	3542492	ENSG00000088812.18	gene|regulatory|transcript	179
chr20	17678322	17678501	ENSG00000125844.17	gene|regulatory|transcript	179
chr20	13786286	13786465	ENSG00000101247.18	gene|regulatory|transcript	179
chr20	44137577	44137756	ENSG00000149596.7	gene|regulatory|transcript	179
chr20	19918449	19918628	ENSG00000132669.14	gene|regulatory|transcript	179
chr20	49411626	49411805	ENSG00000158445.10|ENSG00000290421.1	gene|regulatory|transcript	179
chr20	36017335	36017514	ENSG00000149646.12	gene|regulatory|transcript	179
chr20	15922580	15922759	ENSG00000172264.19|ENSG00000286546.1	gene|regulatory|transcript	179
chr20	37378620	37378799	ENSG00000197122.13	gene|regulatory|transcript	179
chr20	51689139	51689318	ENSG00000054793.14	gene|regulatory|transcript	179
chr20	48686200	48686379	ENSG00000124126.14	gene|regulatory|transcript	179
chr20	11916176	11916355	ENSG00000132640.15|ENSG00000236526.1	gene|regulatory|transcript	179
chr20	62160372	62160551	ENSG00000184402.15	gene|regulatory|transcript	179
chr20	63568074	63568253	ENSG00000130589.16	gene|regulatory|transcript	179
chr20	8094362	8094541	ENSG00000182621.19	gene|regulatory|transcript	179
chr20	49706925	49707104	ENSG00000158470.5	gene|regulatory|transcript	179
chr20	17557444	17557623	ENSG00000125864.14	gene|regulatory|transcript	179
chr20	8933664	8933843	ENSG00000182621.19	gene|regulatory|transcript	179
chr20	54068672	54068851	ENSG00000064787.14	gene|regulatory|transcript	179
chr20	14449228	14449407	ENSG00000172264.19	gene|regulatory|transcript	179
chr20	44014880	44015059	ENSG00000124191.18	gene|regulatory|transcript	179
chr20	64166076	64166255	ENSG00000196132.14	gene|regulatory|transcript	179
chr20	58310012	58310191	ENSG00000124209.4	gene|regulatory|transcript	179
chr20	47726917	47727096	ENSG00000196562.16	gene|regulatory|transcript	179
chr20	31849558	31849737	ENSG00000149599.16	gene|regulatory|transcript	179
chr20	15222916	15223095	ENSG00000172264.19	gene|regulatory|transcript	179
chr20	18030133	18030312	ENSG00000125850.11	gene|regulatory|transcript	179
chr20	62149349	62149528	ENSG00000184402.15	gene|regulatory|transcript	179
chr20	37259180	37259359	ENSG00000118702.11	gene|regulatory|transcript	179
chr20	57375173	57375352	ENSG00000101146.13	gene|regulatory|transcript	179
chr20	34302755	34302934	ENSG00000101444.13	gene|regulatory|transcript	179
chr20	48821311	48821490	ENSG00000124126.14	gene|regulatory|transcript	179
chr20	33995163	33995342	ENSG00000125970.12	gene|regulatory|transcript	179
chr20	43937715	43937893	ENSG00000124191.18	gene|regulatory|transcript	178
chr20	42577305	42577483	ENSG00000196090.14	gene|regulatory|transcript	178
chr20	17964426	17964604	ENSG00000089006.17|ENSG00000125850.11	gene|regulatory|transcript	178
chr20	19288603	19288781	ENSG00000185052.13	gene|regulatory|transcript	178
chr20	17625043	17625221	ENSG00000125844.17	gene|regulatory|transcript	178
chr20	47762861	47763039	ENSG00000196562.16	gene|regulatory|transcript	178
chr20	10582247	10582425	ENSG00000149346.15	gene|regulatory|transcript	178
chr20	43949442	43949620	ENSG00000124191.18	gene|regulatory|transcript	178
chr20	51697490	51697668	ENSG00000054793.14	gene|regulatory|transcript	178
chr20	47774514	47774692	ENSG00000196562.16	gene|regulatory|transcript	178
chr20	31969352	31969530	ENSG00000260903.3	gene|regulatory|transcript	178
chr20	35264187	35264365	ENSG00000125966.10|ENSG00000126005.17	gene|regulatory|transcript	178
chr20	49909993	49910171	ENSG00000158480.11	gene|regulatory|transcript	178
chr20	57212313	57212491	ENSG00000101144.13	gene|regulatory|transcript	178
chr20	62194688	62194866	ENSG00000101181.18	gene|regulatory|transcript	178
chr20	10672142	10672320	ENSG00000101384.12	gene|regulatory|transcript	178
chr20	47727987	47728165	ENSG00000196562.16	gene|regulatory|transcript	178
chr20	37363287	37363465	ENSG00000197122.13	gene|regulatory|transcript	178
chr20	62237165	62237343	ENSG00000130703.17	gene|regulatory|transcript	178
chr20	57251006	57251184	ENSG00000101144.13	gene|regulatory|transcript	178
chr20	17542638	17542816	ENSG00000125864.14	gene|regulatory|transcript	178
chr20	63895965	63896143	ENSG00000101152.12|ENSG00000290226.1	gene|regulatory|transcript	178
chr20	17649160	17649338	ENSG00000125844.17	gene|regulatory|transcript	178
chr20	2709642	2709820	ENSG00000088881.22	gene|regulatory|transcript	178
chr20	62677346	62677524	ENSG00000101187.16	gene|regulatory|transcript	178
chr20	13263148	13263326	ENSG00000101230.6	gene|regulatory|transcript	178
chr20	44969945	44970123	ENSG00000101109.13	gene|regulatory|transcript	178
chr20	53345551	53345729	ENSG00000182463.17|ENSG00000271774.1	gene|regulatory|transcript	178
chr20	37378969	37379147	ENSG00000197122.13	gene|regulatory|transcript	178
chr20	37351864	37352042	ENSG00000197122.13	gene|regulatory|transcript	178
chr20	32484645	32484823	ENSG00000197183.15	gene|regulatory|transcript	178
chr20	36170955	36171133	ENSG00000088367.23	gene|regulatory|transcript	178
chr20	4947063	4947241	ENSG00000089057.15	gene|regulatory|transcript	178
chr20	38893609	38893787	ENSG00000101445.10	gene|regulatory|transcript	178
chr20	53960234	53960412	ENSG00000064787.14	gene|regulatory|transcript	178
chr20	44548904	44549082	ENSG00000168734.14	gene|regulatory|transcript	178
chr20	50849382	50849560	ENSG00000124243.19	gene|regulatory|transcript	178
chr20	1633720	1633898	ENSG00000089012.14|ENSG00000237914.5	gene|regulatory|transcript	178
chr20	49219713	49219891	ENSG00000124228.15	gene|regulatory|transcript	178
chr20	16010523	16010701	ENSG00000172264.19	gene|regulatory|transcript	178
chr20	51018431	51018609	ENSG00000026559.14	gene|regulatory|transcript	178
chr20	43691111	43691289	ENSG00000101057.16	gene|regulatory|transcript	178
chr20	50739496	50739674	ENSG00000124171.9	gene|regulatory|transcript	178
chr20	25538843	25539021	ENSG00000101004.16	gene|regulatory|transcript	178
chr20	63252267	63252445	ENSG00000101198.15	gene|regulatory|transcript	178
chr20	8424172	8424350	ENSG00000182621.19	gene|regulatory|transcript	178
chr20	44411600	44411778	ENSG00000101076.20	gene|regulatory|transcript	178
chr20	34580091	34580268	ENSG00000101464.11	gene|regulatory|transcript	177
chr20	37520810	37520987	ENSG00000166619.15	gene|regulatory|transcript	177
chr20	62247404	62247581	ENSG00000130703.17	gene|regulatory|transcript	177
chr20	58341806	58341983	ENSG00000124209.4	gene|regulatory|transcript	177
chr20	45335001	45335178	ENSG00000124145.6	gene|regulatory|transcript	177
chr20	33528838	33529015	ENSG00000078699.22	gene|regulatory|transcript	177
chr20	61623538	61623715	ENSG00000179242.16	gene|regulatory|transcript	177
chr20	52975702	52975879	ENSG00000182463.17	gene|regulatory|transcript	177
chr20	36470130	36470307	ENSG00000080845.19	gene|regulatory|transcript	177
chr20	19807510	19807687	ENSG00000132669.14	gene|regulatory|transcript	177
chr20	57403947	57404124	ENSG00000132819.17	gene|regulatory|transcript	177
chr20	31861969	31862146	ENSG00000149599.16	gene|regulatory|transcript	177
chr20	50911917	50912094	ENSG00000101126.18	gene|regulatory|transcript	177
chr20	19827887	19828064	ENSG00000132669.14	gene|regulatory|transcript	177
chr20	36405444	36405621	ENSG00000080845.19	gene|regulatory|transcript	177
chr20	63978772	63978949	ENSG00000130590.14	gene|regulatory|transcript	177
chr20	63969603	63969780	ENSG00000196700.9	gene|regulatory|transcript	177
chr20	46651483	46651660	ENSG00000158296.14	gene|regulatory|transcript	177
chr20	31676965	31677142	ENSG00000171552.14	gene|regulatory|transcript	177
chr20	45470532	45470709	ENSG00000101443.18	gene|regulatory|transcript	177
chr20	33710359	33710536	ENSG00000101417.12	gene|regulatory|transcript	177
chr20	59305990	59306167	ENSG00000124205.18	gene|regulatory|transcript	177
chr20	42098233	42098410	ENSG00000196090.14	gene|regulatory|transcript	177
chr20	51631160	51631337	ENSG00000054793.14	gene|regulatory|transcript	177
chr20	45407914	45408091	ENSG00000244274.9|ENSG00000254806.5	gene|regulatory|transcript	177
chr20	58434154	58434331	ENSG00000124164.16	gene|regulatory|transcript	177
chr20	10591374	10591551	ENSG00000149346.15	gene|regulatory|transcript	177
chr20	8157817	8157994	ENSG00000182621.19	gene|regulatory|transcript	177
chr20	14952160	14952337	ENSG00000172264.19	gene|regulatory|transcript	177
chr20	47252314	47252491	ENSG00000101040.20	gene|regulatory|transcript	177
chr20	63293731	63293908	ENSG00000101203.17	gene|regulatory|transcript	177
chr20	41444935	41445112	ENSG00000124177.16	gene|regulatory|transcript	177
chr20	20579280	20579457	ENSG00000188559.16	gene|regulatory|transcript	177
chr20	5171521	5171698	ENSG00000101290.14	gene|regulatory|transcript	177
chr20	63326353	63326530	ENSG00000101203.17	gene|regulatory|transcript	177
chr20	36719658	36719835	ENSG00000101079.21	gene|regulatory|transcript	177
chr20	41510346	41510523	ENSG00000124177.16	gene|regulatory|transcript	177
chr20	36805106	36805283	ENSG00000149639.15	gene|regulatory|transcript	177
chr20	16533683	16533860	ENSG00000089177.20	gene|regulatory|transcript	177
chr20	8396076	8396253	ENSG00000182621.19	gene|regulatory|transcript	177
chr20	32695193	32695370	ENSG00000285382.1	gene|regulatory|transcript	177
chr20	41222729	41222906	ENSG00000174306.22	gene|regulatory|transcript	177
chr20	2135110	2135287	ENSG00000125834.13	gene|regulatory|transcript	177
chr20	53595524	53595701	ENSG00000171940.14	gene|regulatory|transcript	177
chr20	36132838	36133015	ENSG00000088367.23	gene|regulatory|transcript	177
chr20	34987914	34988091	ENSG00000078814.19	gene|regulatory|transcript	177
chr20	53608511	53608688	ENSG00000171940.14|ENSG00000235415.1	gene|regulatory|transcript	177
chr20	44146374	44146551	ENSG00000149596.7	gene|regulatory|transcript	177
chr20	13090085	13090262	ENSG00000172296.13	gene|regulatory|transcript	177
chr20	16351195	16351372	ENSG00000089177.20	gene|regulatory|transcript	177
chr20	44399430	44399607	ENSG00000101076.20	gene|regulatory|transcript	177
chr20	50626470	50626647	ENSG00000042062.13	gene|regulatory|transcript	177
chr20	4228041	4228218	ENSG00000171873.8	gene|regulatory|transcript	177
chr20	20075011	20075188	ENSG00000089101.19	gene|regulatory|transcript	177
chr20	3765897	3766074	ENSG00000101220.18	gene|regulatory|transcript	177
chr20	63626274	63626451	ENSG00000101216.11	gene|regulatory|transcript	177
chr20	2658837	2659014	ENSG00000101365.21	gene|regulatory|transcript	177
chr20	8133011	8133187	ENSG00000182621.19	gene|regulatory|transcript	176
chr20	13515864	13516040	ENSG00000089123.16	gene|regulatory|transcript	176
chr20	63309143	63309319	ENSG00000101203.17	gene|regulatory|transcript	176
chr20	5118866	5119042	ENSG00000132646.11	gene|regulatory|transcript	176
chr20	32205476	32205652	ENSG00000126003.7	gene|regulatory|transcript	176
chr20	33732158	33732334	ENSG00000131061.15	gene|regulatory|transcript	176
chr20	5589826	5590002	ENSG00000125772.14	gene|regulatory|transcript	176
chr20	63652766	63652942	ENSG00000197457.10	gene|regulatory|transcript	176
chr20	50914492	50914668	ENSG00000101126.18	gene|regulatory|transcript	176
chr20	607262	607438	ENSG00000125878.7	gene|regulatory|transcript	176
chr20	22583226	22583402	ENSG00000125798.15	gene|regulatory|transcript	176
chr20	10635615	10635791	ENSG00000149346.15	gene|regulatory|transcript	176
chr20	23408138	23408314	ENSG00000125814.17	gene|regulatory|transcript	176
chr20	44207319	44207495	ENSG00000132823.11	gene|regulatory|transcript	176
chr20	37983732	37983908	ENSG00000101407.13	gene|regulatory|transcript	176
chr20	47715930	47716106	ENSG00000196562.16	gene|regulatory|transcript	176
chr20	57197874	57198050	ENSG00000101144.13	gene|regulatory|transcript	176
chr20	41233814	41233990	ENSG00000174306.22	gene|regulatory|transcript	176
chr20	53003920	53004096	ENSG00000182463.17	gene|regulatory|transcript	176
chr20	62642621	62642797	ENSG00000101187.16|ENSG00000167046.4	gene|regulatory|transcript	176
chr20	38748853	38749029	ENSG00000101442.10	gene|regulatory|transcript	176
chr20	61930915	61931091	ENSG00000179242.16	gene|regulatory|transcript	176
chr20	53409283	53409459	ENSG00000182463.17|ENSG00000231703.2|ENSG00000271774.1	gene|regulatory|transcript	176
chr20	32206784	32206960	ENSG00000126003.7	gene|regulatory|transcript	176
chr20	63296983	63297159	ENSG00000101203.17	gene|regulatory|transcript	176
chr20	36887603	36887779	ENSG00000101342.10	gene|regulatory|transcript	176
chr20	48670387	48670563	ENSG00000124126.14	gene|regulatory|transcript	176
chr20	32018766	32018942	ENSG00000101331.17|ENSG00000226239.2	gene|regulatory|transcript	176
chr20	51799394	51799570	ENSG00000101115.13	gene|regulatory|transcript	176
chr20	37307885	37308061	ENSG00000101363.13	gene|regulatory|transcript	176
chr20	34988358	34988534	ENSG00000078814.19	gene|regulatory|transcript	176
chr20	18651450	18651626	ENSG00000125821.13|ENSG00000284776.1	gene|regulatory|transcript	176
chr20	2706848	2707024	ENSG00000088881.22	gene|regulatory|transcript	176
chr20	47601754	47601930	ENSG00000124151.19	gene|regulatory|transcript	176
chr20	57704736	57704912	ENSG00000124225.16	gene|regulatory|transcript	176
chr20	53444197	53444373	ENSG00000182463.17|ENSG00000271774.1	gene|regulatory|transcript	176
chr20	64255945	64256121	ENSG00000203880.13	gene|regulatory|transcript	176
chr20	2391149	2391325	ENSG00000166948.10	gene|regulatory|transcript	176
chr20	16527147	16527323	ENSG00000089177.20	gene|regulatory|transcript	176
chr20	57689786	57689962	ENSG00000124225.16	gene|regulatory|transcript	176
chr20	24970946	24971122	ENSG00000101474.12	gene|regulatory|transcript	176
chr20	20547311	20547487	ENSG00000188559.16	gene|regulatory|transcript	176
chr20	58901676	58901851	ENSG00000087460.29	gene|regulatory|transcript	175
chr20	62307110	62307285	ENSG00000130706.13	gene|regulatory|transcript	175
chr20	19531596	19531771	ENSG00000185052.13	gene|regulatory|transcript	175
chr20	46935087	46935262	ENSG00000064655.19	gene|regulatory|transcript	175
chr20	59241300	59241475	ENSG00000124203.7	gene|regulatory|transcript	175
chr20	57502118	57502293	ENSG00000124092.13	gene|regulatory|transcript	175
chr20	18738308	18738483	ENSG00000125821.13|ENSG00000284776.1	gene|regulatory|transcript	175
chr20	45060365	45060540	ENSG00000101109.13	gene|regulatory|transcript	175
chr20	873285	873460	ENSG00000101280.8	gene|regulatory|transcript	175
chr20	61762439	61762614	ENSG00000179242.16	gene|regulatory|transcript	175
chr20	32524449	32524624	ENSG00000197183.15	gene|regulatory|transcript	175
chr20	3204125	3204300	ENSG00000198171.13	gene|regulatory|transcript	175
chr20	25623673	25623848	ENSG00000170191.5	gene|regulatory|transcript	175
chr20	50611204	50611379	ENSG00000042062.13	gene|regulatory|transcript	175
chr20	64023743	64023918	ENSG00000101161.8	gene|regulatory|transcript	175
chr20	17631684	17631859	ENSG00000125844.17	gene|regulatory|transcript	175
chr20	50537943	50538118	ENSG00000196396.10	gene|regulatory|transcript	175
chr20	36493883	36494058	ENSG00000080845.19	gene|regulatory|transcript	175
chr20	59241760	59241935	ENSG00000124203.7	gene|regulatory|transcript	175
chr20	62647707	62647882	ENSG00000101187.16	gene|regulatory|transcript	175
chr20	51475282	51475457	ENSG00000101096.20	gene|regulatory|transcript	175
chr20	34446998	34447173	ENSG00000078747.17|ENSG00000289720.1	gene|regulatory|transcript	175
chr20	47765384	47765559	ENSG00000196562.16	gene|regulatory|transcript	175
chr20	25204053	25204228	ENSG00000197586.13	gene|regulatory|transcript	175
chr20	33009245	33009420	ENSG00000078898.7	gene|regulatory|transcript	175
chr20	33432143	33432318	ENSG00000101400.6	gene|regulatory|transcript	175
chr20	51400224	51400399	ENSG00000101096.20	gene|regulatory|transcript	175
chr20	18749993	18750168	ENSG00000125821.13	gene|regulatory|transcript	175
chr20	63885447	63885622	ENSG00000101150.18|ENSG00000290226.1	gene|regulatory|transcript	175
chr20	36116051	36116226	ENSG00000088367.23	gene|regulatory|transcript	175
chr20	53230388	53230563	ENSG00000182463.17	gene|regulatory|transcript	175
chr20	18394078	18394253	ENSG00000089091.17	gene|regulatory|transcript	175
chr20	4917369	4917544	ENSG00000089057.15	gene|regulatory|transcript	175
chr20	45824834	45825009	ENSG00000101470.10	gene|regulatory|transcript	175
chr20	50514930	50515104	ENSG00000196396.10	gene|regulatory|transcript	174
chr20	10537919	10538093	ENSG00000149346.15	gene|regulatory|transcript	174
chr20	17966747	17966921	ENSG00000089006.17|ENSG00000125850.11	gene|regulatory|transcript	174
chr20	51447648	51447822	ENSG00000101096.20	gene|regulatory|transcript	174
chr20	25260079	25260253	ENSG00000100994.12	gene|regulatory|transcript	174
chr20	64191147	64191321	ENSG00000196132.14	gene|regulatory|transcript	174
chr20	32539025	32539199	ENSG00000197183.15	gene|regulatory|transcript	174
chr20	49133283	49133457	ENSG00000124214.21	gene|regulatory|transcript	174
chr20	10538861	10539035	ENSG00000149346.15	gene|regulatory|transcript	174
chr20	17579741	17579915	ENSG00000125868.16	gene|regulatory|transcript	174
chr20	37384467	37384641	ENSG00000197122.13	gene|regulatory|transcript	174
chr20	57688008	57688182	ENSG00000124225.16	gene|regulatory|transcript	174
chr20	10268455	10268629	ENSG00000132639.15|ENSG00000227906.10	gene|regulatory|transcript	174
chr20	32991547	32991721	ENSG00000167098.12	gene|regulatory|transcript	174
chr20	63535593	63535767	ENSG00000101213.7	gene|regulatory|transcript	174
chr20	36729056	36729230	ENSG00000101079.21	gene|regulatory|transcript	174
chr20	62955992	62956166	ENSG00000101194.18	gene|regulatory|transcript	174
chr20	51496921	51497095	ENSG00000101096.20	gene|regulatory|transcript	174
chr20	62351344	62351518	ENSG00000130702.15	gene|regulatory|transcript	174
chr20	64058734	64058908	ENSG00000171703.17	gene|regulatory|transcript	174
chr20	5950101	5950275	ENSG00000089195.15	gene|regulatory|transcript	174
chr20	59747583	59747757	ENSG00000087495.17	gene|regulatory|transcript	174
chr20	14919095	14919269	ENSG00000172264.19|ENSG00000235914.2	gene|regulatory|transcript	174
chr20	4172583	4172757	ENSG00000088826.18	gene|regulatory|transcript	174
chr20	36656857	36657031	ENSG00000101079.21	gene|regulatory|transcript	174
chr20	53596414	53596588	ENSG00000171940.14	gene|regulatory|transcript	174
chr20	62356897	62357071	ENSG00000130702.15	gene|regulatory|transcript	174
chr20	63904585	63904759	ENSG00000101152.12|ENSG00000290226.1	gene|regulatory|transcript	174
chr20	43944930	43945104	ENSG00000124191.18	gene|regulatory|transcript	174
chr20	64185380	64185554	ENSG00000196132.14	gene|regulatory|transcript	174
chr20	7911741	7911915	ENSG00000101323.5	gene|regulatory|transcript	174
chr20	53384136	53384310	ENSG00000182463.17|ENSG00000271774.1	gene|regulatory|transcript	174
chr20	46563239	46563413	ENSG00000158296.14	gene|regulatory|transcript	174
chr20	46401388	46401562	ENSG00000062598.18	gene|regulatory|transcript	174
chr20	43006018	43006192	ENSG00000196090.14	gene|regulatory|transcript	174
chr20	44971315	44971489	ENSG00000101109.13	gene|regulatory|transcript	174
chr20	62925430	62925604	ENSG00000101191.17	gene|regulatory|transcript	174
chr20	673141	673315	ENSG00000215397.4|ENSG00000270299.1	gene|regulatory|transcript	174
chr20	37906085	37906259	ENSG00000132821.12	gene|regulatory|transcript	174
chr20	37864688	37864862	ENSG00000132792.21	gene|regulatory|transcript	174
chr20	56003696	56003870	ENSG00000054803.4	gene|regulatory|transcript	174
chr20	64227477	64227651	ENSG00000196132.14	gene|regulatory|transcript	174
chr20	34042433	34042606	ENSG00000125970.12	gene|regulatory|transcript	173
chr20	15289384	15289557	ENSG00000172264.19	gene|regulatory|transcript	173
chr20	61860728	61860901	ENSG00000179242.16	gene|regulatory|transcript	173
chr20	19714434	19714607	ENSG00000185052.13	gene|regulatory|transcript	173
chr20	18021049	18021222	ENSG00000125850.11	gene|regulatory|transcript	173
chr20	51406677	51406850	ENSG00000101096.20	gene|regulatory|transcript	173
chr20	25053535	25053708	ENSG00000154930.15	gene|regulatory|transcript	173
chr20	36548800	36548973	ENSG00000101335.10|ENSG00000232907.9	gene|regulatory|transcript	173
chr20	19699224	19699397	ENSG00000185052.13	gene|regulatory|transcript	173
chr20	36463919	36464092	ENSG00000080845.19	gene|regulatory|transcript	173
chr20	35497447	35497620	ENSG00000126001.17	gene|regulatory|transcript	173
chr20	49868229	49868402	ENSG00000197818.12	gene|regulatory|transcript	173
chr20	18567683	18567856	ENSG00000232388.5|ENSG00000284776.1	gene|regulatory|transcript	173
chr20	61254014	61254187	ENSG00000179242.16	gene|regulatory|transcript	173
chr20	62048798	62048971	ENSG00000130699.20	gene|regulatory|transcript	173
chr20	4817519	4817692	ENSG00000101265.16	gene|regulatory|transcript	173
chr20	64164070	64164243	ENSG00000196132.14	gene|regulatory|transcript	173
chr20	5811243	5811416	ENSG00000171984.15	gene|regulatory|transcript	173
chr20	3890074	3890247	ENSG00000125779.24	gene|regulatory|transcript	173
chr20	64161013	64161186	ENSG00000196132.14	gene|regulatory|transcript	173
chr20	36169572	36169745	ENSG00000088367.23	gene|regulatory|transcript	173
chr20	34242737	34242910	ENSG00000101440.10|ENSG00000250917.1	gene|regulatory|transcript	173
chr20	56429442	56429615	ENSG00000087589.17	gene|regulatory|transcript	173
chr20	62198945	62199118	ENSG00000101181.18	gene|regulatory|transcript	173
chr20	58470986	58471159	ENSG00000198768.11	gene|regulatory|transcript	173
chr20	37227007	37227180	ENSG00000118705.18	gene|regulatory|transcript	173
chr20	35117352	35117525	ENSG00000088298.13	gene|regulatory|transcript	173
chr20	38152594	38152767	ENSG00000198959.12	gene|regulatory|transcript	173
chr20	37232391	37232564	ENSG00000118705.18	gene|regulatory|transcript	173
chr20	1266080	1266253	ENSG00000244588.6	gene|regulatory|transcript	173
chr20	63681637	63681810	ENSG00000026036.23|ENSG00000258366.12	gene|regulatory|transcript	173
chr20	41439826	41439999	ENSG00000124177.16	gene|regulatory|transcript	173
chr20	13626742	13626915	ENSG00000089123.16	gene|regulatory|transcript	173
chr20	62899704	62899877	ENSG00000101191.17	gene|regulatory|transcript	173
chr20	62897983	62898156	ENSG00000101191.17	gene|regulatory|transcript	173
chr20	34705184	34705357	ENSG00000078804.13|ENSG00000198646.14	gene|regulatory|transcript	173
chr20	63315689	63315862	ENSG00000101203.17	gene|regulatory|transcript	173
chr20	47574688	47574861	ENSG00000124151.19	gene|regulatory|transcript	173
chr20	3795388	3795561	ENSG00000101224.18	gene|regulatory|transcript	173
chr20	59020791	59020964	ENSG00000101162.4	gene|regulatory|transcript	173
chr20	35776232	35776405	ENSG00000025293.17	gene|regulatory|transcript	173
chr20	3593128	3593301	ENSG00000088812.18	gene|regulatory|transcript	173
chr20	15027257	15027430	ENSG00000172264.19	gene|regulatory|transcript	173
chr20	53594299	53594472	ENSG00000171940.14	gene|regulatory|transcript	173
chr20	47676320	47676493	ENSG00000196562.16	gene|regulatory|transcript	173
chr20	50152144	50152317	ENSG00000124208.16|ENSG00000240849.11	gene|regulatory|transcript	173
chr20	19457069	19457242	ENSG00000185052.13	gene|regulatory|transcript	173
chr20	4005293	4005466	ENSG00000101236.17	gene|regulatory|transcript	173
chr20	41592898	41593071	ENSG00000124177.16	gene|regulatory|transcript	173
chr20	59032046	59032219	ENSG00000124172.10	gene|regulatory|transcript	173
chr20	36516207	36516379	ENSG00000080845.19|ENSG00000232907.9	gene|regulatory|transcript	172
chr20	49854067	49854239	ENSG00000197818.12	gene|regulatory|transcript	172
chr20	63895696	63895868	ENSG00000101152.12|ENSG00000290226.1	gene|regulatory|transcript	172
chr20	54611737	54611909	ENSG00000101134.12	gene|regulatory|transcript	172
chr20	3897246	3897418	ENSG00000125779.24	gene|regulatory|transcript	172
chr20	42092591	42092763	ENSG00000196090.14	gene|regulatory|transcript	172
chr20	32110061	32110233	ENSG00000101337.16	gene|regulatory|transcript	172
chr20	19275670	19275842	ENSG00000179447.2|ENSG00000185052.13	gene|regulatory|transcript	172
chr20	51619072	51619244	ENSG00000054793.14	gene|regulatory|transcript	172
chr20	5764821	5764993	ENSG00000171984.15	gene|regulatory|transcript	172
chr20	14984883	14985055	ENSG00000172264.19	gene|regulatory|transcript	172
chr20	62143035	62143207	ENSG00000101182.15	gene|regulatory|transcript	172
chr20	25078113	25078285	ENSG00000100987.15	gene|regulatory|transcript	172
chr20	20205580	20205752	ENSG00000089101.19	gene|regulatory|transcript	172
chr20	36524036	36524208	ENSG00000080845.19|ENSG00000232907.9	gene|regulatory|transcript	172
chr20	9689557	9689729	ENSG00000101349.17	gene|regulatory|transcript	172
chr20	8273491	8273663	ENSG00000182621.19	gene|regulatory|transcript	172
chr20	33035672	33035844	ENSG00000167104.11	gene|regulatory|transcript	172
chr20	13544673	13544845	ENSG00000089123.16	gene|regulatory|transcript	172
chr20	43990854	43991026	ENSG00000124191.18	gene|regulatory|transcript	172
chr20	49187342	49187514	ENSG00000124214.21	gene|regulatory|transcript	172
chr20	51767090	51767262	ENSG00000054793.14	gene|regulatory|transcript	172
chr20	32891619	32891791	ENSG00000215529.13	gene|regulatory|transcript	172
chr20	25311545	25311717	ENSG00000100997.20	gene|regulatory|transcript	172
chr20	63313353	63313525	ENSG00000101203.17	gene|regulatory|transcript	172
chr20	42906766	42906938	ENSG00000196090.14	gene|regulatory|transcript	172
chr20	4224429	4224601	ENSG00000171873.8	gene|regulatory|transcript	172
chr20	46974517	46974689	ENSG00000064655.19	gene|regulatory|transcript	172
chr20	31712107	31712279	ENSG00000171552.14|ENSG00000236559.1	gene|regulatory|transcript	172
chr20	2799433	2799605	ENSG00000088882.8	gene|regulatory|transcript	172
chr20	45859251	45859423	ENSG00000132801.7	gene|regulatory|transcript	172
chr20	62033054	62033226	ENSG00000130699.20	gene|regulatory|transcript	172
chr20	5316167	5316339	ENSG00000101292.8	gene|regulatory|transcript	172
chr20	25338035	25338207	ENSG00000100997.20	gene|regulatory|transcript	172
chr20	13413106	13413278	ENSG00000089123.16	gene|regulatory|transcript	172
chr20	57697639	57697811	ENSG00000124225.16	gene|regulatory|transcript	172
chr20	15005244	15005416	ENSG00000172264.19	gene|regulatory|transcript	172
chr20	25682924	25683096	ENSG00000130684.14|ENSG00000213742.8	gene|regulatory|transcript	172
chr20	53148882	53149054	ENSG00000182463.17	gene|regulatory|transcript	172
chr20	62142139	62142311	ENSG00000101182.15	gene|regulatory|transcript	172
chr20	57398876	57399048	ENSG00000132819.17	gene|regulatory|transcript	172
chr20	18544303	18544475	ENSG00000101310.17	gene|regulatory|transcript	172
chr20	19808108	19808280	ENSG00000132669.14	gene|regulatory|transcript	172
chr20	3235717	3235889	ENSG00000088836.14	gene|regulatory|transcript	172
chr20	2314825	2314997	ENSG00000125780.12|ENSG00000286022.1	gene|regulatory|transcript	172
chr20	9574583	9574755	ENSG00000101349.17	gene|regulatory|transcript	172
chr20	19969140	19969311	ENSG00000132669.14	gene|regulatory|transcript	171
chr20	50518663	50518834	ENSG00000196396.10	gene|regulatory|transcript	171
chr20	36460627	36460798	ENSG00000080845.19	gene|regulatory|transcript	171
chr20	20143340	20143511	ENSG00000089101.19	gene|regulatory|transcript	171
chr20	49938264	49938435	ENSG00000124226.11	gene|regulatory|transcript	171
chr20	18058134	18058305	ENSG00000125850.11	gene|regulatory|transcript	171
chr20	9574050	9574221	ENSG00000101349.17	gene|regulatory|transcript	171
chr20	34111752	34111923	ENSG00000125977.7	gene|regulatory|transcript	171
chr20	48681047	48681218	ENSG00000124126.14	gene|regulatory|transcript	171
chr20	53032395	53032566	ENSG00000182463.17	gene|regulatory|transcript	171
chr20	49814687	49814858	ENSG00000197818.12	gene|regulatory|transcript	171
chr20	834841	835012	ENSG00000125898.13	gene|regulatory|transcript	171
chr20	25685824	25685995	ENSG00000130684.14|ENSG00000213742.8	gene|regulatory|transcript	171
chr20	46562847	46563018	ENSG00000158296.14	gene|regulatory|transcript	171
chr20	13516264	13516435	ENSG00000089123.16	gene|regulatory|transcript	171
chr20	50801655	50801826	ENSG00000124243.19	gene|regulatory|transcript	171
chr20	61743152	61743323	ENSG00000179242.16|ENSG00000225106.1	gene|regulatory|transcript	171
chr20	34516992	34517163	ENSG00000125971.18|ENSG00000289720.1	gene|regulatory|transcript	171
chr20	24992020	24992191	ENSG00000101474.12	gene|regulatory|transcript	171
chr20	5000681	5000852	ENSG00000089057.15	gene|regulatory|transcript	171
chr20	36497645	36497816	ENSG00000080845.19	gene|regulatory|transcript	171
chr20	62133991	62134162	ENSG00000149657.20	gene|regulatory|transcript	171
chr20	61308288	61308459	ENSG00000179242.16	gene|regulatory|transcript	171
chr20	17733155	17733326	ENSG00000125888.15	gene|regulatory|transcript	171
chr20	51416940	51417111	ENSG00000101096.20	gene|regulatory|transcript	171
chr20	58481860	58482031	ENSG00000198768.11	gene|regulatory|transcript	171
chr20	13085752	13085923	ENSG00000172296.13	gene|regulatory|transcript	171
chr20	33070491	33070662	ENSG00000186190.8	gene|regulatory|transcript	171
chr20	51798199	51798370	ENSG00000101115.13	gene|regulatory|transcript	171
chr20	3283259	3283430	ENSG00000088854.13	gene|regulatory|transcript	171
chr20	62266446	62266617	ENSG00000130703.17	gene|regulatory|transcript	171
chr20	44978571	44978742	ENSG00000101109.13	gene|regulatory|transcript	171
chr20	9172594	9172765	ENSG00000101333.19	gene|regulatory|transcript	171
chr20	35700489	35700660	ENSG00000125995.16	gene|regulatory|transcript	171
chr20	50928462	50928633	ENSG00000101126.18	gene|regulatory|transcript	171
chr20	44548300	44548471	ENSG00000168734.14	gene|regulatory|transcript	171
chr20	17558084	17558255	ENSG00000125864.14	gene|regulatory|transcript	171
chr20	59724670	59724841	ENSG00000087495.17	gene|regulatory|transcript	171
chr20	48627615	48627786	ENSG00000124126.14	gene|regulatory|transcript	171
chr20	18144927	18145098	ENSG00000149474.15	gene|regulatory|transcript	171
chr20	36256933	36257104	ENSG00000131043.13	gene|regulatory|transcript	171
chr20	36157705	36157876	ENSG00000088367.23	gene|regulatory|transcript	171
chr20	50799243	50799414	ENSG00000124243.19	gene|regulatory|transcript	171
chr20	8754893	8755064	ENSG00000182621.19	gene|regulatory|transcript	171
chr20	58352631	58352802	ENSG00000124209.4	gene|regulatory|transcript	171
chr20	35792009	35792180	ENSG00000025293.17	gene|regulatory|transcript	171
chr20	38160344	38160515	ENSG00000198959.12	gene|regulatory|transcript	171
chr20	16735347	16735518	ENSG00000125870.11	gene|regulatory|transcript	171
chr20	46031935	46032106	ENSG00000124140.15	gene|regulatory|transcript	171
chr20	32571721	32571891	ENSG00000197183.15|ENSG00000233293.1	gene|regulatory|transcript	170
chr20	47322234	47322404	ENSG00000101040.20	gene|regulatory|transcript	170
chr20	14062854	14063024	ENSG00000172264.19	gene|regulatory|transcript	170
chr20	62953594	62953764	ENSG00000101194.18	gene|regulatory|transcript	170
chr20	47509422	47509592	ENSG00000124151.19	gene|regulatory|transcript	170
chr20	4937680	4937850	ENSG00000089057.15	gene|regulatory|transcript	170
chr20	37904350	37904520	ENSG00000132821.12	gene|regulatory|transcript	170
chr20	50582521	50582691	ENSG00000196396.10	gene|regulatory|transcript	170
chr20	25052689	25052859	ENSG00000154930.15	gene|regulatory|transcript	170
chr20	42567482	42567652	ENSG00000196090.14	gene|regulatory|transcript	170
chr20	18142037	18142207	ENSG00000149474.15|ENSG00000232838.4	gene|regulatory|transcript	170
chr20	57707828	57707998	ENSG00000124225.16	gene|regulatory|transcript	170
chr20	51622189	51622359	ENSG00000054793.14	gene|regulatory|transcript	170
chr20	33666410	33666580	ENSG00000125967.17	gene|regulatory|transcript	170
chr20	38860853	38861023	ENSG00000101445.10	gene|regulatory|transcript	170
chr20	2470853	2471023	ENSG00000256566.1	gene|regulatory|transcript	170
chr20	356359	356529	ENSG00000125841.13	gene|regulatory|transcript	170
chr20	63901298	63901468	ENSG00000101152.12|ENSG00000290226.1	gene|regulatory|transcript	170
chr20	24609889	24610059	ENSG00000101463.6	gene|regulatory|transcript	170
chr20	17679828	17679998	ENSG00000125844.17	gene|regulatory|transcript	170
chr20	44643661	44643831	ENSG00000196839.14	gene|regulatory|transcript	170
chr20	32463946	32464116	ENSG00000197183.15	gene|regulatory|transcript	170
chr20	53444830	53445000	ENSG00000182463.17|ENSG00000271774.1	gene|regulatory|transcript	170
chr20	37923347	37923517	ENSG00000132821.12	gene|regulatory|transcript	170
chr20	49945965	49946135	ENSG00000124226.11	gene|regulatory|transcript	170
chr20	23351486	23351656	ENSG00000132661.4	gene|regulatory|transcript	170
chr20	49678813	49678983	ENSG00000158470.5	gene|regulatory|transcript	170
chr20	62735652	62735822	ENSG00000101188.5	gene|regulatory|transcript	170
chr20	32327127	32327297	ENSG00000101350.8	gene|regulatory|transcript	170
chr20	62929297	62929467	ENSG00000101191.17	gene|regulatory|transcript	170
chr20	61606581	61606751	ENSG00000179242.16	gene|regulatory|transcript	170
chr20	56629592	56629762	ENSG00000087510.7	gene|regulatory|transcript	170
chr20	25353569	25353739	ENSG00000100997.20	gene|regulatory|transcript	170
chr20	14778507	14778677	ENSG00000172264.19	gene|regulatory|transcript	170
chr20	32522334	32522504	ENSG00000197183.15	gene|regulatory|transcript	170
chr20	1896240	1896410	ENSG00000198053.12	gene|regulatory|transcript	170
chr20	19934797	19934967	ENSG00000132669.14	gene|regulatory|transcript	170
chr20	3751340	3751510	ENSG00000132622.11	gene|regulatory|transcript	170
chr20	2152366	2152536	ENSG00000125834.13	gene|regulatory|transcript	170
chr20	36029615	36029785	ENSG00000149646.12	gene|regulatory|transcript	170
chr20	41411950	41412120	ENSG00000124177.16	gene|regulatory|transcript	170
chr20	56632217	56632387	ENSG00000087510.7	gene|regulatory|transcript	170
chr20	17957490	17957660	ENSG00000089006.17|ENSG00000125850.11	gene|regulatory|transcript	170
chr20	33789342	33789512	ENSG00000131061.15|ENSG00000230753.6	gene|regulatory|transcript	170
chr20	10036389	10036559	ENSG00000132623.16|ENSG00000227906.10	gene|regulatory|transcript	170
chr20	62239377	62239547	ENSG00000130703.17	gene|regulatory|transcript	170
chr20	43017766	43017936	ENSG00000196090.14	gene|regulatory|transcript	170
chr20	37095076	37095246	ENSG00000080839.12	gene|regulatory|transcript	170
chr20	37358237	37358407	ENSG00000197122.13	gene|regulatory|transcript	170
chr20	38220925	38221095	ENSG00000149633.12	gene|regulatory|transcript	170
chr20	11906651	11906821	ENSG00000132640.15	gene|regulatory|transcript	170
chr20	57701739	57701908	ENSG00000124225.16	gene|regulatory|transcript	169
chr20	15760578	15760747	ENSG00000172264.19	gene|regulatory|transcript	169
chr20	59222871	59223040	ENSG00000124203.7	gene|regulatory|transcript	169
chr20	63545571	63545740	ENSG00000125508.4	gene|regulatory|transcript	169
chr20	24949575	24949744	ENSG00000077984.6	gene|regulatory|transcript	169
chr20	531721	531890	ENSG00000101266.19	gene|regulatory|transcript	169
chr20	9299021	9299190	ENSG00000101333.19	gene|regulatory|transcript	169
chr20	64164743	64164912	ENSG00000196132.14	gene|regulatory|transcript	169
chr20	25033085	25033254	ENSG00000154930.15	gene|regulatory|transcript	169
chr20	36770703	36770872	ENSG00000149636.16	gene|regulatory|transcript	169
chr20	34968522	34968691	ENSG00000078814.19	gene|regulatory|transcript	169
chr20	44715799	44715968	ENSG00000064205.11|ENSG00000244558.6	gene|regulatory|transcript	169
chr20	492911	493080	ENSG00000101266.19	gene|regulatory|transcript	169
chr20	19833477	19833646	ENSG00000132669.14	gene|regulatory|transcript	169
chr20	17617614	17617783	ENSG00000125844.17	gene|regulatory|transcript	169
chr20	61559340	61559509	ENSG00000179242.16	gene|regulatory|transcript	169
chr20	50517602	50517771	ENSG00000196396.10	gene|regulatory|transcript	169
chr20	53484953	53485122	ENSG00000182463.17|ENSG00000259723.1|ENSG00000271774.1	gene|regulatory|transcript	169
chr20	34997663	34997832	ENSG00000078814.19	gene|regulatory|transcript	169
chr20	44591899	44592068	ENSG00000168734.14|ENSG00000196839.14	gene|regulatory|transcript	169
chr20	50526458	50526627	ENSG00000196396.10	gene|regulatory|transcript	169
chr20	17998526	17998695	ENSG00000125850.11	gene|regulatory|transcript	169
chr20	9602925	9603094	ENSG00000101349.17	gene|regulatory|transcript	169
chr20	53071126	53071295	ENSG00000182463.17	gene|regulatory|transcript	169
chr20	44116829	44116998	ENSG00000149596.7	gene|regulatory|transcript	169
chr20	61786282	61786451	ENSG00000179242.16	gene|regulatory|transcript	169
chr20	668761	668930	ENSG00000215397.4|ENSG00000270299.1	gene|regulatory|transcript	169
chr20	37984451	37984620	ENSG00000101407.13	gene|regulatory|transcript	169
chr20	32562711	32562880	ENSG00000197183.15|ENSG00000233293.1	gene|regulatory|transcript	169
chr20	9600544	9600713	ENSG00000101349.17	gene|regulatory|transcript	169
chr20	13247997	13248166	ENSG00000101230.6	gene|regulatory|transcript	169
chr20	49983141	49983310	ENSG00000124216.4	gene|regulatory|transcript	169
chr20	35253090	35253259	ENSG00000125966.10|ENSG00000126005.17	gene|regulatory|transcript	169
chr20	47766322	47766491	ENSG00000196562.16	gene|regulatory|transcript	169
chr20	62860701	62860870	ENSG00000101190.13	gene|regulatory|transcript	169
chr20	44039263	44039432	ENSG00000124191.18	gene|regulatory|transcript	169
chr20	13277921	13278090	ENSG00000101230.6	gene|regulatory|transcript	169
chr20	33719558	33719727	ENSG00000101417.12	gene|regulatory|transcript	169
chr20	64011619	64011788	ENSG00000101161.8	gene|regulatory|transcript	169
chr20	2139819	2139988	ENSG00000125834.13	gene|regulatory|transcript	169
chr20	35879542	35879711	ENSG00000025293.17	gene|regulatory|transcript	169
chr20	50112553	50112722	ENSG00000124208.16|ENSG00000244687.13	gene|regulatory|transcript	169
chr20	25296200	25296369	ENSG00000100994.12|ENSG00000100997.20	gene|regulatory|transcript	169
chr20	41408850	41409019	ENSG00000124177.16	gene|regulatory|transcript	169
chr20	43124290	43124459	ENSG00000196090.14	gene|regulatory|transcript	169
chr20	18429946	18430115	ENSG00000089091.17	gene|regulatory|transcript	169
chr20	1130969	1131138	ENSG00000125818.18	gene|regulatory|transcript	169
chr20	47506104	47506273	ENSG00000124151.19	gene|regulatory|transcript	169
chr20	5148049	5148218	ENSG00000101290.14	gene|regulatory|transcript	169
chr20	35395811	35395980	ENSG00000101019.22	gene|regulatory|transcript	169
chr20	50546801	50546970	ENSG00000196396.10	gene|regulatory|transcript	169
chr20	44395084	44395252	ENSG00000101076.20|ENSG00000229005.2	gene|regulatory|transcript	168
chr20	44395706	44395874	ENSG00000101076.20	gene|regulatory|transcript	168
chr20	19214508	19214676	ENSG00000185052.13	gene|regulatory|transcript	168
chr20	50593801	50593969	ENSG00000042062.13	gene|regulatory|transcript	168
chr20	59041007	59041175	ENSG00000101166.16	gene|regulatory|transcript	168
chr20	62021881	62022049	ENSG00000130699.20	gene|regulatory|transcript	168
chr20	8292071	8292239	ENSG00000182621.19	gene|regulatory|transcript	168
chr20	50856583	50856751	ENSG00000124243.19	gene|regulatory|transcript	168
chr20	47350078	47350246	ENSG00000101040.20	gene|regulatory|transcript	168
chr20	2107134	2107302	ENSG00000125834.13	gene|regulatory|transcript	168
chr20	57501885	57502053	ENSG00000124092.13	gene|regulatory|transcript	168
chr20	53046385	53046553	ENSG00000182463.17	gene|regulatory|transcript	168
chr20	46353359	46353527	ENSG00000080189.15	gene|regulatory|transcript	168
chr20	63683265	63683433	ENSG00000026036.23|ENSG00000258366.12	gene|regulatory|transcript	168
chr20	38092403	38092571	ENSG00000101413.12	gene|regulatory|transcript	168
chr20	4973372	4973540	ENSG00000089057.15	gene|regulatory|transcript	168
chr20	25055366	25055534	ENSG00000154930.15	gene|regulatory|transcript	168
chr20	62137586	62137754	ENSG00000101182.15	gene|regulatory|transcript	168
chr20	25694362	25694530	ENSG00000130684.14	gene|regulatory|transcript	168
chr20	64092519	64092687	ENSG00000125510.18	gene|regulatory|transcript	168
chr20	15556970	15557138	ENSG00000172264.19	gene|regulatory|transcript	168
chr20	19276192	19276360	ENSG00000179447.2|ENSG00000185052.13	gene|regulatory|transcript	168
chr20	63310017	63310185	ENSG00000101203.17	gene|regulatory|transcript	168
chr20	49468497	49468665	ENSG00000158445.10	gene|regulatory|transcript	168
chr20	32776909	32777077	ENSG00000088305.19	gene|regulatory|transcript	168
chr20	47309887	47310055	ENSG00000101040.20	gene|regulatory|transcript	168
chr20	59784943	59785111	ENSG00000087495.17	gene|regulatory|transcript	168
chr20	58889712	58889880	ENSG00000087460.29	gene|regulatory|transcript	168
chr20	38069844	38070012	ENSG00000101413.12	gene|regulatory|transcript	168
chr20	25288483	25288651	ENSG00000100994.12	gene|regulatory|transcript	168
chr20	18180929	18181097	ENSG00000149474.15	gene|regulatory|transcript	168
chr20	10664526	10664694	ENSG00000101384.12	gene|regulatory|transcript	168
chr20	19886183	19886351	ENSG00000132669.14	gene|regulatory|transcript	168
chr20	58653042	58653210	ENSG00000124222.23|ENSG00000254995.4	gene|regulatory|transcript	168
chr20	41111651	41111819	ENSG00000198900.7|ENSG00000226648.2	gene|regulatory|transcript	168
chr20	36385890	36386058	ENSG00000080845.19	gene|regulatory|transcript	168
chr20	51529162	51529330	ENSG00000101096.20	gene|regulatory|transcript	168
chr20	63774381	63774549	ENSG00000130584.12	gene|regulatory|transcript	168
chr20	36465096	36465264	ENSG00000080845.19	gene|regulatory|transcript	168
chr20	59125523	59125691	ENSG00000124203.7	gene|regulatory|transcript	168
chr20	44342980	44343148	ENSG00000101074.5	gene|regulatory|transcript	168
chr20	4926599	4926767	ENSG00000089057.15	gene|regulatory|transcript	168
chr20	62926983	62927151	ENSG00000101191.17	gene|regulatory|transcript	168
chr20	25458976	25459144	ENSG00000101004.16	gene|regulatory|transcript	168
chr20	57697265	57697433	ENSG00000124225.16	gene|regulatory|transcript	168
chr20	48794079	48794247	ENSG00000124126.14	gene|regulatory|transcript	168
chr20	19253199	19253367	ENSG00000179447.2|ENSG00000185052.13	gene|regulatory|transcript	168
chr20	62245637	62245805	ENSG00000130703.17	gene|regulatory|transcript	168
chr20	56440161	56440329	ENSG00000087589.17	gene|regulatory|transcript	168
chr20	51541700	51541867	ENSG00000101096.20	gene|regulatory|transcript	167
chr20	50592635	50592802	ENSG00000042062.13	gene|regulatory|transcript	167
chr20	8534501	8534668	ENSG00000182621.19	gene|regulatory|transcript	167
chr20	38842195	38842362	ENSG00000101445.10	gene|regulatory|transcript	167
chr20	47228827	47228994	ENSG00000101040.20	gene|regulatory|transcript	167
chr20	57395250	57395417	ENSG00000132819.17	gene|regulatory|transcript	167
chr20	24566856	24567023	ENSG00000101463.6	gene|regulatory|transcript	167
chr20	15336141	15336308	ENSG00000172264.19	gene|regulatory|transcript	167
chr20	58406504	58406671	ENSG00000124164.16	gene|regulatory|transcript	167
chr20	33423596	33423763	ENSG00000101400.6	gene|regulatory|transcript	167
chr20	58340935	58341102	ENSG00000124209.4	gene|regulatory|transcript	167
chr20	51610631	51610798	ENSG00000054793.14	gene|regulatory|transcript	167
chr20	5949827	5949994	ENSG00000089195.15	gene|regulatory|transcript	167
chr20	63573737	63573904	ENSG00000130589.16	gene|regulatory|transcript	167
chr20	19901282	19901449	ENSG00000132669.14	gene|regulatory|transcript	167
chr20	53162062	53162229	ENSG00000182463.17	gene|regulatory|transcript	167
chr20	1908306	1908473	ENSG00000198053.12	gene|regulatory|transcript	167
chr20	33682225	33682392	ENSG00000101412.13	gene|regulatory|transcript	167
chr20	2397735	2397902	ENSG00000166948.10	gene|regulatory|transcript	167
chr20	47504299	47504466	ENSG00000124151.19	gene|regulatory|transcript	167
chr20	32805822	32805989	ENSG00000088305.19	gene|regulatory|transcript	167
chr20	44604681	44604848	ENSG00000168734.14|ENSG00000196839.14	gene|regulatory|transcript	167
chr20	32458975	32459142	ENSG00000197183.15	gene|regulatory|transcript	167
chr20	33374381	33374548	ENSG00000101391.21	gene|regulatory|transcript	167
chr20	19888203	19888370	ENSG00000132669.14	gene|regulatory|transcript	167
chr20	64188688	64188855	ENSG00000196132.14	gene|regulatory|transcript	167
chr20	62920438	62920605	ENSG00000101191.17	gene|regulatory|transcript	167
chr20	36179478	36179645	ENSG00000088367.23	gene|regulatory|transcript	167
chr20	3275479	3275646	ENSG00000088854.13	gene|regulatory|transcript	167
chr20	34389398	34389565	ENSG00000078747.17|ENSG00000289720.1	gene|regulatory|transcript	167
chr20	57179924	57180091	ENSG00000101144.13	gene|regulatory|transcript	167
chr20	42258144	42258311	ENSG00000196090.14	gene|regulatory|transcript	167
chr20	420161	420328	ENSG00000125826.22	gene|regulatory|transcript	167
chr20	49252552	49252719	ENSG00000124201.15	gene|regulatory|transcript	167
chr20	62194357	62194524	ENSG00000101181.18	gene|regulatory|transcript	167
chr20	4013791	4013958	ENSG00000101236.17	gene|regulatory|transcript	167
chr20	62156323	62156490	ENSG00000184402.15	gene|regulatory|transcript	167
chr20	2289546	2289713	ENSG00000286022.1	gene|regulatory|transcript	167
chr20	25483538	25483705	ENSG00000101004.16	gene|regulatory|transcript	167
chr20	43047338	43047505	ENSG00000196090.14	gene|regulatory|transcript	167
chr20	49679719	49679886	ENSG00000158470.5	gene|regulatory|transcript	167
chr20	53975822	53975989	ENSG00000064787.14	gene|regulatory|transcript	167
chr20	51482031	51482198	ENSG00000101096.20	gene|regulatory|transcript	167
chr20	47281601	47281768	ENSG00000101040.20	gene|regulatory|transcript	167
chr20	25309575	25309742	ENSG00000100997.20	gene|regulatory|transcript	167
chr20	56391172	56391339	ENSG00000087586.18	gene|regulatory|transcript	167
chr20	1146304	1146471	ENSG00000125818.18	gene|regulatory|transcript	167
chr20	36943631	36943798	ENSG00000101347.11	gene|regulatory|transcript	167
chr20	348830	348996	ENSG00000125841.13	gene|regulatory|transcript	166
chr20	10656898	10657064	ENSG00000101384.12	gene|regulatory|transcript	166
chr20	41352867	41353033	ENSG00000132793.12	gene|regulatory|transcript	166
chr20	675071	675237	ENSG00000215397.4|ENSG00000270299.1	gene|regulatory|transcript	166
chr20	63731032	63731198	ENSG00000197114.12|ENSG00000273154.3	gene|regulatory|transcript	166
chr20	49401083	49401249	ENSG00000158445.10|ENSG00000290421.1	gene|regulatory|transcript	166
chr20	62136949	62137115	ENSG00000101182.15	gene|regulatory|transcript	166
chr20	59970963	59971129	ENSG00000124215.17	gene|regulatory|transcript	166
chr20	47502630	47502796	ENSG00000124151.19	gene|regulatory|transcript	166
chr20	51525363	51525529	ENSG00000101096.20	gene|regulatory|transcript	166
chr20	9573789	9573955	ENSG00000101349.17	gene|regulatory|transcript	166
chr20	46205519	46205685	ENSG00000149654.11	gene|regulatory|transcript	166
chr20	1489463	1489629	ENSG00000196209.13	gene|regulatory|transcript	166
chr20	62675273	62675439	ENSG00000101187.16	gene|regulatory|transcript	166
chr20	62031242	62031408	ENSG00000130699.20	gene|regulatory|transcript	166
chr20	4168380	4168546	ENSG00000088826.18	gene|regulatory|transcript	166
chr20	59648161	59648327	ENSG00000087495.17	gene|regulatory|transcript	166
chr20	13525663	13525829	ENSG00000089123.16	gene|regulatory|transcript	166
chr20	49823365	49823531	ENSG00000197818.12	gene|regulatory|transcript	166
chr20	45344606	45344772	ENSG00000124145.6	gene|regulatory|transcript	166
chr20	61627565	61627731	ENSG00000179242.16	gene|regulatory|transcript	166
chr20	58855333	58855499	ENSG00000087460.29	gene|regulatory|transcript	166
chr20	31987968	31988134	ENSG00000260903.3	gene|regulatory|transcript	166
chr20	49562706	49562872	ENSG00000124212.6	gene|regulatory|transcript	166
chr20	33370332	33370498	ENSG00000101391.21	gene|regulatory|transcript	166
chr20	46022464	46022630	ENSG00000124140.15	gene|regulatory|transcript	166
chr20	42124377	42124543	ENSG00000196090.14	gene|regulatory|transcript	166
chr20	46928986	46929152	ENSG00000064655.19	gene|regulatory|transcript	166
chr20	8364497	8364663	ENSG00000182621.19	gene|regulatory|transcript	166
chr20	17681543	17681709	ENSG00000125844.17	gene|regulatory|transcript	166
chr20	32559848	32560014	ENSG00000197183.15	gene|regulatory|transcript	166
chr20	49230397	49230563	ENSG00000124228.15	gene|regulatory|transcript	166
chr20	49186642	49186808	ENSG00000124214.21	gene|regulatory|transcript	166
chr20	35014148	35014314	ENSG00000100991.12	gene|regulatory|transcript	166
chr20	64180762	64180928	ENSG00000196132.14	gene|regulatory|transcript	166
chr20	8480663	8480829	ENSG00000182621.19	gene|regulatory|transcript	166
chr20	46714622	46714788	ENSG00000197496.6	gene|regulatory|transcript	166
chr20	34069623	34069789	ENSG00000125970.12	gene|regulatory|transcript	166
chr20	63252980	63253146	ENSG00000101198.15	gene|regulatory|transcript	166
chr20	16350924	16351089	ENSG00000089177.20	gene|regulatory|transcript	165
chr20	363586	363751	ENSG00000101255.12	gene|regulatory|transcript	165
chr20	855562	855727	ENSG00000125898.13	gene|regulatory|transcript	165
chr20	51536611	51536776	ENSG00000101096.20	gene|regulatory|transcript	165
chr20	51670300	51670465	ENSG00000054793.14	gene|regulatory|transcript	165
chr20	32561257	32561422	ENSG00000197183.15|ENSG00000233293.1	gene|regulatory|transcript	165
chr20	54209479	54209644	ENSG00000101132.10	gene|regulatory|transcript	165
chr20	16573017	16573182	ENSG00000089177.20	gene|regulatory|transcript	165
chr20	63873841	63874006	ENSG00000101150.18|ENSG00000290226.1	gene|regulatory|transcript	165
chr20	45307320	45307485	ENSG00000124159.17|ENSG00000124232.11	gene|regulatory|transcript	165
chr20	25053364	25053529	ENSG00000154930.15	gene|regulatory|transcript	165
chr20	11892103	11892268	ENSG00000132640.15	gene|regulatory|transcript	165
chr20	25499985	25500150	ENSG00000101004.16	gene|regulatory|transcript	165
chr20	45765901	45766066	ENSG00000124116.19	gene|regulatory|transcript	165
chr20	4962507	4962672	ENSG00000089057.15	gene|regulatory|transcript	165
chr20	32359851	32360016	ENSG00000171456.22	gene|regulatory|transcript	165
chr20	51434675	51434840	ENSG00000101096.20	gene|regulatory|transcript	165
chr20	59583194	59583359	ENSG00000087495.17	gene|regulatory|transcript	165
chr20	34512199	34512364	ENSG00000289720.1	gene|regulatory|transcript	165
chr20	49276176	49276341	ENSG00000124201.15	gene|regulatory|transcript	165
chr20	36308027	36308192	ENSG00000080845.19	gene|regulatory|transcript	165
chr20	36895137	36895302	ENSG00000101347.11	gene|regulatory|transcript	165
chr20	17570327	17570492	ENSG00000125868.16	gene|regulatory|transcript	165
chr20	4168212	4168377	ENSG00000088826.18	gene|regulatory|transcript	165
chr20	20073260	20073425	ENSG00000089101.19	gene|regulatory|transcript	165
chr20	3157196	3157361	ENSG00000185019.17|ENSG00000215251.5	gene|regulatory|transcript	165
chr20	51611229	51611394	ENSG00000054793.14	gene|regulatory|transcript	165
chr20	64067499	64067664	ENSG00000171703.17	gene|regulatory|transcript	165
chr20	32583686	32583851	ENSG00000197183.15|ENSG00000228156.1	gene|regulatory|transcript	165
chr20	17454675	17454840	ENSG00000125851.10	gene|regulatory|transcript	165
chr20	43984763	43984928	ENSG00000124191.18	gene|regulatory|transcript	165
chr20	31950387	31950552	ENSG00000088356.6	gene|regulatory|transcript	165
chr20	25197263	25197428	ENSG00000197586.13	gene|regulatory|transcript	165
chr20	25197459	25197624	ENSG00000197586.13	gene|regulatory|transcript	165
chr20	37394963	37395128	ENSG00000197122.13	gene|regulatory|transcript	165
chr20	25369613	25369778	ENSG00000100997.20	gene|regulatory|transcript	165
chr20	49052332	49052497	ENSG00000124207.17	gene|regulatory|transcript	165
chr20	53389529	53389694	ENSG00000182463.17|ENSG00000271774.1	gene|regulatory|transcript	165
chr20	2889387	2889552	ENSG00000132670.21	gene|regulatory|transcript	165
chr20	54547304	54547469	ENSG00000101134.12	gene|regulatory|transcript	165
chr20	20211819	20211984	ENSG00000089101.19	gene|regulatory|transcript	165
chr20	50628776	50628941	ENSG00000042062.13	gene|regulatory|transcript	165
chr20	43514776	43514941	ENSG00000185513.18|ENSG00000288000.1	gene|regulatory|transcript	165
chr20	34719775	34719940	ENSG00000198646.14	gene|regulatory|transcript	165
chr20	53331521	53331686	ENSG00000182463.17|ENSG00000271774.1	gene|regulatory|transcript	165
chr20	43556218	43556383	ENSG00000277611.1	gene|regulatory|transcript	165
chr20	59831673	59831837	ENSG00000087495.17	gene|regulatory|transcript	164
chr20	34570865	34571029	ENSG00000101464.11	gene|regulatory|transcript	164
chr20	19974405	19974569	ENSG00000132669.14	gene|regulatory|transcript	164
chr20	63238614	63238778	ENSG00000101197.13	gene|regulatory|transcript	164
chr20	52123723	52123887	ENSG00000020256.20	gene|regulatory|transcript	164
chr20	5146118	5146282	ENSG00000101290.14	gene|regulatory|transcript	164
chr20	17956768	17956932	ENSG00000089006.17	gene|regulatory|transcript	164
chr20	32448334	32448498	ENSG00000197183.15	gene|regulatory|transcript	164
chr20	885675	885839	ENSG00000101280.8	gene|regulatory|transcript	164
chr20	61600071	61600235	ENSG00000179242.16	gene|regulatory|transcript	164
chr20	44183396	44183560	ENSG00000149596.7	gene|regulatory|transcript	164
chr20	44405592	44405756	ENSG00000101076.20	gene|regulatory|transcript	164
chr20	64159984	64160148	ENSG00000196132.14	gene|regulatory|transcript	164
chr20	58498332	58498496	ENSG00000198768.11	gene|regulatory|transcript	164
chr20	47736107	47736271	ENSG00000196562.16	gene|regulatory|transcript	164
chr20	19886356	19886520	ENSG00000132669.14	gene|regulatory|transcript	164
chr20	57522724	57522888	ENSG00000124092.13	gene|regulatory|transcript	164
chr20	34046447	34046611	ENSG00000125970.12	gene|regulatory|transcript	164
chr20	8408802	8408966	ENSG00000182621.19	gene|regulatory|transcript	164
chr20	41615541	41615705	ENSG00000124177.16	gene|regulatory|transcript	164
chr20	5609201	5609365	ENSG00000125772.14	gene|regulatory|transcript	164
chr20	59247811	59247975	ENSG00000124203.7	gene|regulatory|transcript	164
chr20	36682353	36682517	ENSG00000101079.21	gene|regulatory|transcript	164
chr20	62363091	62363255	ENSG00000130702.15	gene|regulatory|transcript	164
chr20	56629784	56629948	ENSG00000087510.7	gene|regulatory|transcript	164
chr20	46959124	46959288	ENSG00000064655.19	gene|regulatory|transcript	164
chr20	5762528	5762692	ENSG00000171984.15	gene|regulatory|transcript	164
chr20	18139961	18140125	ENSG00000149474.15|ENSG00000232838.4	gene|regulatory|transcript	164
chr20	57375711	57375875	ENSG00000101146.13	gene|regulatory|transcript	164
chr20	1299630	1299794	ENSG00000101298.15	gene|regulatory|transcript	164
chr20	10047495	10047659	ENSG00000132623.16|ENSG00000227906.10	gene|regulatory|transcript	164
chr20	37090457	37090621	ENSG00000080839.12	gene|regulatory|transcript	164
chr20	48820455	48820619	ENSG00000124126.14	gene|regulatory|transcript	164
chr20	62472699	62472863	ENSG00000130700.7	gene|regulatory|transcript	164
chr20	5919009	5919173	ENSG00000089199.10	gene|regulatory|transcript	164
chr20	38109295	38109459	ENSG00000101413.12	gene|regulatory|transcript	164
chr20	36843480	36843644	ENSG00000149639.15	gene|regulatory|transcript	164
chr20	51405433	51405597	ENSG00000101096.20	gene|regulatory|transcript	164
chr20	49447250	49447414	ENSG00000158445.10	gene|regulatory|transcript	164
chr20	653971	654135	ENSG00000270299.1	gene|regulatory|transcript	164
chr20	5750536	5750700	ENSG00000171984.15	gene|regulatory|transcript	164
chr20	41453569	41453733	ENSG00000124177.16	gene|regulatory|transcript	164
chr20	62886722	62886886	ENSG00000101191.17	gene|regulatory|transcript	164
chr20	38473264	38473428	ENSG00000170471.15	gene|regulatory|transcript	164
chr20	37190516	37190680	ENSG00000118705.18	gene|regulatory|transcript	164
chr20	17714457	17714621	ENSG00000125888.15	gene|regulatory|transcript	164
chr20	17966480	17966644	ENSG00000089006.17|ENSG00000125850.11	gene|regulatory|transcript	164
chr20	38214974	38215138	ENSG00000149633.12	gene|regulatory|transcript	164
chr20	38157047	38157211	ENSG00000198959.12	gene|regulatory|transcript	164
chr20	50795647	50795811	ENSG00000124243.19	gene|regulatory|transcript	164
chr20	1328411	1328575	ENSG00000125775.15|ENSG00000234684.8|ENSG00000274322.1	gene|regulatory|transcript	164
chr20	37993212	37993376	ENSG00000101407.13	gene|regulatory|transcript	164
chr20	51504835	51504999	ENSG00000101096.20	gene|regulatory|transcript	164
chr20	35776894	35777058	ENSG00000025293.17	gene|regulatory|transcript	164
chr20	58851826	58851990	ENSG00000087460.29	gene|regulatory|transcript	164
chr20	36096160	36096324	ENSG00000088367.23	gene|regulatory|transcript	164
chr20	48698226	48698390	ENSG00000124126.14	gene|regulatory|transcript	164
chr20	38050586	38050750	ENSG00000101413.12	gene|regulatory|transcript	164
chr20	46605294	46605458	ENSG00000158296.14	gene|regulatory|transcript	164
chr20	47502078	47502242	ENSG00000124151.19	gene|regulatory|transcript	164
chr20	37986414	37986578	ENSG00000101407.13	gene|regulatory|transcript	164
chr20	54645956	54646119	ENSG00000101134.12	gene|regulatory|transcript	163
chr20	50663552	50663715	ENSG00000042062.13	gene|regulatory|transcript	163
chr20	9236231	9236394	ENSG00000101333.19	gene|regulatory|transcript	163
chr20	47762194	47762357	ENSG00000196562.16	gene|regulatory|transcript	163
chr20	36821992	36822155	ENSG00000149639.15	gene|regulatory|transcript	163
chr20	3030979	3031142	ENSG00000132670.21	gene|regulatory|transcript	163
chr20	50820640	50820803	ENSG00000124243.19	gene|regulatory|transcript	163
chr20	53388418	53388581	ENSG00000182463.17|ENSG00000271774.1	gene|regulatory|transcript	163
chr20	5570239	5570402	ENSG00000125772.14	gene|regulatory|transcript	163
chr20	32477027	32477190	ENSG00000197183.15	gene|regulatory|transcript	163
chr20	45335566	45335729	ENSG00000124145.6	gene|regulatory|transcript	163
chr20	61417371	61417534	ENSG00000179242.16	gene|regulatory|transcript	163
chr20	17680744	17680907	ENSG00000125844.17	gene|regulatory|transcript	163
chr20	47349697	47349860	ENSG00000101040.20	gene|regulatory|transcript	163
chr20	47322764	47322927	ENSG00000101040.20	gene|regulatory|transcript	163
chr20	32062551	32062714	ENSG00000101336.18	gene|regulatory|transcript	163
chr20	9166170	9166333	ENSG00000101333.19	gene|regulatory|transcript	163
chr20	41454286	41454449	ENSG00000124177.16	gene|regulatory|transcript	163
chr20	14337240	14337403	ENSG00000125848.10|ENSG00000172264.19	gene|regulatory|transcript	163
chr20	50141882	50142045	ENSG00000124208.16|ENSG00000240849.11	gene|regulatory|transcript	163
chr20	32742707	32742870	ENSG00000149600.12|ENSG00000285382.1	gene|regulatory|transcript	163
chr20	5085830	5085993	ENSG00000089063.15	gene|regulatory|transcript	163
chr20	1469689	1469852	ENSG00000088833.18	gene|regulatory|transcript	163
chr20	46633460	46633623	ENSG00000158296.14	gene|regulatory|transcript	163
chr20	38585695	38585858	ENSG00000182035.13|ENSG00000289012.1	gene|regulatory|transcript	163
chr20	32482461	32482624	ENSG00000197183.15	gene|regulatory|transcript	163
chr20	15061108	15061271	ENSG00000172264.19	gene|regulatory|transcript	163
chr20	42477122	42477285	ENSG00000196090.14	gene|regulatory|transcript	163
chr20	14671710	14671873	ENSG00000172264.19	gene|regulatory|transcript	163
chr20	37189517	37189680	ENSG00000118705.18	gene|regulatory|transcript	163
chr20	62644898	62645061	ENSG00000101187.16	gene|regulatory|transcript	163
chr20	41178269	41178432	ENSG00000124181.15	gene|regulatory|transcript	163
chr20	46222503	46222666	ENSG00000149654.11	gene|regulatory|transcript	163
chr20	19945224	19945387	ENSG00000132669.14	gene|regulatory|transcript	163
chr20	36435913	36436076	ENSG00000080845.19	gene|regulatory|transcript	163
chr20	61918685	61918848	ENSG00000179242.16	gene|regulatory|transcript	163
chr20	62200322	62200485	ENSG00000101181.18	gene|regulatory|transcript	163
chr20	62361088	62361251	ENSG00000130702.15	gene|regulatory|transcript	163
chr20	63942285	63942448	ENSG00000198276.16	gene|regulatory|transcript	163
chr20	35641946	35642109	ENSG00000214078.13|ENSG00000272897.5	gene|regulatory|transcript	163
chr20	62359229	62359392	ENSG00000130702.15	gene|regulatory|transcript	163
chr20	5069476	5069639	ENSG00000089063.15	gene|regulatory|transcript	163
chr20	35008962	35009125	ENSG00000100991.12	gene|regulatory|transcript	163
chr20	10559388	10559551	ENSG00000149346.15	gene|regulatory|transcript	163
chr20	58982590	58982753	ENSG00000101158.15	gene|regulatory|transcript	163
chr20	57400236	57400399	ENSG00000132819.17	gene|regulatory|transcript	163
chr20	32685949	32686112	ENSG00000285382.1	gene|regulatory|transcript	163
chr20	51622539	51622702	ENSG00000054793.14	gene|regulatory|transcript	163
chr20	52104937	52105100	ENSG00000020256.20	gene|regulatory|transcript	163
chr20	19260395	19260558	ENSG00000179447.2|ENSG00000185052.13	gene|regulatory|transcript	163
chr20	17327809	17327972	ENSG00000125851.10	gene|regulatory|transcript	163
chr20	19440779	19440942	ENSG00000185052.13	gene|regulatory|transcript	163
chr20	8190475	8190638	ENSG00000182621.19	gene|regulatory|transcript	163
chr20	35901782	35901945	ENSG00000025293.17	gene|regulatory|transcript	163
chr20	37789791	37789954	ENSG00000132792.21	gene|regulatory|transcript	163
chr20	44209845	44210008	ENSG00000132823.11	gene|regulatory|transcript	163
chr20	9367438	9367601	ENSG00000101333.19	gene|regulatory|transcript	163
chr20	37526048	37526210	ENSG00000166619.15	gene|regulatory|transcript	162
chr20	62149086	62149248	ENSG00000184402.15	gene|regulatory|transcript	162
chr20	50144034	50144196	ENSG00000124208.16|ENSG00000240849.11	gene|regulatory|transcript	162
chr20	14562056	14562218	ENSG00000172264.19|ENSG00000227927.2	gene|regulatory|transcript	162
chr20	4948281	4948443	ENSG00000089057.15	gene|regulatory|transcript	162
chr20	44716378	44716540	ENSG00000064205.11|ENSG00000244558.6	gene|regulatory|transcript	162
chr20	20174572	20174734	ENSG00000089101.19	gene|regulatory|transcript	162
chr20	5844121	5844283	ENSG00000171984.15	gene|regulatory|transcript	162
chr20	32474438	32474600	ENSG00000197183.15	gene|regulatory|transcript	162
chr20	56417670	56417832	ENSG00000087589.17	gene|regulatory|transcript	162
chr20	34989472	34989634	ENSG00000078814.19	gene|regulatory|transcript	162
chr20	9792742	9792904	ENSG00000101349.17	gene|regulatory|transcript	162
chr20	49884735	49884897	ENSG00000197818.12	gene|regulatory|transcript	162
chr20	34065894	34066056	ENSG00000125970.12	gene|regulatory|transcript	162
chr20	41142135	41142297	ENSG00000124181.15	gene|regulatory|transcript	162
chr20	19555066	19555228	ENSG00000185052.13	gene|regulatory|transcript	162
chr20	2237547	2237709	ENSG00000286022.1	gene|regulatory|transcript	162
chr20	62928458	62928620	ENSG00000101191.17	gene|regulatory|transcript	162
chr20	61759932	61760094	ENSG00000179242.16	gene|regulatory|transcript	162
chr20	36631850	36632012	ENSG00000101082.14	gene|regulatory|transcript	162
chr20	54069861	54070023	ENSG00000064787.14	gene|regulatory|transcript	162
chr20	20699145	20699307	ENSG00000188559.16	gene|regulatory|transcript	162
chr20	59725839	59726001	ENSG00000087495.17	gene|regulatory|transcript	162
chr20	41298910	41299072	ENSG00000174306.22	gene|regulatory|transcript	162
chr20	63310193	63310355	ENSG00000101203.17	gene|regulatory|transcript	162
chr20	5148770	5148932	ENSG00000101290.14	gene|regulatory|transcript	162
chr20	35869552	35869714	ENSG00000025293.17	gene|regulatory|transcript	162
chr20	43941087	43941249	ENSG00000124191.18	gene|regulatory|transcript	162
chr20	49636471	49636633	ENSG00000158470.5	gene|regulatory|transcript	162
chr20	59184957	59185119	ENSG00000124203.7	gene|regulatory|transcript	162
chr20	17298182	17298344	ENSG00000125851.10	gene|regulatory|transcript	162
chr20	25056324	25056486	ENSG00000154930.15	gene|regulatory|transcript	162
chr20	36149539	36149701	ENSG00000088367.23|ENSG00000232406.8	gene|regulatory|transcript	162
chr20	36154900	36155062	ENSG00000088367.23|ENSG00000232406.8	gene|regulatory|transcript	162
chr20	57403332	57403494	ENSG00000132819.17	gene|regulatory|transcript	162
chr20	59596828	59596990	ENSG00000087495.17	gene|regulatory|transcript	162
chr20	36405041	36405203	ENSG00000080845.19	gene|regulatory|transcript	162
chr20	36399731	36399893	ENSG00000080845.19	gene|regulatory|transcript	162
chr20	36441850	36442012	ENSG00000080845.19	gene|regulatory|transcript	162
chr20	37348617	37348779	ENSG00000197122.13	gene|regulatory|transcript	162
chr20	62239595	62239757	ENSG00000130703.17	gene|regulatory|transcript	162
chr20	3258535	3258697	ENSG00000088854.13	gene|regulatory|transcript	162
chr20	41173257	41173419	ENSG00000124181.15	gene|regulatory|transcript	162
chr20	32113423	32113585	ENSG00000101337.16	gene|regulatory|transcript	162
chr20	47043158	47043319	ENSG00000064655.19	gene|regulatory|transcript	161
chr20	59934343	59934504	ENSG00000196227.11	gene|regulatory|transcript	161
chr20	62472386	62472547	ENSG00000130700.7	gene|regulatory|transcript	161
chr20	3190964	3191125	ENSG00000198171.13	gene|regulatory|transcript	161
chr20	61325847	61326008	ENSG00000179242.16	gene|regulatory|transcript	161
chr20	13638622	13638783	ENSG00000089123.16	gene|regulatory|transcript	161
chr20	20465198	20465359	ENSG00000188559.16	gene|regulatory|transcript	161
chr20	49685967	49686128	ENSG00000158470.5	gene|regulatory|transcript	161
chr20	64080663	64080824	ENSG00000125510.18	gene|regulatory|transcript	161
chr20	18527926	18528087	ENSG00000101310.17	gene|regulatory|transcript	161
chr20	16483005	16483166	ENSG00000089177.20	gene|regulatory|transcript	161
chr20	2874166	2874327	ENSG00000132670.21	gene|regulatory|transcript	161
chr20	34024783	34024944	ENSG00000125970.12	gene|regulatory|transcript	161
chr20	35307082	35307243	ENSG00000101019.22	gene|regulatory|transcript	161
chr20	57708346	57708507	ENSG00000124225.16	gene|regulatory|transcript	161
chr20	25282738	25282899	ENSG00000100994.12	gene|regulatory|transcript	161
chr20	2750481	2750642	ENSG00000088881.22	gene|regulatory|transcript	161
chr20	50115959	50116120	ENSG00000124208.16	gene|regulatory|transcript	161
chr20	61680003	61680164	ENSG00000179242.16	gene|regulatory|transcript	161
chr20	9331500	9331661	ENSG00000101333.19	gene|regulatory|transcript	161
chr20	59153927	59154088	ENSG00000124203.7	gene|regulatory|transcript	161
chr20	59158044	59158205	ENSG00000124203.7	gene|regulatory|transcript	161
chr20	5859491	5859652	ENSG00000171984.15	gene|regulatory|transcript	161
chr20	4805950	4806111	ENSG00000101265.16	gene|regulatory|transcript	161
chr20	4954072	4954233	ENSG00000089057.15	gene|regulatory|transcript	161
chr20	4129481	4129642	ENSG00000088826.18	gene|regulatory|transcript	161
chr20	19889213	19889374	ENSG00000132669.14	gene|regulatory|transcript	161
chr20	35438635	35438796	ENSG00000125965.9	gene|regulatory|transcript	161
chr20	62026364	62026525	ENSG00000130699.20	gene|regulatory|transcript	161
chr20	64193640	64193801	ENSG00000196132.14	gene|regulatory|transcript	161
chr20	44476020	44476181	ENSG00000124120.11	gene|regulatory|transcript	161
chr20	50930153	50930314	ENSG00000101126.18	gene|regulatory|transcript	161
chr20	1325869	1326030	ENSG00000125775.15|ENSG00000234684.8|ENSG00000274322.1	gene|regulatory|transcript	161
chr20	1477403	1477564	ENSG00000196209.13	gene|regulatory|transcript	161
chr20	14407549	14407710	ENSG00000172264.19	gene|regulatory|transcript	161
chr20	50929949	50930110	ENSG00000101126.18	gene|regulatory|transcript	161
chr20	34513067	34513228	ENSG00000289720.1	gene|regulatory|transcript	161
chr20	44130436	44130597	ENSG00000149596.7	gene|regulatory|transcript	161
chr20	3749502	3749663	ENSG00000132622.11	gene|regulatory|transcript	161
chr20	18137679	18137840	ENSG00000149474.15	gene|regulatory|transcript	161
chr20	63315110	63315271	ENSG00000101203.17	gene|regulatory|transcript	161
chr20	36133058	36133219	ENSG00000088367.23	gene|regulatory|transcript	161
chr20	24605458	24605619	ENSG00000101463.6	gene|regulatory|transcript	161
chr20	48725793	48725954	ENSG00000124126.14	gene|regulatory|transcript	161
chr20	33106130	33106291	ENSG00000186191.9	gene|regulatory|transcript	161
chr20	54025504	54025665	ENSG00000064787.14	gene|regulatory|transcript	161
chr20	17680949	17681110	ENSG00000125844.17	gene|regulatory|transcript	161
chr20	49167917	49168078	ENSG00000124214.21	gene|regulatory|transcript	161
chr20	49833202	49833363	ENSG00000197818.12	gene|regulatory|transcript	161
chr20	10516705	10516866	ENSG00000149346.15	gene|regulatory|transcript	161
chr20	1247113	1247274	ENSG00000244588.6	gene|regulatory|transcript	161
chr20	5609615	5609776	ENSG00000125772.14	gene|regulatory|transcript	161
chr20	57516562	57516723	ENSG00000124092.13	gene|regulatory|transcript	161
chr20	19547669	19547830	ENSG00000185052.13	gene|regulatory|transcript	161
chr20	44617330	44617491	ENSG00000168734.14|ENSG00000196839.14	gene|regulatory|transcript	161
chr20	1588979	1589140	ENSG00000101307.16|ENSG00000260861.6	gene|regulatory|transcript	161
chr20	24973894	24974055	ENSG00000101474.12	gene|regulatory|transcript	161
chr20	64229240	64229401	ENSG00000196132.14	gene|regulatory|transcript	161
chr20	44178867	44179028	ENSG00000149596.7	gene|regulatory|transcript	161
chr20	64227063	64227224	ENSG00000196132.14	gene|regulatory|transcript	161
chr20	37808228	37808388	ENSG00000132792.21	gene|regulatory|transcript	160
chr20	44171988	44172148	ENSG00000149596.7	gene|regulatory|transcript	160
chr20	45329342	45329502	ENSG00000124145.6	gene|regulatory|transcript	160
chr20	59223336	59223496	ENSG00000124203.7	gene|regulatory|transcript	160
chr20	47220097	47220257	ENSG00000101040.20	gene|regulatory|transcript	160
chr20	20251434	20251594	ENSG00000089101.19	gene|regulatory|transcript	160
chr20	34515596	34515756	ENSG00000289720.1	gene|regulatory|transcript	160
chr20	17614220	17614380	ENSG00000125844.17	gene|regulatory|transcript	160
chr20	1538126	1538286	ENSG00000125900.13|ENSG00000242324.1	gene|regulatory|transcript	160
chr20	13526642	13526802	ENSG00000089123.16	gene|regulatory|transcript	160
chr20	25508493	25508653	ENSG00000101004.16	gene|regulatory|transcript	160
chr20	14764623	14764783	ENSG00000172264.19	gene|regulatory|transcript	160
chr20	19803011	19803171	ENSG00000132669.14	gene|regulatory|transcript	160
chr20	36606140	36606300	ENSG00000101084.19|ENSG00000259399.1	gene|regulatory|transcript	160
chr20	35738807	35738967	ENSG00000131051.24	gene|regulatory|transcript	160
chr20	5977409	5977569	ENSG00000125885.13|ENSG00000286235.1	gene|regulatory|transcript	160
chr20	42252772	42252932	ENSG00000196090.14	gene|regulatory|transcript	160
chr20	49914637	49914797	ENSG00000158480.11	gene|regulatory|transcript	160
chr20	64161523	64161683	ENSG00000196132.14	gene|regulatory|transcript	160
chr20	32216847	32217007	ENSG00000101346.15	gene|regulatory|transcript	160
chr20	32464159	32464319	ENSG00000197183.15	gene|regulatory|transcript	160
chr20	41592668	41592828	ENSG00000124177.16	gene|regulatory|transcript	160
chr20	5911946	5912106	ENSG00000089199.10	gene|regulatory|transcript	160
chr20	41498385	41498545	ENSG00000124177.16	gene|regulatory|transcript	160
chr20	45469860	45470020	ENSG00000101443.18	gene|regulatory|transcript	160
chr20	56468769	56468929	ENSG00000022277.13	gene|regulatory|transcript	160
chr20	58692406	58692566	ENSG00000215440.12|ENSG00000254995.4	gene|regulatory|transcript	160
chr20	46307989	46308149	ENSG00000149654.11	gene|regulatory|transcript	160
chr20	44617146	44617306	ENSG00000168734.14|ENSG00000196839.14	gene|regulatory|transcript	160
chr20	9389958	9390118	ENSG00000101333.19	gene|regulatory|transcript	160
chr20	44616406	44616566	ENSG00000168734.14|ENSG00000196839.14	gene|regulatory|transcript	160
chr20	1334898	1335058	ENSG00000234684.8|ENSG00000274322.1	gene|regulatory|transcript	160
chr20	48659758	48659918	ENSG00000124126.14	gene|regulatory|transcript	160
chr20	46122072	46122232	ENSG00000101017.15	gene|regulatory|transcript	160
chr20	46650094	46650254	ENSG00000158296.14	gene|regulatory|transcript	160
chr20	17635385	17635545	ENSG00000125844.17	gene|regulatory|transcript	160
chr20	64156720	64156880	ENSG00000196132.14	gene|regulatory|transcript	160
chr20	32068953	32069113	ENSG00000101336.18	gene|regulatory|transcript	160
chr20	3619920	3620080	ENSG00000088812.18	gene|regulatory|transcript	160
chr20	19407241	19407401	ENSG00000185052.13	gene|regulatory|transcript	160
chr20	20464366	20464526	ENSG00000188559.16	gene|regulatory|transcript	160
chr20	46588970	46589130	ENSG00000158296.14	gene|regulatory|transcript	160
chr20	43161725	43161885	ENSG00000196090.14	gene|regulatory|transcript	160
chr20	17557715	17557875	ENSG00000125864.14	gene|regulatory|transcript	160
chr20	45832739	45832899	ENSG00000101470.10	gene|regulatory|transcript	160
chr20	59771697	59771857	ENSG00000087495.17	gene|regulatory|transcript	160
chr20	8245139	8245299	ENSG00000182621.19	gene|regulatory|transcript	160
chr20	57500456	57500616	ENSG00000124092.13	gene|regulatory|transcript	160
chr20	34873116	34873276	ENSG00000131069.20	gene|regulatory|transcript	160
chr20	58471874	58472034	ENSG00000198768.11	gene|regulatory|transcript	160
chr20	38245768	38245928	ENSG00000149633.12	gene|regulatory|transcript	160
chr20	32685570	32685730	ENSG00000285382.1	gene|regulatory|transcript	160
chr20	63979642	63979802	ENSG00000130590.14	gene|regulatory|transcript	160
chr20	35013916	35014076	ENSG00000100991.12	gene|regulatory|transcript	160
chr20	61715823	61715983	ENSG00000179242.16	gene|regulatory|transcript	160
chr20	47665656	47665816	ENSG00000196562.16	gene|regulatory|transcript	160
chr20	37198889	37199049	ENSG00000118705.18	gene|regulatory|transcript	160
chr20	53580478	53580638	ENSG00000171940.14	gene|regulatory|transcript	160
chr20	46607972	46608132	ENSG00000158296.14	gene|regulatory|transcript	160
chr20	63943083	63943243	ENSG00000198276.16	gene|regulatory|transcript	160
chr20	23436784	23436944	ENSG00000125823.13	gene|regulatory|transcript	160
chr20	62710936	62711096	ENSG00000101188.5	gene|regulatory|transcript	160
chr20	38135595	38135755	ENSG00000198959.12	gene|regulatory|transcript	160
chr20	50837562	50837722	ENSG00000124243.19	gene|regulatory|transcript	160
chr20	49850289	49850449	ENSG00000197818.12	gene|regulatory|transcript	160
chr20	37734070	37734230	ENSG00000132792.21	gene|regulatory|transcript	160
chr20	18639464	18639624	ENSG00000125821.13|ENSG00000284776.1	gene|regulatory|transcript	160
chr20	34558908	34559068	ENSG00000101460.13	gene|regulatory|transcript	160
chr20	3681747	3681907	ENSG00000149451.19	gene|regulatory|transcript	160
chr20	57524867	57525027	ENSG00000124092.13	gene|regulatory|transcript	160
chr20	2470526	2470686	ENSG00000125835.20|ENSG00000256566.1	gene|regulatory|transcript	160
chr20	13031950	13032110	ENSG00000172296.13	gene|regulatory|transcript	160
chr20	653323	653482	ENSG00000270299.1	gene|regulatory|transcript	159
chr20	2756087	2756246	ENSG00000088881.22	gene|regulatory|transcript	159
chr20	32052569	32052728	ENSG00000101336.18	gene|regulatory|transcript	159
chr20	1448423	1448582	ENSG00000088833.18	gene|regulatory|transcript	159
chr20	63573928	63574087	ENSG00000130589.16	gene|regulatory|transcript	159
chr20	59809137	59809296	ENSG00000087495.17	gene|regulatory|transcript	159
chr20	32997169	32997328	ENSG00000167098.12	gene|regulatory|transcript	159
chr20	62830779	62830938	ENSG00000092758.18	gene|regulatory|transcript	159
chr20	63542003	63542162	ENSG00000125508.4	gene|regulatory|transcript	159
chr20	44617898	44618057	ENSG00000168734.14|ENSG00000196839.14	gene|regulatory|transcript	159
chr20	35700139	35700298	ENSG00000125995.16	gene|regulatory|transcript	159
chr20	9445047	9445206	ENSG00000101333.19	gene|regulatory|transcript	159
chr20	63452810	63452969	ENSG00000075043.21	gene|regulatory|transcript	159
chr20	61629271	61629430	ENSG00000179242.16	gene|regulatory|transcript	159
chr20	34111936	34112095	ENSG00000125977.7	gene|regulatory|transcript	159
chr20	43138209	43138368	ENSG00000196090.14	gene|regulatory|transcript	159
chr20	53585118	53585277	ENSG00000171940.14	gene|regulatory|transcript	159
chr20	9739242	9739401	ENSG00000101349.17	gene|regulatory|transcript	159
chr20	53596216	53596375	ENSG00000171940.14	gene|regulatory|transcript	159
chr20	11912221	11912380	ENSG00000132640.15|ENSG00000236526.1	gene|regulatory|transcript	159
chr20	35092292	35092451	ENSG00000100991.12	gene|regulatory|transcript	159
chr20	32661946	32662105	ENSG00000198547.10|ENSG00000285382.1	gene|regulatory|transcript	159
chr20	31770471	31770630	ENSG00000088325.16	gene|regulatory|transcript	159
chr20	63269095	63269254	ENSG00000101198.15	gene|regulatory|transcript	159
chr20	62387388	62387547	ENSG00000171858.18	gene|regulatory|transcript	159
chr20	38840950	38841109	ENSG00000101445.10	gene|regulatory|transcript	159
chr20	49459780	49459939	ENSG00000158445.10	gene|regulatory|transcript	159
chr20	41525554	41525713	ENSG00000124177.16	gene|regulatory|transcript	159
chr20	49641643	49641802	ENSG00000158470.5	gene|regulatory|transcript	159
chr20	47154628	47154787	ENSG00000064655.19	gene|regulatory|transcript	159
chr20	9353649	9353808	ENSG00000101333.19	gene|regulatory|transcript	159
chr20	51554012	51554171	ENSG00000101096.20	gene|regulatory|transcript	159
chr20	17627036	17627195	ENSG00000125844.17	gene|regulatory|transcript	159
chr20	62808368	62808527	ENSG00000060491.17	gene|regulatory|transcript	159
chr20	19995374	19995533	ENSG00000132669.14	gene|regulatory|transcript	159
chr20	17391484	17391643	ENSG00000125851.10	gene|regulatory|transcript	159
chr20	49318979	49319138	ENSG00000158445.10|ENSG00000283529.2|ENSG00000290421.1	gene|regulatory|transcript	159
chr20	44800530	44800689	ENSG00000101098.13	gene|regulatory|transcript	159
chr20	59932731	59932890	ENSG00000196074.13	gene|regulatory|transcript	159
chr20	36393504	36393663	ENSG00000080845.19	gene|regulatory|transcript	159
chr20	14956435	14956594	ENSG00000172264.19	gene|regulatory|transcript	159
chr20	36481433	36481592	ENSG00000080845.19	gene|regulatory|transcript	159
chr20	48677193	48677352	ENSG00000124126.14	gene|regulatory|transcript	159
chr20	44716178	44716337	ENSG00000064205.11|ENSG00000244558.6	gene|regulatory|transcript	159
chr20	4687467	4687626	ENSG00000171867.18	gene|regulatory|transcript	159
chr20	38109579	38109738	ENSG00000101413.12	gene|regulatory|transcript	159
chr20	44756413	44756572	ENSG00000101098.13	gene|regulatory|transcript	159
chr20	36466340	36466499	ENSG00000080845.19	gene|regulatory|transcript	159
chr20	36919836	36919995	ENSG00000101347.11	gene|regulatory|transcript	159
chr20	62049242	62049401	ENSG00000130699.20	gene|regulatory|transcript	159
chr20	32133327	32133485	ENSG00000101337.16	gene|regulatory|transcript	158
chr20	50628217	50628375	ENSG00000042062.13	gene|regulatory|transcript	158
chr20	34916668	34916826	ENSG00000131069.20	gene|regulatory|transcript	158
chr20	44532125	44532283	ENSG00000168734.14	gene|regulatory|transcript	158
chr20	37346282	37346440	ENSG00000197122.13	gene|regulatory|transcript	158
chr20	31861725	31861883	ENSG00000149599.16	gene|regulatory|transcript	158
chr20	10605123	10605281	ENSG00000149346.15	gene|regulatory|transcript	158
chr20	60009472	60009630	ENSG00000124215.17	gene|regulatory|transcript	158
chr20	33829203	33829361	ENSG00000101421.4	gene|regulatory|transcript	158
chr20	56513428	56513586	ENSG00000022277.13|ENSG00000124091.10	gene|regulatory|transcript	158
chr20	9592585	9592743	ENSG00000101349.17	gene|regulatory|transcript	158
chr20	41248407	41248565	ENSG00000174306.22	gene|regulatory|transcript	158
chr20	63949777	63949935	ENSG00000198276.16	gene|regulatory|transcript	158
chr20	62648436	62648594	ENSG00000101187.16	gene|regulatory|transcript	158
chr20	19589937	19590095	ENSG00000185052.13	gene|regulatory|transcript	158
chr20	35882233	35882391	ENSG00000025293.17	gene|regulatory|transcript	158
chr20	3290608	3290766	ENSG00000088854.13	gene|regulatory|transcript	158
chr20	36251489	36251647	ENSG00000131043.13	gene|regulatory|transcript	158
chr20	38616198	38616356	ENSG00000124143.11|ENSG00000289012.1	gene|regulatory|transcript	158
chr20	37512078	37512236	ENSG00000166619.15	gene|regulatory|transcript	158
chr20	51660595	51660753	ENSG00000054793.14	gene|regulatory|transcript	158
chr20	62152061	62152219	ENSG00000184402.15	gene|regulatory|transcript	158
chr20	19784713	19784871	ENSG00000132669.14	gene|regulatory|transcript	158
chr20	63283880	63284038	ENSG00000101199.13	gene|regulatory|transcript	158
chr20	15100947	15101105	ENSG00000172264.19	gene|regulatory|transcript	158
chr20	38864846	38865004	ENSG00000101445.10	gene|regulatory|transcript	158
chr20	59160895	59161053	ENSG00000124203.7	gene|regulatory|transcript	158
chr20	7926878	7927036	ENSG00000101323.5	gene|regulatory|transcript	158
chr20	34956307	34956465	ENSG00000078814.19	gene|regulatory|transcript	158
chr20	37823745	37823903	ENSG00000132792.21	gene|regulatory|transcript	158
chr20	44357868	44358026	ENSG00000101076.20	gene|regulatory|transcript	158
chr20	34066886	34067044	ENSG00000125970.12	gene|regulatory|transcript	158
chr20	34676365	34676523	ENSG00000101464.11	gene|regulatory|transcript	158
chr20	51413987	51414145	ENSG00000101096.20	gene|regulatory|transcript	158
chr20	20594013	20594171	ENSG00000188559.16	gene|regulatory|transcript	158
chr20	14964786	14964944	ENSG00000172264.19	gene|regulatory|transcript	158
chr20	49983314	49983472	ENSG00000124216.4	gene|regulatory|transcript	158
chr20	53079943	53080101	ENSG00000182463.17	gene|regulatory|transcript	158
chr20	19361919	19362077	ENSG00000185052.13	gene|regulatory|transcript	158
chr20	15785294	15785452	ENSG00000172264.19	gene|regulatory|transcript	158
chr20	44717436	44717594	ENSG00000064205.11|ENSG00000244558.6	gene|regulatory|transcript	158
chr20	19709259	19709417	ENSG00000185052.13	gene|regulatory|transcript	158
chr20	3213426	3213584	ENSG00000125877.13	gene|regulatory|transcript	158
chr20	20463770	20463928	ENSG00000188559.16	gene|regulatory|transcript	158
chr20	49167185	49167343	ENSG00000124214.21	gene|regulatory|transcript	158
chr20	14384836	14384994	ENSG00000172264.19	gene|regulatory|transcript	158
chr20	14717514	14717671	ENSG00000172264.19	gene|regulatory|transcript	157
chr20	44409025	44409182	ENSG00000101076.20	gene|regulatory|transcript	157
chr20	10261800	10261957	ENSG00000132639.15|ENSG00000227906.10	gene|regulatory|transcript	157
chr20	33169302	33169459	ENSG00000131050.11	gene|regulatory|transcript	157
chr20	14801131	14801288	ENSG00000172264.19	gene|regulatory|transcript	157
chr20	51697266	51697423	ENSG00000054793.14	gene|regulatory|transcript	157
chr20	61840850	61841007	ENSG00000179242.16	gene|regulatory|transcript	157
chr20	13269127	13269284	ENSG00000101230.6	gene|regulatory|transcript	157
chr20	33301412	33301569	ENSG00000125999.11	gene|regulatory|transcript	157
chr20	37394708	37394865	ENSG00000197122.13	gene|regulatory|transcript	157
chr20	59031740	59031897	ENSG00000124172.10	gene|regulatory|transcript	157
chr20	31572534	31572691	ENSG00000101294.19|ENSG00000230613.1	gene|regulatory|transcript	157
chr20	32456727	32456884	ENSG00000197183.15	gene|regulatory|transcript	157
chr20	3083224	3083381	ENSG00000101200.5	gene|regulatory|transcript	157
chr20	34699609	34699766	ENSG00000198646.14	gene|regulatory|transcript	157
chr20	9367648	9367805	ENSG00000101333.19	gene|regulatory|transcript	157
chr20	42181142	42181299	ENSG00000196090.14	gene|regulatory|transcript	157
chr20	25045647	25045804	ENSG00000154930.15	gene|regulatory|transcript	157
chr20	10647671	10647828	ENSG00000101384.12	gene|regulatory|transcript	157
chr20	63896849	63897006	ENSG00000101152.12|ENSG00000290226.1	gene|regulatory|transcript	157
chr20	36630702	36630859	ENSG00000101082.14	gene|regulatory|transcript	157
chr20	19672970	19673127	ENSG00000185052.13	gene|regulatory|transcript	157
chr20	45347829	45347986	ENSG00000124145.6	gene|regulatory|transcript	157
chr20	49832398	49832555	ENSG00000197818.12	gene|regulatory|transcript	157
chr20	63533886	63534043	ENSG00000101213.7	gene|regulatory|transcript	157
chr20	62927178	62927335	ENSG00000101191.17	gene|regulatory|transcript	157
chr20	10509440	10509597	ENSG00000149346.15	gene|regulatory|transcript	157
chr20	50845415	50845572	ENSG00000124243.19	gene|regulatory|transcript	157
chr20	50800402	50800559	ENSG00000124243.19	gene|regulatory|transcript	157
chr20	48769239	48769396	ENSG00000124126.14	gene|regulatory|transcript	157
chr20	63272073	63272230	ENSG00000101198.15	gene|regulatory|transcript	157
chr20	24973737	24973894	ENSG00000101474.12	gene|regulatory|transcript	157
chr20	54172354	54172511	ENSG00000019186.10	gene|regulatory|transcript	157
chr20	3681090	3681247	ENSG00000149451.19	gene|regulatory|transcript	157
chr20	61352472	61352629	ENSG00000179242.16	gene|regulatory|transcript	157
chr20	4227075	4227232	ENSG00000171873.8	gene|regulatory|transcript	157
chr20	20699334	20699491	ENSG00000188559.16	gene|regulatory|transcript	157
chr20	36091963	36092120	ENSG00000088367.23	gene|regulatory|transcript	157
chr20	19439841	19439998	ENSG00000185052.13	gene|regulatory|transcript	157
chr20	2207667	2207824	ENSG00000226644.5|ENSG00000286022.1	gene|regulatory|transcript	157
chr20	19889046	19889203	ENSG00000132669.14	gene|regulatory|transcript	157
chr20	38135043	38135200	ENSG00000198959.12	gene|regulatory|transcript	157
chr20	61261906	61262063	ENSG00000179242.16	gene|regulatory|transcript	157
chr20	64211890	64212047	ENSG00000196132.14	gene|regulatory|transcript	157
chr20	36855461	36855618	ENSG00000149639.15	gene|regulatory|transcript	157
chr20	15045896	15046053	ENSG00000172264.19	gene|regulatory|transcript	157
chr20	47356137	47356294	ENSG00000101040.20	gene|regulatory|transcript	157
chr20	4687078	4687235	ENSG00000171867.18	gene|regulatory|transcript	157
chr20	35901432	35901589	ENSG00000025293.17	gene|regulatory|transcript	157
chr20	2169023	2169180	ENSG00000125834.13	gene|regulatory|transcript	157
chr20	43982274	43982431	ENSG00000124191.18	gene|regulatory|transcript	157
chr20	3239190	3239347	ENSG00000088836.14	gene|regulatory|transcript	157
chr20	62355870	62356027	ENSG00000130702.15|ENSG00000228812.9	gene|regulatory|transcript	157
chr20	21388707	21388864	ENSG00000088930.8	gene|regulatory|transcript	157
chr20	17557225	17557382	ENSG00000125864.14	gene|regulatory|transcript	157
chr20	3544139	3544296	ENSG00000088812.18	gene|regulatory|transcript	157
chr20	2751502	2751659	ENSG00000088881.22	gene|regulatory|transcript	157
chr20	35042330	35042487	ENSG00000100991.12	gene|regulatory|transcript	157
chr20	47712594	47712751	ENSG00000196562.16	gene|regulatory|transcript	157
chr20	14922933	14923090	ENSG00000172264.19|ENSG00000235914.2	gene|regulatory|transcript	157
chr20	47725736	47725893	ENSG00000196562.16	gene|regulatory|transcript	157
chr20	44955377	44955534	ENSG00000025772.8|ENSG00000101104.13	gene|regulatory|transcript	157
chr20	63206497	63206654	ENSG00000149658.18	gene|regulatory|transcript	157
chr20	42976933	42977090	ENSG00000196090.14	gene|regulatory|transcript	157
chr20	31473663	31473820	ENSG00000180383.4	gene|regulatory|transcript	157
chr20	44394922	44395079	ENSG00000101076.20|ENSG00000229005.2	gene|regulatory|transcript	157
chr20	57704352	57704508	ENSG00000124225.16	gene|regulatory|transcript	156
chr20	17964155	17964311	ENSG00000089006.17|ENSG00000125850.11	gene|regulatory|transcript	156
chr20	32583306	32583462	ENSG00000197183.15|ENSG00000228156.1	gene|regulatory|transcript	156
chr20	34012455	34012611	ENSG00000125970.12	gene|regulatory|transcript	156
chr20	63881983	63882139	ENSG00000101150.18|ENSG00000290226.1	gene|regulatory|transcript	156
chr20	17622478	17622634	ENSG00000125844.17	gene|regulatory|transcript	156
chr20	62142849	62143005	ENSG00000101182.15	gene|regulatory|transcript	156
chr20	61589891	61590047	ENSG00000179242.16	gene|regulatory|transcript	156
chr20	9072723	9072879	ENSG00000101333.19	gene|regulatory|transcript	156
chr20	53591974	53592130	ENSG00000171940.14	gene|regulatory|transcript	156
chr20	63370596	63370752	ENSG00000101204.18|ENSG00000203900.2	gene|regulatory|transcript	156
chr20	16428214	16428370	ENSG00000089177.20	gene|regulatory|transcript	156
chr20	1119195	1119351	ENSG00000125818.18	gene|regulatory|transcript	156
chr20	41171934	41172090	ENSG00000124181.15	gene|regulatory|transcript	156
chr20	32707677	32707833	ENSG00000149600.12|ENSG00000285382.1	gene|regulatory|transcript	156
chr20	25295447	25295603	ENSG00000100994.12|ENSG00000100997.20	gene|regulatory|transcript	156
chr20	41301005	41301161	ENSG00000174306.22	gene|regulatory|transcript	156
chr20	45910937	45911093	ENSG00000100979.15	gene|regulatory|transcript	156
chr20	62832333	62832489	ENSG00000092758.18	gene|regulatory|transcript	156
chr20	58690877	58691033	ENSG00000215440.12|ENSG00000254995.4	gene|regulatory|transcript	156
chr20	38872072	38872228	ENSG00000101445.10	gene|regulatory|transcript	156
chr20	32209914	32210070	ENSG00000101346.15	gene|regulatory|transcript	156
chr20	35211575	35211731	ENSG00000101000.6|ENSG00000126005.17	gene|regulatory|transcript	156
chr20	51494072	51494228	ENSG00000101096.20	gene|regulatory|transcript	156
chr20	63643053	63643209	ENSG00000197457.10	gene|regulatory|transcript	156
chr20	19780869	19781025	ENSG00000132669.14	gene|regulatory|transcript	156
chr20	50929096	50929252	ENSG00000101126.18	gene|regulatory|transcript	156
chr20	63441945	63442101	ENSG00000075043.21	gene|regulatory|transcript	156
chr20	63210221	63210377	ENSG00000149658.18	gene|regulatory|transcript	156
chr20	19996346	19996502	ENSG00000132669.14	gene|regulatory|transcript	156
chr20	47125353	47125509	ENSG00000064655.19	gene|regulatory|transcript	156
chr20	31549332	31549488	ENSG00000101294.19	gene|regulatory|transcript	156
chr20	5919707	5919863	ENSG00000089199.10	gene|regulatory|transcript	156
chr20	32470532	32470688	ENSG00000197183.15	gene|regulatory|transcript	156
chr20	41587364	41587520	ENSG00000124177.16	gene|regulatory|transcript	156
chr20	13617404	13617560	ENSG00000089123.16	gene|regulatory|transcript	156
chr20	15976853	15977009	ENSG00000172264.19|ENSG00000286546.1	gene|regulatory|transcript	156
chr20	61851399	61851555	ENSG00000179242.16	gene|regulatory|transcript	156
chr20	48949688	48949844	ENSG00000124198.10	gene|regulatory|transcript	156
chr20	44651745	44651901	ENSG00000196839.14	gene|regulatory|transcript	156
chr20	38926925	38927081	ENSG00000101447.15	gene|regulatory|transcript	156
chr20	38883095	38883251	ENSG00000101445.10	gene|regulatory|transcript	156
chr20	57259480	57259636	ENSG00000101144.13	gene|regulatory|transcript	156
chr20	52190996	52191152	ENSG00000020256.20	gene|regulatory|transcript	156
chr20	10668465	10668621	ENSG00000101384.12	gene|regulatory|transcript	156
chr20	42610177	42610333	ENSG00000196090.14	gene|regulatory|transcript	156
chr20	32523006	32523162	ENSG00000197183.15	gene|regulatory|transcript	156
chr20	59940574	59940730	ENSG00000196227.11	gene|regulatory|transcript	156
chr20	61295786	61295942	ENSG00000179242.16	gene|regulatory|transcript	156
chr20	47356447	47356603	ENSG00000101040.20	gene|regulatory|transcript	156
chr20	20568724	20568880	ENSG00000188559.16	gene|regulatory|transcript	156
chr20	51616163	51616319	ENSG00000054793.14	gene|regulatory|transcript	156
chr20	1657455	1657611	ENSG00000089012.14	gene|regulatory|transcript	156
chr20	4810198	4810354	ENSG00000101265.16	gene|regulatory|transcript	156
chr20	43969265	43969421	ENSG00000124191.18	gene|regulatory|transcript	156
chr20	5600007	5600163	ENSG00000125772.14	gene|regulatory|transcript	156
chr20	5156453	5156609	ENSG00000101290.14	gene|regulatory|transcript	156
chr20	59645873	59646029	ENSG00000087495.17	gene|regulatory|transcript	156
chr20	3541842	3541998	ENSG00000088812.18	gene|regulatory|transcript	156
chr20	8228348	8228504	ENSG00000182621.19	gene|regulatory|transcript	156
chr20	53586875	53587030	ENSG00000171940.14	gene|regulatory|transcript	155
chr20	33674068	33674223	ENSG00000125967.17	gene|regulatory|transcript	155
chr20	17226555	17226710	ENSG00000125851.10	gene|regulatory|transcript	155
chr20	44416458	44416613	ENSG00000101076.20	gene|regulatory|transcript	155
chr20	44891971	44892126	ENSG00000166913.13	gene|regulatory|transcript	155
chr20	62356036	62356191	ENSG00000130702.15|ENSG00000228812.9	gene|regulatory|transcript	155
chr20	42924514	42924669	ENSG00000196090.14	gene|regulatory|transcript	155
chr20	42924338	42924493	ENSG00000196090.14	gene|regulatory|transcript	155
chr20	58901341	58901496	ENSG00000087460.29	gene|regulatory|transcript	155
chr20	15220924	15221079	ENSG00000172264.19	gene|regulatory|transcript	155
chr20	50958207	50958362	ENSG00000000419.14	gene|regulatory|transcript	155
chr20	58389517	58389672	ENSG00000124164.16	gene|regulatory|transcript	155
chr20	37993543	37993698	ENSG00000101407.13	gene|regulatory|transcript	155
chr20	1449755	1449910	ENSG00000088833.18	gene|regulatory|transcript	155
chr20	10435584	10435739	ENSG00000149346.15	gene|regulatory|transcript	155
chr20	17651139	17651294	ENSG00000125844.17	gene|regulatory|transcript	155
chr20	42082320	42082475	ENSG00000196090.14	gene|regulatory|transcript	155
chr20	63708243	63708398	ENSG00000197114.12	gene|regulatory|transcript	155
chr20	61371355	61371510	ENSG00000179242.16	gene|regulatory|transcript	155
chr20	8858474	8858629	ENSG00000182621.19	gene|regulatory|transcript	155
chr20	31699007	31699162	ENSG00000171552.14|ENSG00000236559.1	gene|regulatory|transcript	155
chr20	36849815	36849970	ENSG00000149639.15	gene|regulatory|transcript	155
chr20	45611471	45611626	ENSG00000180205.4	gene|regulatory|transcript	155
chr20	18005191	18005346	ENSG00000125850.11	gene|regulatory|transcript	155
chr20	59236895	59237050	ENSG00000124203.7	gene|regulatory|transcript	155
chr20	35884351	35884506	ENSG00000025293.17	gene|regulatory|transcript	155
chr20	20594569	20594724	ENSG00000188559.16	gene|regulatory|transcript	155
chr20	834253	834408	ENSG00000125898.13	gene|regulatory|transcript	155
chr20	53596896	53597051	ENSG00000171940.14	gene|regulatory|transcript	155
chr20	45945404	45945559	ENSG00000100982.12	gene|regulatory|transcript	155
chr20	41150717	41150872	ENSG00000124181.15	gene|regulatory|transcript	155
chr20	46896067	46896222	ENSG00000064655.19	gene|regulatory|transcript	155
chr20	4978374	4978529	ENSG00000089057.15	gene|regulatory|transcript	155
chr20	51481150	51481305	ENSG00000101096.20	gene|regulatory|transcript	155
chr20	19765467	19765622	ENSG00000132669.14	gene|regulatory|transcript	155
chr20	63573374	63573529	ENSG00000130589.16	gene|regulatory|transcript	155
chr20	46357930	46358085	ENSG00000080189.15	gene|regulatory|transcript	155
chr20	62183243	62183398	ENSG00000101181.18	gene|regulatory|transcript	155
chr20	47254082	47254237	ENSG00000101040.20	gene|regulatory|transcript	155
chr20	64240143	64240298	ENSG00000196132.14	gene|regulatory|transcript	155
chr20	36745585	36745740	ENSG00000101079.21	gene|regulatory|transcript	155
chr20	51512652	51512807	ENSG00000101096.20	gene|regulatory|transcript	155
chr20	34861562	34861717	ENSG00000131067.17	gene|regulatory|transcript	155
chr20	2559895	2560050	ENSG00000149488.14	gene|regulatory|transcript	155
chr20	31708798	31708953	ENSG00000171552.14|ENSG00000236559.1	gene|regulatory|transcript	155
chr20	62739904	62740059	ENSG00000101188.5	gene|regulatory|transcript	155
chr20	42585387	42585542	ENSG00000196090.14	gene|regulatory|transcript	155
chr20	841508	841663	ENSG00000125898.13	gene|regulatory|transcript	155
chr20	44357686	44357841	ENSG00000101076.20	gene|regulatory|transcript	155
chr20	34621857	34622012	ENSG00000101464.11	gene|regulatory|transcript	155
chr20	8458369	8458524	ENSG00000182621.19	gene|regulatory|transcript	155
chr20	25080193	25080348	ENSG00000100987.15	gene|regulatory|transcript	155
chr20	6034833	6034988	ENSG00000088766.12|ENSG00000286235.1	gene|regulatory|transcript	155
chr20	35976193	35976348	ENSG00000149646.12	gene|regulatory|transcript	155
chr20	33685127	33685282	ENSG00000101412.13	gene|regulatory|transcript	155
chr20	25310472	25310627	ENSG00000100997.20	gene|regulatory|transcript	155
chr20	22584947	22585102	ENSG00000125798.15	gene|regulatory|transcript	155
chr20	44500434	44500589	ENSG00000132824.14	gene|regulatory|transcript	155
chr20	64158627	64158782	ENSG00000196132.14	gene|regulatory|transcript	155
chr20	3549653	3549808	ENSG00000088812.18	gene|regulatory|transcript	155
chr20	61933436	61933591	ENSG00000179242.16	gene|regulatory|transcript	155
chr20	24584386	24584541	ENSG00000101463.6	gene|regulatory|transcript	155
chr20	37256498	37256653	ENSG00000118702.11	gene|regulatory|transcript	155
chr20	57508450	57508605	ENSG00000124092.13	gene|regulatory|transcript	155
chr20	37758548	37758702	ENSG00000132792.21	gene|regulatory|transcript	154
chr20	36745260	36745414	ENSG00000101079.21	gene|regulatory|transcript	154
chr20	19948040	19948194	ENSG00000132669.14	gene|regulatory|transcript	154
chr20	2419337	2419491	ENSG00000166948.10	gene|regulatory|transcript	154
chr20	2469710	2469864	ENSG00000125835.20|ENSG00000256566.1	gene|regulatory|transcript	154
chr20	48790995	48791149	ENSG00000124126.14	gene|regulatory|transcript	154
chr20	25584947	25585101	ENSG00000101004.16	gene|regulatory|transcript	154
chr20	63830006	63830160	ENSG00000130584.12	gene|regulatory|transcript	154
chr20	47279033	47279187	ENSG00000101040.20	gene|regulatory|transcript	154
chr20	63281136	63281290	ENSG00000101199.13	gene|regulatory|transcript	154
chr20	62667586	62667740	ENSG00000101187.16	gene|regulatory|transcript	154
chr20	33838652	33838806	ENSG00000101421.4	gene|regulatory|transcript	154
chr20	4014531	4014685	ENSG00000101236.17	gene|regulatory|transcript	154
chr20	17646922	17647076	ENSG00000125844.17	gene|regulatory|transcript	154
chr20	62650767	62650921	ENSG00000101187.16	gene|regulatory|transcript	154
chr20	10609580	10609734	ENSG00000149346.15	gene|regulatory|transcript	154
chr20	36168317	36168471	ENSG00000088367.23	gene|regulatory|transcript	154
chr20	24953547	24953701	ENSG00000077984.6	gene|regulatory|transcript	154
chr20	50145721	50145875	ENSG00000124208.16|ENSG00000240849.11	gene|regulatory|transcript	154
chr20	53593494	53593648	ENSG00000171940.14	gene|regulatory|transcript	154
chr20	5603565	5603719	ENSG00000125772.14	gene|regulatory|transcript	154
chr20	44002255	44002409	ENSG00000124191.18	gene|regulatory|transcript	154
chr20	18713332	18713486	ENSG00000125821.13|ENSG00000284776.1	gene|regulatory|transcript	154
chr20	41316051	41316205	ENSG00000174306.22	gene|regulatory|transcript	154
chr20	2746435	2746589	ENSG00000088881.22	gene|regulatory|transcript	154
chr20	50520603	50520757	ENSG00000196396.10	gene|regulatory|transcript	154
chr20	16749612	16749766	ENSG00000125879.5	gene|regulatory|transcript	154
chr20	3908905	3909059	ENSG00000125779.24	gene|regulatory|transcript	154
chr20	46649178	46649332	ENSG00000158296.14	gene|regulatory|transcript	154
chr20	46959459	46959613	ENSG00000064655.19	gene|regulatory|transcript	154
chr20	6769458	6769612	ENSG00000125845.7	gene|regulatory|transcript	154
chr20	10664734	10664888	ENSG00000101384.12	gene|regulatory|transcript	154
chr20	2125821	2125975	ENSG00000125834.13	gene|regulatory|transcript	154
chr20	14378742	14378896	ENSG00000172264.19	gene|regulatory|transcript	154
chr20	15789108	15789262	ENSG00000172264.19	gene|regulatory|transcript	154
chr20	3203649	3203803	ENSG00000198171.13	gene|regulatory|transcript	154
chr20	63679539	63679693	ENSG00000026036.23|ENSG00000258366.12	gene|regulatory|transcript	154
chr20	47031450	47031604	ENSG00000064655.19	gene|regulatory|transcript	154
chr20	25056600	25056754	ENSG00000154930.15	gene|regulatory|transcript	154
chr20	16475440	16475594	ENSG00000089177.20	gene|regulatory|transcript	154
chr20	61797816	61797970	ENSG00000179242.16	gene|regulatory|transcript	154
chr20	35174953	35175107	ENSG00000101000.6	gene|regulatory|transcript	154
chr20	20598378	20598532	ENSG00000188559.16	gene|regulatory|transcript	154
chr20	13546411	13546565	ENSG00000089123.16	gene|regulatory|transcript	154
chr20	43943039	43943193	ENSG00000124191.18	gene|regulatory|transcript	154
chr20	5819356	5819510	ENSG00000171984.15	gene|regulatory|transcript	154
chr20	59606162	59606316	ENSG00000087495.17	gene|regulatory|transcript	154
chr20	19341789	19341943	ENSG00000185052.13	gene|regulatory|transcript	154
chr20	16273921	16274075	ENSG00000089177.20	gene|regulatory|transcript	154
chr20	4697987	4698141	ENSG00000171867.18	gene|regulatory|transcript	154
chr20	61252570	61252724	ENSG00000179242.16	gene|regulatory|transcript	154
chr20	57693451	57693605	ENSG00000124225.16	gene|regulatory|transcript	154
chr20	59308699	59308853	ENSG00000124205.18	gene|regulatory|transcript	154
chr20	9514998	9515152	ENSG00000125869.10	gene|regulatory|transcript	154
chr20	48689508	48689662	ENSG00000124126.14	gene|regulatory|transcript	154
chr20	54208921	54209075	ENSG00000101132.10	gene|regulatory|transcript	154
chr20	20317624	20317778	ENSG00000089101.19	gene|regulatory|transcript	154
chr20	51678139	51678293	ENSG00000054793.14	gene|regulatory|transcript	154
chr20	34547044	34547198	ENSG00000101460.13	gene|regulatory|transcript	154
chr20	1466397	1466551	ENSG00000088833.18	gene|regulatory|transcript	154
chr20	3133287	3133441	ENSG00000185019.17|ENSG00000235958.5	gene|regulatory|transcript	154
chr20	32474208	32474362	ENSG00000197183.15	gene|regulatory|transcript	154
chr20	49985259	49985413	ENSG00000124216.4	gene|regulatory|transcript	154
chr20	25696042	25696196	ENSG00000130684.14	gene|regulatory|transcript	154
chr20	62133558	62133712	ENSG00000149657.20	gene|regulatory|transcript	154
chr20	37996462	37996616	ENSG00000101407.13	gene|regulatory|transcript	154
chr20	2102540	2102694	ENSG00000125834.13	gene|regulatory|transcript	154
chr20	9353993	9354147	ENSG00000101333.19	gene|regulatory|transcript	154
chr20	34951864	34952018	ENSG00000100983.12	gene|regulatory|transcript	154
chr20	64224760	64224914	ENSG00000196132.14	gene|regulatory|transcript	154
chr20	363803	363956	ENSG00000101255.12	gene|regulatory|transcript	153
chr20	59998035	59998188	ENSG00000124215.17	gene|regulatory|transcript	153
chr20	63212499	63212652	ENSG00000149658.18	gene|regulatory|transcript	153
chr20	42976173	42976326	ENSG00000196090.14	gene|regulatory|transcript	153
chr20	63535244	63535397	ENSG00000101213.7	gene|regulatory|transcript	153
chr20	59676764	59676917	ENSG00000087495.17	gene|regulatory|transcript	153
chr20	38805909	38806062	ENSG00000101445.10	gene|regulatory|transcript	153
chr20	53282245	53282398	ENSG00000182463.17|ENSG00000271774.1	gene|regulatory|transcript	153
chr20	45312395	45312548	ENSG00000124232.11	gene|regulatory|transcript	153
chr20	54622666	54622819	ENSG00000101134.12	gene|regulatory|transcript	153
chr20	50092591	50092744	ENSG00000124208.16|ENSG00000244687.13	gene|regulatory|transcript	153
chr20	33179783	33179936	ENSG00000131050.11	gene|regulatory|transcript	153
chr20	3172852	3173005	ENSG00000088899.16	gene|regulatory|transcript	153
chr20	17969166	17969319	ENSG00000125850.11|ENSG00000125871.14	gene|regulatory|transcript	153
chr20	25391456	25391609	ENSG00000101003.12	gene|regulatory|transcript	153
chr20	20413679	20413832	ENSG00000188559.16	gene|regulatory|transcript	153
chr20	41031103	41031256	ENSG00000198900.7	gene|regulatory|transcript	153
chr20	23637273	23637426	ENSG00000101439.9	gene|regulatory|transcript	153
chr20	36506390	36506543	ENSG00000080845.19	gene|regulatory|transcript	153
chr20	1897428	1897581	ENSG00000198053.12	gene|regulatory|transcript	153
chr20	2891447	2891600	ENSG00000132670.21	gene|regulatory|transcript	153
chr20	51752499	51752652	ENSG00000054793.14	gene|regulatory|transcript	153
chr20	8855393	8855546	ENSG00000182621.19	gene|regulatory|transcript	153
chr20	47349390	47349543	ENSG00000101040.20	gene|regulatory|transcript	153
chr20	37355047	37355200	ENSG00000197122.13	gene|regulatory|transcript	153
chr20	14957997	14958150	ENSG00000172264.19	gene|regulatory|transcript	153
chr20	47035427	47035580	ENSG00000064655.19	gene|regulatory|transcript	153
chr20	34018304	34018457	ENSG00000125970.12	gene|regulatory|transcript	153
chr20	53071365	53071518	ENSG00000182463.17	gene|regulatory|transcript	153
chr20	44969409	44969562	ENSG00000101109.13	gene|regulatory|transcript	153
chr20	10660427	10660580	ENSG00000101384.12	gene|regulatory|transcript	153
chr20	438841	438994	ENSG00000125875.15	gene|regulatory|transcript	153
chr20	44476235	44476388	ENSG00000124120.11	gene|regulatory|transcript	153
chr20	35699763	35699916	ENSG00000125995.16	gene|regulatory|transcript	153
chr20	44485135	44485288	ENSG00000124120.11	gene|regulatory|transcript	153
chr20	62336580	62336733	ENSG00000130702.15	gene|regulatory|transcript	153
chr20	50662485	50662638	ENSG00000042062.13	gene|regulatory|transcript	153
chr20	36887013	36887166	ENSG00000101342.10	gene|regulatory|transcript	153
chr20	62240152	62240305	ENSG00000130703.17	gene|regulatory|transcript	153
chr20	58653329	58653482	ENSG00000124222.23|ENSG00000254995.4	gene|regulatory|transcript	153
chr20	8131984	8132137	ENSG00000182621.19	gene|regulatory|transcript	153
chr20	1265695	1265848	ENSG00000244588.6	gene|regulatory|transcript	153
chr20	43145615	43145768	ENSG00000196090.14	gene|regulatory|transcript	153
chr20	50732006	50732159	ENSG00000124171.9	gene|regulatory|transcript	153
chr20	41138588	41138741	ENSG00000124181.15	gene|regulatory|transcript	153
chr20	50113198	50113351	ENSG00000124208.16|ENSG00000244687.13	gene|regulatory|transcript	153
chr20	9739059	9739212	ENSG00000101349.17	gene|regulatory|transcript	153
chr20	63433077	63433230	ENSG00000075043.21	gene|regulatory|transcript	153
chr20	36606631	36606784	ENSG00000101084.19|ENSG00000259399.1	gene|regulatory|transcript	153
chr20	37915363	37915516	ENSG00000132821.12	gene|regulatory|transcript	153
chr20	35304291	35304444	ENSG00000101019.22	gene|regulatory|transcript	153
chr20	31987786	31987939	ENSG00000260903.3	gene|regulatory|transcript	153
chr20	13994834	13994987	ENSG00000101251.13	gene|regulatory|transcript	153
chr20	41151126	41151279	ENSG00000124181.15	gene|regulatory|transcript	153
chr20	41142432	41142585	ENSG00000124181.15	gene|regulatory|transcript	153
chr20	1899214	1899367	ENSG00000198053.12	gene|regulatory|transcript	153
chr20	21162642	21162795	ENSG00000088970.16|ENSG00000228604.3|ENSG00000232712.6	gene|regulatory|transcript	153
chr20	62027212	62027365	ENSG00000130699.20	gene|regulatory|transcript	153
chr20	64003441	64003594	ENSG00000101161.8	gene|regulatory|transcript	153
chr20	45946559	45946712	ENSG00000100982.12	gene|regulatory|transcript	153
chr20	62915330	62915483	ENSG00000101191.17	gene|regulatory|transcript	153
chr20	25277608	25277761	ENSG00000100994.12	gene|regulatory|transcript	153
chr20	36143319	36143472	ENSG00000088367.23	gene|regulatory|transcript	153
chr20	9070433	9070586	ENSG00000101333.19	gene|regulatory|transcript	153
chr20	2752614	2752767	ENSG00000088881.22	gene|regulatory|transcript	153
chr20	36138823	36138976	ENSG00000088367.23	gene|regulatory|transcript	153
chr20	57329998	57330151	ENSG00000054796.13	gene|regulatory|transcript	153
chr20	6008677	6008830	ENSG00000088766.12|ENSG00000286235.1	gene|regulatory|transcript	153
chr20	48767171	48767324	ENSG00000124126.14	gene|regulatory|transcript	153
chr20	58349619	58349772	ENSG00000124209.4	gene|regulatory|transcript	153
chr20	54650165	54650318	ENSG00000101134.12	gene|regulatory|transcript	153
chr20	50826117	50826270	ENSG00000124243.19	gene|regulatory|transcript	153
chr20	37774413	37774566	ENSG00000132792.21	gene|regulatory|transcript	153
chr20	64257219	64257372	ENSG00000203880.13	gene|regulatory|transcript	153
chr20	38862417	38862569	ENSG00000101445.10	gene|regulatory|transcript	152
chr20	59605183	59605335	ENSG00000087495.17	gene|regulatory|transcript	152
chr20	43948968	43949120	ENSG00000124191.18	gene|regulatory|transcript	152
chr20	13221970	13222122	ENSG00000101230.6	gene|regulatory|transcript	152
chr20	1900665	1900817	ENSG00000198053.12	gene|regulatory|transcript	152
chr20	52976920	52977072	ENSG00000182463.17	gene|regulatory|transcript	152
chr20	41140331	41140483	ENSG00000124181.15	gene|regulatory|transcript	152
chr20	34713773	34713925	ENSG00000198646.14	gene|regulatory|transcript	152
chr20	25549950	25550102	ENSG00000101004.16	gene|regulatory|transcript	152
chr20	50731852	50732004	ENSG00000124171.9	gene|regulatory|transcript	152
chr20	14331053	14331205	ENSG00000125848.10|ENSG00000172264.19	gene|regulatory|transcript	152
chr20	57257927	57258079	ENSG00000101144.13	gene|regulatory|transcript	152
chr20	36138976	36139128	ENSG00000088367.23	gene|regulatory|transcript	152
chr20	46546334	46546486	ENSG00000149635.3	gene|regulatory|transcript	152
chr20	48679754	48679906	ENSG00000124126.14	gene|regulatory|transcript	152
chr20	62280905	62281057	ENSG00000130703.17	gene|regulatory|transcript	152
chr20	25579071	25579223	ENSG00000101004.16	gene|regulatory|transcript	152
chr20	21232581	21232733	ENSG00000088970.16	gene|regulatory|transcript	152
chr20	43985237	43985389	ENSG00000124191.18	gene|regulatory|transcript	152
chr20	31676447	31676599	ENSG00000171552.14	gene|regulatory|transcript	152
chr20	51427384	51427536	ENSG00000101096.20	gene|regulatory|transcript	152
chr20	48984972	48985124	ENSG00000124198.10	gene|regulatory|transcript	152
chr20	47757714	47757866	ENSG00000196562.16	gene|regulatory|transcript	152
chr20	41343192	41343344	ENSG00000132793.12	gene|regulatory|transcript	152
chr20	63360830	63360982	ENSG00000101204.18|ENSG00000203900.2	gene|regulatory|transcript	152
chr20	58485393	58485545	ENSG00000198768.11	gene|regulatory|transcript	152
chr20	47163967	47164119	ENSG00000064655.19	gene|regulatory|transcript	152
chr20	56393329	56393481	ENSG00000101138.12	gene|regulatory|transcript	152
chr20	53584649	53584801	ENSG00000171940.14	gene|regulatory|transcript	152
chr20	48995630	48995782	ENSG00000124198.10	gene|regulatory|transcript	152
chr20	37920333	37920485	ENSG00000132821.12	gene|regulatory|transcript	152
chr20	33273720	33273872	ENSG00000125999.11	gene|regulatory|transcript	152
chr20	49675126	49675278	ENSG00000158470.5	gene|regulatory|transcript	152
chr20	49681239	49681391	ENSG00000158470.5	gene|regulatory|transcript	152
chr20	25341793	25341945	ENSG00000100997.20	gene|regulatory|transcript	152
chr20	56484189	56484341	ENSG00000022277.13	gene|regulatory|transcript	152
chr20	51729978	51730130	ENSG00000054793.14	gene|regulatory|transcript	152
chr20	10536560	10536712	ENSG00000149346.15	gene|regulatory|transcript	152
chr20	62798369	62798521	ENSG00000101189.7	gene|regulatory|transcript	152
chr20	31670024	31670176	ENSG00000171552.14	gene|regulatory|transcript	152
chr20	33636884	33637036	ENSG00000078699.22	gene|regulatory|transcript	152
chr20	19953771	19953923	ENSG00000132669.14	gene|regulatory|transcript	152
chr20	57683725	57683877	ENSG00000124225.16	gene|regulatory|transcript	152
chr20	53608201	53608353	ENSG00000171940.14	gene|regulatory|transcript	152
chr20	37168243	37168395	ENSG00000101353.16	gene|regulatory|transcript	152
chr20	4172897	4173049	ENSG00000088826.18	gene|regulatory|transcript	152
chr20	279347	279499	ENSG00000196476.12	gene|regulatory|transcript	152
chr20	36361347	36361499	ENSG00000080845.19	gene|regulatory|transcript	152
chr20	24951234	24951386	ENSG00000077984.6	gene|regulatory|transcript	152
chr20	36493231	36493383	ENSG00000080845.19	gene|regulatory|transcript	152
chr20	58155672	58155824	ENSG00000124237.6	gene|regulatory|transcript	152
chr20	34637372	34637524	ENSG00000101464.11	gene|regulatory|transcript	152
chr20	31516709	31516861	ENSG00000101294.19	gene|regulatory|transcript	152
chr20	13415509	13415661	ENSG00000089123.16	gene|regulatory|transcript	152
chr20	13865858	13866010	ENSG00000101251.13	gene|regulatory|transcript	152
chr20	33532049	33532201	ENSG00000078699.22	gene|regulatory|transcript	152
chr20	33442217	33442369	ENSG00000101400.6	gene|regulatory|transcript	152
chr20	10511679	10511831	ENSG00000149346.15	gene|regulatory|transcript	152
chr20	58312840	58312992	ENSG00000124209.4	gene|regulatory|transcript	152
chr20	59165583	59165735	ENSG00000124203.7	gene|regulatory|transcript	152
chr20	45312058	45312210	ENSG00000124232.11	gene|regulatory|transcript	152
chr20	63881766	63881918	ENSG00000101150.18|ENSG00000290226.1	gene|regulatory|transcript	152
chr20	36349887	36350039	ENSG00000080845.19	gene|regulatory|transcript	152
chr20	49405302	49405454	ENSG00000158445.10|ENSG00000290421.1	gene|regulatory|transcript	152
chr20	43004977	43005129	ENSG00000196090.14	gene|regulatory|transcript	152
chr20	19918021	19918173	ENSG00000132669.14	gene|regulatory|transcript	152
chr20	661089	661241	ENSG00000270299.1	gene|regulatory|transcript	152
chr20	43186742	43186894	ENSG00000196090.14	gene|regulatory|transcript	152
chr20	61511152	61511304	ENSG00000179242.16	gene|regulatory|transcript	152
chr20	42973295	42973447	ENSG00000196090.14	gene|regulatory|transcript	152
chr20	33678943	33679095	ENSG00000101412.13	gene|regulatory|transcript	152
chr20	5758113	5758264	ENSG00000171984.15	gene|regulatory|transcript	151
chr20	63982815	63982966	ENSG00000101161.8	gene|regulatory|transcript	151
chr20	62927450	62927601	ENSG00000101191.17	gene|regulatory|transcript	151
chr20	3406228	3406379	ENSG00000088854.13	gene|regulatory|transcript	151
chr20	1204863	1205014	ENSG00000215595.3|ENSG00000274269.1	gene|regulatory|transcript	151
chr20	25539384	25539535	ENSG00000101004.16	gene|regulatory|transcript	151
chr20	61272130	61272281	ENSG00000179242.16	gene|regulatory|transcript	151
chr20	34992869	34993020	ENSG00000078814.19	gene|regulatory|transcript	151
chr20	25040218	25040369	ENSG00000154930.15	gene|regulatory|transcript	151
chr20	58888233	58888384	ENSG00000087460.29|ENSG00000225806.8	gene|regulatory|transcript	151
chr20	57257029	57257180	ENSG00000101144.13	gene|regulatory|transcript	151
chr20	14084180	14084331	ENSG00000172264.19	gene|regulatory|transcript	151
chr20	46032257	46032408	ENSG00000124140.15	gene|regulatory|transcript	151
chr20	41154926	41155077	ENSG00000124181.15	gene|regulatory|transcript	151
chr20	57700186	57700337	ENSG00000124225.16	gene|regulatory|transcript	151
chr20	44257001	44257152	ENSG00000124194.17	gene|regulatory|transcript	151
chr20	20410550	20410701	ENSG00000188559.16	gene|regulatory|transcript	151
chr20	31710532	31710683	ENSG00000171552.14|ENSG00000236559.1	gene|regulatory|transcript	151
chr20	61887237	61887388	ENSG00000179242.16	gene|regulatory|transcript	151
chr20	47062592	47062743	ENSG00000064655.19	gene|regulatory|transcript	151
chr20	3894857	3895008	ENSG00000125779.24	gene|regulatory|transcript	151
chr20	63873516	63873667	ENSG00000101150.18|ENSG00000290226.1	gene|regulatory|transcript	151
chr20	31760657	31760808	ENSG00000088325.16	gene|regulatory|transcript	151
chr20	45347091	45347242	ENSG00000124145.6	gene|regulatory|transcript	151
chr20	58852506	58852657	ENSG00000087460.29	gene|regulatory|transcript	151
chr20	16274506	16274657	ENSG00000089177.20	gene|regulatory|transcript	151
chr20	49713424	49713575	ENSG00000158470.5	gene|regulatory|transcript	151
chr20	49813938	49814089	ENSG00000197818.12	gene|regulatory|transcript	151
chr20	54017695	54017846	ENSG00000064787.14	gene|regulatory|transcript	151
chr20	20201797	20201948	ENSG00000089101.19	gene|regulatory|transcript	151
chr20	59705732	59705883	ENSG00000087495.17	gene|regulatory|transcript	151
chr20	51512849	51513000	ENSG00000101096.20	gene|regulatory|transcript	151
chr20	33673894	33674045	ENSG00000125967.17	gene|regulatory|transcript	151
chr20	20333977	20334128	ENSG00000089101.19	gene|regulatory|transcript	151
chr20	64107565	64107716	ENSG00000196132.14	gene|regulatory|transcript	151
chr20	2742021	2742172	ENSG00000088881.22	gene|regulatory|transcript	151
chr20	56489600	56489751	ENSG00000022277.13	gene|regulatory|transcript	151
chr20	46400376	46400527	ENSG00000062598.18	gene|regulatory|transcript	151
chr20	41567271	41567422	ENSG00000124177.16	gene|regulatory|transcript	151
chr20	9080083	9080234	ENSG00000101333.19	gene|regulatory|transcript	151
chr20	47351114	47351265	ENSG00000101040.20	gene|regulatory|transcript	151
chr20	19928758	19928909	ENSG00000132669.14	gene|regulatory|transcript	151
chr20	35975689	35975840	ENSG00000149646.12	gene|regulatory|transcript	151
chr20	54164300	54164451	ENSG00000019186.10	gene|regulatory|transcript	151
chr20	51802127	51802278	ENSG00000101115.13	gene|regulatory|transcript	151
chr20	45019463	45019614	ENSG00000101109.13	gene|regulatory|transcript	151
chr20	13158884	13159035	ENSG00000172296.13	gene|regulatory|transcript	151
chr20	32693884	32694035	ENSG00000285382.1	gene|regulatory|transcript	151
chr20	32560043	32560194	ENSG00000197183.15	gene|regulatory|transcript	151
chr20	34581809	34581959	ENSG00000101464.11	gene|regulatory|transcript	150
chr20	41157530	41157680	ENSG00000124181.15	gene|regulatory|transcript	150
chr20	62937065	62937215	ENSG00000101191.17	gene|regulatory|transcript	150
chr20	63931182	63931332	ENSG00000101152.12	gene|regulatory|transcript	150
chr20	63277966	63278116	ENSG00000101199.13	gene|regulatory|transcript	150
chr20	62360142	62360292	ENSG00000130702.15	gene|regulatory|transcript	150
chr20	47038961	47039111	ENSG00000064655.19	gene|regulatory|transcript	150
chr20	3612878	3613028	ENSG00000088812.18	gene|regulatory|transcript	150
chr20	2755884	2756034	ENSG00000088881.22	gene|regulatory|transcript	150
chr20	3159580	3159730	ENSG00000185019.17|ENSG00000215251.5	gene|regulatory|transcript	150
chr20	2142762	2142912	ENSG00000125834.13	gene|regulatory|transcript	150
chr20	62365530	62365680	ENSG00000130702.15	gene|regulatory|transcript	150
chr20	21710686	21710836	ENSG00000125813.15	gene|regulatory|transcript	150
chr20	14882220	14882370	ENSG00000172264.19	gene|regulatory|transcript	150
chr20	17615220	17615370	ENSG00000125844.17	gene|regulatory|transcript	150
chr20	53583807	53583957	ENSG00000171940.14	gene|regulatory|transcript	150
chr20	25623426	25623576	ENSG00000170191.5	gene|regulatory|transcript	150
chr20	43988657	43988807	ENSG00000124191.18	gene|regulatory|transcript	150
chr20	41116658	41116808	ENSG00000198900.7|ENSG00000226648.2	gene|regulatory|transcript	150
chr20	53028595	53028745	ENSG00000182463.17	gene|regulatory|transcript	150
chr20	46567774	46567924	ENSG00000158296.14	gene|regulatory|transcript	150
chr20	61398236	61398386	ENSG00000179242.16	gene|regulatory|transcript	150
chr20	49433178	49433328	ENSG00000158445.10|ENSG00000290421.1	gene|regulatory|transcript	150
chr20	47776029	47776179	ENSG00000196562.16	gene|regulatory|transcript	150
chr20	16317820	16317970	ENSG00000089177.20	gene|regulatory|transcript	150
chr20	62426316	62426466	ENSG00000130701.4	gene|regulatory|transcript	150
chr20	50655048	50655198	ENSG00000042062.13|ENSG00000234693.1	gene|regulatory|transcript	150
chr20	43591158	43591308	ENSG00000101052.13	gene|regulatory|transcript	150
chr20	50108680	50108830	ENSG00000124208.16|ENSG00000244687.13	gene|regulatory|transcript	150
chr20	59770717	59770867	ENSG00000087495.17	gene|regulatory|transcript	150
chr20	62366226	62366376	ENSG00000130702.15	gene|regulatory|transcript	150
chr20	2508582	2508732	ENSG00000088876.13|ENSG00000256566.1	gene|regulatory|transcript	150
chr20	34703655	34703805	ENSG00000198646.14	gene|regulatory|transcript	150
chr20	19396582	19396732	ENSG00000185052.13	gene|regulatory|transcript	150
chr20	20272787	20272937	ENSG00000089101.19	gene|regulatory|transcript	150
chr20	37730036	37730186	ENSG00000132792.21	gene|regulatory|transcript	150
chr20	42433760	42433910	ENSG00000196090.14	gene|regulatory|transcript	150
chr20	61874485	61874635	ENSG00000179242.16	gene|regulatory|transcript	150
chr20	33442418	33442568	ENSG00000101400.6	gene|regulatory|transcript	150
chr20	63791627	63791777	ENSG00000130584.12	gene|regulatory|transcript	150
chr20	2745224	2745374	ENSG00000088881.22	gene|regulatory|transcript	150
chr20	62644043	62644193	ENSG00000101187.16	gene|regulatory|transcript	150
chr20	17625361	17625511	ENSG00000125844.17	gene|regulatory|transcript	150
chr20	3680144	3680294	ENSG00000149451.19	gene|regulatory|transcript	150
chr20	49676576	49676726	ENSG00000158470.5	gene|regulatory|transcript	150
chr20	31776825	31776975	ENSG00000088325.16	gene|regulatory|transcript	150
chr20	25295188	25295338	ENSG00000100994.12|ENSG00000100997.20	gene|regulatory|transcript	150
chr20	44979102	44979252	ENSG00000101109.13	gene|regulatory|transcript	150
chr20	2865495	2865645	ENSG00000215305.10	gene|regulatory|transcript	150
chr20	51497294	51497444	ENSG00000101096.20	gene|regulatory|transcript	150
chr20	25462232	25462382	ENSG00000101004.16	gene|regulatory|transcript	150
chr20	50101990	50102140	ENSG00000124208.16|ENSG00000244687.13	gene|regulatory|transcript	150
chr20	25280623	25280773	ENSG00000100994.12	gene|regulatory|transcript	150
chr20	51747616	51747766	ENSG00000054793.14	gene|regulatory|transcript	150
chr20	33103656	33103806	ENSG00000186191.9	gene|regulatory|transcript	150
chr20	49475511	49475661	ENSG00000158445.10	gene|regulatory|transcript	150
chr20	43015790	43015940	ENSG00000196090.14	gene|regulatory|transcript	150
chr20	32114631	32114780	ENSG00000101337.16	gene|regulatory|transcript	149
chr20	53362799	53362948	ENSG00000182463.17|ENSG00000271774.1	gene|regulatory|transcript	149
chr20	6770472	6770621	ENSG00000125845.7	gene|regulatory|transcript	149
chr20	15756811	15756960	ENSG00000172264.19	gene|regulatory|transcript	149
chr20	25279436	25279585	ENSG00000100994.12	gene|regulatory|transcript	149
chr20	35208520	35208669	ENSG00000101000.6|ENSG00000126005.17	gene|regulatory|transcript	149
chr20	17642829	17642978	ENSG00000125844.17	gene|regulatory|transcript	149
chr20	33830081	33830230	ENSG00000101421.4	gene|regulatory|transcript	149
chr20	35092464	35092613	ENSG00000100991.12	gene|regulatory|transcript	149
chr20	50110010	50110159	ENSG00000124208.16|ENSG00000244687.13	gene|regulatory|transcript	149
chr20	37912937	37913086	ENSG00000132821.12	gene|regulatory|transcript	149
chr20	14197336	14197485	ENSG00000172264.19	gene|regulatory|transcript	149
chr20	46545177	46545326	ENSG00000149635.3	gene|regulatory|transcript	149
chr20	21352932	21353081	ENSG00000088930.8	gene|regulatory|transcript	149
chr20	64005432	64005581	ENSG00000101161.8	gene|regulatory|transcript	149
chr20	59684013	59684162	ENSG00000087495.17	gene|regulatory|transcript	149
chr20	57619477	57619626	ENSG00000124256.15	gene|regulatory|transcript	149
chr20	9741716	9741865	ENSG00000101349.17	gene|regulatory|transcript	149
chr20	37389853	37390002	ENSG00000197122.13	gene|regulatory|transcript	149
chr20	59826119	59826268	ENSG00000087495.17	gene|regulatory|transcript	149
chr20	3678898	3679047	ENSG00000149451.19	gene|regulatory|transcript	149
chr20	46206057	46206206	ENSG00000149654.11	gene|regulatory|transcript	149
chr20	35306198	35306347	ENSG00000101019.22	gene|regulatory|transcript	149
chr20	38149701	38149850	ENSG00000198959.12	gene|regulatory|transcript	149
chr20	32877559	32877708	ENSG00000215529.13	gene|regulatory|transcript	149
chr20	52056551	52056700	ENSG00000020256.20	gene|regulatory|transcript	149
chr20	31711509	31711658	ENSG00000171552.14|ENSG00000236559.1	gene|regulatory|transcript	149
chr20	42277399	42277548	ENSG00000196090.14	gene|regulatory|transcript	149
chr20	34628051	34628200	ENSG00000101464.11	gene|regulatory|transcript	149
chr20	62352092	62352241	ENSG00000130702.15	gene|regulatory|transcript	149
chr20	35542600	35542749	ENSG00000125991.21	gene|regulatory|transcript	149
chr20	19407428	19407577	ENSG00000185052.13	gene|regulatory|transcript	149
chr20	5915348	5915497	ENSG00000089199.10	gene|regulatory|transcript	149
chr20	62129952	62130101	ENSG00000149657.20	gene|regulatory|transcript	149
chr20	36579877	36580026	ENSG00000118707.11|ENSG00000259399.1	gene|regulatory|transcript	149
chr20	60011719	60011868	ENSG00000124215.17	gene|regulatory|transcript	149
chr20	64084398	64084546	ENSG00000125510.18	gene|regulatory|transcript	148
chr20	19999606	19999754	ENSG00000132669.14	gene|regulatory|transcript	148
chr20	35553923	35554071	ENSG00000125991.21	gene|regulatory|transcript	148
chr20	32537607	32537755	ENSG00000197183.15	gene|regulatory|transcript	148
chr20	35664956	35665104	ENSG00000272897.5	gene|regulatory|transcript	148
chr20	33670421	33670569	ENSG00000125967.17	gene|regulatory|transcript	148
chr20	63943504	63943652	ENSG00000198276.16	gene|regulatory|transcript	148
chr20	33679974	33680122	ENSG00000101412.13	gene|regulatory|transcript	148
chr20	56440389	56440537	ENSG00000087589.17	gene|regulatory|transcript	148
chr20	46592625	46592773	ENSG00000158296.14	gene|regulatory|transcript	148
chr20	4148407	4148555	ENSG00000088826.18	gene|regulatory|transcript	148
chr20	9831058	9831206	ENSG00000101349.17	gene|regulatory|transcript	148
chr20	34862965	34863113	ENSG00000131067.17	gene|regulatory|transcript	148
chr20	49252970	49253118	ENSG00000124201.15	gene|regulatory|transcript	148
chr20	17537049	17537197	ENSG00000125864.14	gene|regulatory|transcript	148
chr20	38251419	38251567	ENSG00000149633.12	gene|regulatory|transcript	148
chr20	45833509	45833657	ENSG00000101470.10	gene|regulatory|transcript	148
chr20	37923544	37923692	ENSG00000132821.12	gene|regulatory|transcript	148
chr20	18304795	18304943	ENSG00000125846.17|ENSG00000230010.2	gene|regulatory|transcript	148
chr20	64016574	64016722	ENSG00000101161.8	gene|regulatory|transcript	148
chr20	45783179	45783327	ENSG00000124116.19	gene|regulatory|transcript	148
chr20	46905850	46905998	ENSG00000064655.19	gene|regulatory|transcript	148
chr20	9161504	9161652	ENSG00000101333.19	gene|regulatory|transcript	148
chr20	35308077	35308225	ENSG00000101019.22	gene|regulatory|transcript	148
chr20	9068212	9068360	ENSG00000101333.19	gene|regulatory|transcript	148
chr20	58984060	58984207	ENSG00000101158.15	gene|regulatory|transcript	147
chr20	45314144	45314291	ENSG00000124232.11	gene|regulatory|transcript	147
chr20	63658466	63658613	ENSG00000258366.12	gene|regulatory|transcript	147
chr20	54161690	54161837	ENSG00000019186.10	gene|regulatory|transcript	147
chr20	8128794	8128941	ENSG00000182621.19	gene|regulatory|transcript	147
chr20	53583168	53583315	ENSG00000171940.14	gene|regulatory|transcript	147
chr20	41266153	41266300	ENSG00000174306.22	gene|regulatory|transcript	147
chr20	9674475	9674622	ENSG00000101349.17	gene|regulatory|transcript	147
chr20	3276768	3276915	ENSG00000088854.13	gene|regulatory|transcript	147
chr20	433074	433221	ENSG00000125875.15	gene|regulatory|transcript	147
chr20	34311324	34311471	ENSG00000101444.13	gene|regulatory|transcript	147
chr20	36858523	36858670	ENSG00000149639.15	gene|regulatory|transcript	147
chr20	53384391	53384538	ENSG00000182463.17|ENSG00000271774.1	gene|regulatory|transcript	147
chr20	2955461	2955608	ENSG00000132670.21	gene|regulatory|transcript	147
chr20	34045524	34045671	ENSG00000125970.12	gene|regulatory|transcript	147
chr20	53074955	53075102	ENSG00000182463.17	gene|regulatory|transcript	147
chr20	993327	993474	ENSG00000101282.9	gene|regulatory|transcript	147
chr20	24645371	24645518	ENSG00000101463.6	gene|regulatory|transcript	147
chr20	63246918	63247065	ENSG00000101198.15	gene|regulatory|transcript	147
chr20	45437281	45437428	ENSG00000124155.19|ENSG00000277022.1	gene|regulatory|transcript	147
chr20	16569412	16569559	ENSG00000089177.20	gene|regulatory|transcript	147
chr20	33552589	33552736	ENSG00000078699.22	gene|regulatory|transcript	147
chr20	53606522	53606669	ENSG00000171940.14	gene|regulatory|transcript	147
chr20	62064157	62064304	ENSG00000130699.20	gene|regulatory|transcript	147
chr20	31706237	31706384	ENSG00000171552.14|ENSG00000236559.1	gene|regulatory|transcript	147
chr20	57397126	57397273	ENSG00000132819.17	gene|regulatory|transcript	147
chr20	53035126	53035273	ENSG00000182463.17	gene|regulatory|transcript	147
chr20	63552872	63553019	ENSG00000125531.7	gene|regulatory|transcript	147
chr20	19761219	19761366	ENSG00000132669.14	gene|regulatory|transcript	147
chr20	17955475	17955622	ENSG00000089006.17	gene|regulatory|transcript	147
chr20	4812808	4812955	ENSG00000101265.16	gene|regulatory|transcript	147
chr20	43916208	43916355	ENSG00000124191.18	gene|regulatory|transcript	147
chr20	62142596	62142743	ENSG00000101182.15	gene|regulatory|transcript	147
chr20	50562301	50562448	ENSG00000196396.10	gene|regulatory|transcript	147
chr20	31476080	31476226	ENSG00000088320.4|ENSG00000180383.4	gene|regulatory|transcript	146
chr20	9139696	9139842	ENSG00000101333.19	gene|regulatory|transcript	146
chr20	51505742	51505888	ENSG00000101096.20	gene|regulatory|transcript	146
chr20	18012928	18013074	ENSG00000125850.11	gene|regulatory|transcript	146
chr20	57374460	57374606	ENSG00000101146.13	gene|regulatory|transcript	146
chr20	974337	974483	ENSG00000101282.9	gene|regulatory|transcript	146
chr20	9576913	9577059	ENSG00000101349.17|ENSG00000232738.1	gene|regulatory|transcript	146
chr20	1907764	1907910	ENSG00000198053.12	gene|regulatory|transcript	146
chr20	61719483	61719629	ENSG00000179242.16|ENSG00000179253.3	gene|regulatory|transcript	146
chr20	51015344	51015490	ENSG00000026559.14	gene|regulatory|transcript	146
chr20	2919657	2919803	ENSG00000132670.21	gene|regulatory|transcript	146
chr20	36335523	36335669	ENSG00000080845.19	gene|regulatory|transcript	146
chr20	52193333	52193479	ENSG00000020256.20|ENSG00000234948.2	gene|regulatory|transcript	146
chr20	50149974	50150120	ENSG00000124208.16|ENSG00000240849.11	gene|regulatory|transcript	146
chr20	6769973	6770119	ENSG00000125845.7	gene|regulatory|transcript	146
chr20	31553314	31553460	ENSG00000101294.19	gene|regulatory|transcript	146
chr20	20520770	20520916	ENSG00000188559.16	gene|regulatory|transcript	146
chr20	18719276	18719422	ENSG00000125821.13|ENSG00000284776.1	gene|regulatory|transcript	146
chr20	46903365	46903511	ENSG00000064655.19	gene|regulatory|transcript	146
chr20	63656587	63656733	ENSG00000197457.10	gene|regulatory|transcript	146
chr20	25539875	25540021	ENSG00000101004.16	gene|regulatory|transcript	146
chr20	25196254	25196400	ENSG00000197586.13	gene|regulatory|transcript	146
chr20	36100343	36100489	ENSG00000088367.23	gene|regulatory|transcript	146
chr20	36471061	36471207	ENSG00000080845.19	gene|regulatory|transcript	146
chr20	32155388	32155533	ENSG00000101337.16	gene|regulatory|transcript	145
chr20	3854741	3854886	ENSG00000088888.18	gene|regulatory|transcript	145
chr20	9220879	9221024	ENSG00000101333.19	gene|regulatory|transcript	145
chr20	24616617	24616762	ENSG00000101463.6	gene|regulatory|transcript	145
chr20	3660249	3660394	ENSG00000125861.16	gene|regulatory|transcript	145
chr20	51752675	51752820	ENSG00000054793.14	gene|regulatory|transcript	145
chr20	41029100	41029245	ENSG00000198900.7	gene|regulatory|transcript	145
chr20	25280120	25280265	ENSG00000100994.12	gene|regulatory|transcript	145
chr20	16560801	16560946	ENSG00000089177.20	gene|regulatory|transcript	145
chr20	4148621	4148766	ENSG00000088826.18	gene|regulatory|transcript	145
chr20	6768921	6769066	ENSG00000125845.7	gene|regulatory|transcript	145
chr20	35455751	35455896	ENSG00000126001.17	gene|regulatory|transcript	145
chr20	45945883	45946028	ENSG00000100982.12	gene|regulatory|transcript	145
chr20	10611533	10611678	ENSG00000149346.15	gene|regulatory|transcript	145
chr20	57657453	57657598	ENSG00000124225.16	gene|regulatory|transcript	145
chr20	44580025	44580170	ENSG00000168734.14	gene|regulatory|transcript	145
chr20	16761050	16761195	ENSG00000125879.5	gene|regulatory|transcript	145
chr20	38218517	38218662	ENSG00000149633.12	gene|regulatory|transcript	145
chr20	10172786	10172931	ENSG00000132639.15|ENSG00000227906.10|ENSG00000230506.2|ENSG00000232448.2	gene|regulatory|transcript	145
chr20	63877978	63878123	ENSG00000101150.18|ENSG00000290226.1	gene|regulatory|transcript	145
chr20	38809213	38809358	ENSG00000101445.10	gene|regulatory|transcript	145
chr20	58419308	58419453	ENSG00000124164.16	gene|regulatory|transcript	145
chr20	38254183	38254328	ENSG00000149633.12	gene|regulatory|transcript	145
chr20	59884957	59885102	ENSG00000196074.13	gene|regulatory|transcript	145
chr20	8766996	8767141	ENSG00000182621.19	gene|regulatory|transcript	145
chr20	9068659	9068804	ENSG00000101333.19	gene|regulatory|transcript	145
chr20	61333297	61333442	ENSG00000179242.16	gene|regulatory|transcript	145
chr20	46964388	46964533	ENSG00000064655.19	gene|regulatory|transcript	145
chr20	10531962	10532107	ENSG00000149346.15	gene|regulatory|transcript	145
chr20	20547495	20547640	ENSG00000188559.16	gene|regulatory|transcript	145
chr20	3739365	3739509	ENSG00000132622.11	gene|regulatory|transcript	144
chr20	2748404	2748548	ENSG00000088881.22	gene|regulatory|transcript	144
chr20	49149468	49149612	ENSG00000124214.21	gene|regulatory|transcript	144
chr20	32912864	32913008	ENSG00000215529.13	gene|regulatory|transcript	144
chr20	32997493	32997637	ENSG00000167098.12	gene|regulatory|transcript	144
chr20	33606218	33606362	ENSG00000078699.22	gene|regulatory|transcript	144
chr20	10518869	10519013	ENSG00000149346.15	gene|regulatory|transcript	144
chr20	34538687	34538831	ENSG00000125971.18|ENSG00000289720.1	gene|regulatory|transcript	144
chr20	23351688	23351832	ENSG00000132661.4	gene|regulatory|transcript	144
chr20	48769401	48769545	ENSG00000124126.14	gene|regulatory|transcript	144
chr20	36645692	36645836	ENSG00000101082.14	gene|regulatory|transcript	144
chr20	58407508	58407652	ENSG00000124164.16	gene|regulatory|transcript	144
chr20	25391198	25391342	ENSG00000101003.12	gene|regulatory|transcript	144
chr20	51496324	51496468	ENSG00000101096.20	gene|regulatory|transcript	144
chr20	47711541	47711685	ENSG00000196562.16	gene|regulatory|transcript	144
chr20	5810903	5811047	ENSG00000171984.15	gene|regulatory|transcript	144
chr20	50111144	50111288	ENSG00000124208.16|ENSG00000244687.13	gene|regulatory|transcript	144
chr20	49349818	49349962	ENSG00000158445.10|ENSG00000290421.1	gene|regulatory|transcript	144
chr20	19880859	19881003	ENSG00000132669.14	gene|regulatory|transcript	144
chr20	32686112	32686256	ENSG00000285382.1	gene|regulatory|transcript	144
chr20	63362038	63362182	ENSG00000101204.18|ENSG00000203900.2	gene|regulatory|transcript	144
chr20	36857323	36857467	ENSG00000149639.15	gene|regulatory|transcript	144
chr20	59317465	59317609	ENSG00000124205.18	gene|regulatory|transcript	144
chr20	36834355	36834499	ENSG00000149639.15	gene|regulatory|transcript	144
chr20	17656030	17656174	ENSG00000125844.17	gene|regulatory|transcript	144
chr20	44726205	44726349	ENSG00000064205.11|ENSG00000244558.6	gene|regulatory|transcript	144
chr20	372350	372493	ENSG00000101255.12	gene|regulatory|transcript	143
chr20	382826	382969	ENSG00000101255.12	gene|regulatory|transcript	143
chr20	14709638	14709781	ENSG00000172264.19	gene|regulatory|transcript	143
chr20	38613279	38613422	ENSG00000124143.11|ENSG00000289012.1	gene|regulatory|transcript	143
chr20	41300127	41300270	ENSG00000174306.22	gene|regulatory|transcript	143
chr20	32579100	32579243	ENSG00000197183.15	gene|regulatory|transcript	143
chr20	58402419	58402562	ENSG00000124164.16	gene|regulatory|transcript	143
chr20	3391173	3391316	ENSG00000088854.13	gene|regulatory|transcript	143
chr20	13430818	13430961	ENSG00000089123.16	gene|regulatory|transcript	143
chr20	34676617	34676760	ENSG00000101464.11	gene|regulatory|transcript	143
chr20	24653249	24653392	ENSG00000101463.6	gene|regulatory|transcript	143
chr20	63708409	63708552	ENSG00000197114.12	gene|regulatory|transcript	143
chr20	42681661	42681804	ENSG00000196090.14	gene|regulatory|transcript	143
chr20	35462553	35462696	ENSG00000126001.17	gene|regulatory|transcript	143
chr20	38147817	38147960	ENSG00000198959.12	gene|regulatory|transcript	143
chr20	32537267	32537410	ENSG00000197183.15	gene|regulatory|transcript	143
chr20	34754061	34754204	ENSG00000198646.14|ENSG00000286803.1	gene|regulatory|transcript	143
chr20	14991669	14991812	ENSG00000172264.19	gene|regulatory|transcript	143
chr20	8434525	8434668	ENSG00000182621.19	gene|regulatory|transcript	143
chr20	5836321	5836464	ENSG00000171984.15	gene|regulatory|transcript	143
chr20	45779548	45779691	ENSG00000124116.19	gene|regulatory|transcript	143
chr20	63802991	63803134	ENSG00000130584.12	gene|regulatory|transcript	143
chr20	49860042	49860185	ENSG00000197818.12	gene|regulatory|transcript	143
chr20	44748072	44748215	ENSG00000124249.7	gene|regulatory|transcript	143
chr20	45051675	45051818	ENSG00000101109.13	gene|regulatory|transcript	143
chr20	47728232	47728375	ENSG00000196562.16	gene|regulatory|transcript	143
chr20	48766321	48766463	ENSG00000124126.14	gene|regulatory|transcript	142
chr20	48787465	48787607	ENSG00000124126.14	gene|regulatory|transcript	142
chr20	5009602	5009744	ENSG00000089057.15	gene|regulatory|transcript	142
chr20	57393062	57393204	ENSG00000132819.17	gene|regulatory|transcript	142
chr20	44484689	44484831	ENSG00000124120.11	gene|regulatory|transcript	142
chr20	20042182	20042324	ENSG00000101343.15	gene|regulatory|transcript	142
chr20	32526519	32526661	ENSG00000197183.15	gene|regulatory|transcript	142
chr20	61589450	61589592	ENSG00000179242.16	gene|regulatory|transcript	142
chr20	37158018	37158160	ENSG00000101353.16	gene|regulatory|transcript	142
chr20	1266511	1266653	ENSG00000101298.15|ENSG00000244588.6	gene|regulatory|transcript	142
chr20	33756213	33756355	ENSG00000131061.15	gene|regulatory|transcript	142
chr20	46389220	46389362	ENSG00000062598.18|ENSG00000273828.2	gene|regulatory|transcript	142
chr20	15986899	15987041	ENSG00000172264.19	gene|regulatory|transcript	142
chr20	20498294	20498436	ENSG00000188559.16	gene|regulatory|transcript	142
chr20	63409119	63409261	ENSG00000075043.21	gene|regulatory|transcript	142
chr20	1275280	1275422	ENSG00000101298.15|ENSG00000244588.6	gene|regulatory|transcript	142
chr20	35039397	35039539	ENSG00000100991.12	gene|regulatory|transcript	142
chr20	35039742	35039884	ENSG00000100991.12	gene|regulatory|transcript	142
chr20	37814718	37814860	ENSG00000132792.21	gene|regulatory|transcript	142
chr20	62288789	62288931	ENSG00000130703.17	gene|regulatory|transcript	142
chr20	48734650	48734792	ENSG00000124126.14	gene|regulatory|transcript	142
chr20	17652402	17652544	ENSG00000125844.17	gene|regulatory|transcript	142
chr20	34634473	34634614	ENSG00000101464.11	gene|regulatory|transcript	141
chr20	44208439	44208580	ENSG00000132823.11	gene|regulatory|transcript	141
chr20	32020154	32020295	ENSG00000101331.17|ENSG00000226239.2	gene|regulatory|transcript	141
chr20	36169366	36169507	ENSG00000088367.23	gene|regulatory|transcript	141
chr20	21230909	21231050	ENSG00000088970.16	gene|regulatory|transcript	141
chr20	49230789	49230930	ENSG00000124228.15	gene|regulatory|transcript	141
chr20	59190568	59190709	ENSG00000124203.7	gene|regulatory|transcript	141
chr20	32227073	32227214	ENSG00000101346.15	gene|regulatory|transcript	141
chr20	8845142	8845283	ENSG00000182621.19	gene|regulatory|transcript	141
chr20	53208767	53208908	ENSG00000182463.17	gene|regulatory|transcript	141
chr20	37907469	37907610	ENSG00000132821.12	gene|regulatory|transcript	141
chr20	19886039	19886180	ENSG00000132669.14	gene|regulatory|transcript	141
chr20	2313345	2313486	ENSG00000125780.12|ENSG00000286022.1	gene|regulatory|transcript	141
chr20	62958870	62959011	ENSG00000101194.18	gene|regulatory|transcript	141
chr20	49845226	49845367	ENSG00000197818.12	gene|regulatory|transcript	141
chr20	37347236	37347377	ENSG00000197122.13	gene|regulatory|transcript	141
chr20	2139375	2139516	ENSG00000125834.13	gene|regulatory|transcript	141
chr20	881650	881791	ENSG00000101280.8	gene|regulatory|transcript	141
chr20	5001510	5001651	ENSG00000089057.15	gene|regulatory|transcript	141
chr20	49120128	49120269	ENSG00000124214.21	gene|regulatory|transcript	141
chr20	37358526	37358667	ENSG00000197122.13	gene|regulatory|transcript	141
chr20	51650718	51650859	ENSG00000054793.14	gene|regulatory|transcript	141
chr20	13397540	13397681	ENSG00000089123.16	gene|regulatory|transcript	141
chr20	17595163	17595304	ENSG00000125868.16	gene|regulatory|transcript	141
chr20	58672565	58672706	ENSG00000124222.23|ENSG00000254995.4	gene|regulatory|transcript	141
chr20	50732244	50732385	ENSG00000124171.9	gene|regulatory|transcript	141
chr20	19213087	19213228	ENSG00000185052.13|ENSG00000235996.1	gene|regulatory|transcript	141
chr20	36644008	36644149	ENSG00000101082.14	gene|regulatory|transcript	141
chr20	32368873	32369014	ENSG00000171456.22	gene|regulatory|transcript	141
chr20	24503545	24503686	ENSG00000101463.6	gene|regulatory|transcript	141
chr20	56374051	56374192	ENSG00000087586.18	gene|regulatory|transcript	141
chr20	17992359	17992500	ENSG00000125850.11	gene|regulatory|transcript	141
chr20	21323672	21323812	ENSG00000088930.8	gene|regulatory|transcript	140
chr20	5550921	5551061	ENSG00000125772.14	gene|regulatory|transcript	140
chr20	52192018	52192158	ENSG00000020256.20	gene|regulatory|transcript	140
chr20	46073120	46073260	ENSG00000124160.12	gene|regulatory|transcript	140
chr20	32584170	32584310	ENSG00000197183.15|ENSG00000228156.1	gene|regulatory|transcript	140
chr20	46618786	46618926	ENSG00000158296.14	gene|regulatory|transcript	140
chr20	36630383	36630523	ENSG00000101082.14	gene|regulatory|transcript	140
chr20	15220359	15220499	ENSG00000172264.19	gene|regulatory|transcript	140
chr20	18139264	18139404	ENSG00000149474.15|ENSG00000232838.4	gene|regulatory|transcript	140
chr20	4187129	4187269	ENSG00000088826.18	gene|regulatory|transcript	140
chr20	47120724	47120864	ENSG00000064655.19	gene|regulatory|transcript	140
chr20	47142918	47143058	ENSG00000064655.19	gene|regulatory|transcript	140
chr20	58495663	58495803	ENSG00000198768.11	gene|regulatory|transcript	140
chr20	51494368	51494508	ENSG00000101096.20	gene|regulatory|transcript	140
chr20	32708013	32708153	ENSG00000149600.12|ENSG00000285382.1	gene|regulatory|transcript	140
chr20	62797706	62797846	ENSG00000101189.7	gene|regulatory|transcript	140
chr20	891128	891268	ENSG00000101280.8	gene|regulatory|transcript	140
chr20	49475683	49475823	ENSG00000158445.10	gene|regulatory|transcript	140
chr20	32985595	32985735	ENSG00000167098.12	gene|regulatory|transcript	140
chr20	47591354	47591494	ENSG00000124151.19	gene|regulatory|transcript	140
chr20	57710015	57710155	ENSG00000124225.16	gene|regulatory|transcript	140
chr20	42745224	42745364	ENSG00000196090.14	gene|regulatory|transcript	140
chr20	36393842	36393982	ENSG00000080845.19	gene|regulatory|transcript	140
chr20	51543113	51543253	ENSG00000101096.20	gene|regulatory|transcript	140
chr20	45314565	45314705	ENSG00000124232.11	gene|regulatory|transcript	140
chr20	51511306	51511446	ENSG00000101096.20	gene|regulatory|transcript	140
chr20	33766710	33766850	ENSG00000131061.15	gene|regulatory|transcript	140
chr20	4814962	4815101	ENSG00000101265.16	gene|regulatory|transcript	139
chr20	53154571	53154710	ENSG00000182463.17	gene|regulatory|transcript	139
chr20	19254139	19254278	ENSG00000179447.2|ENSG00000185052.13	gene|regulatory|transcript	139
chr20	61644284	61644423	ENSG00000179242.16	gene|regulatory|transcript	139
chr20	36103309	36103448	ENSG00000088367.23	gene|regulatory|transcript	139
chr20	5602459	5602598	ENSG00000125772.14	gene|regulatory|transcript	139
chr20	4165499	4165638	ENSG00000088826.18	gene|regulatory|transcript	139
chr20	37230328	37230467	ENSG00000118705.18	gene|regulatory|transcript	139
chr20	53981158	53981297	ENSG00000064787.14	gene|regulatory|transcript	139
chr20	63664926	63665065	ENSG00000026036.23|ENSG00000258366.12	gene|regulatory|transcript	139
chr20	46688917	46689056	ENSG00000172315.6	gene|regulatory|transcript	139
chr20	35554134	35554273	ENSG00000125991.21	gene|regulatory|transcript	139
chr20	35387386	35387525	ENSG00000101019.22	gene|regulatory|transcript	139
chr20	15794924	15795063	ENSG00000172264.19	gene|regulatory|transcript	139
chr20	20038099	20038238	ENSG00000101343.15	gene|regulatory|transcript	139
chr20	63652433	63652572	ENSG00000197457.10	gene|regulatory|transcript	139
chr20	36377841	36377980	ENSG00000080845.19	gene|regulatory|transcript	139
chr20	5100931	5101070	ENSG00000089063.15	gene|regulatory|transcript	139
chr20	3398209	3398348	ENSG00000088854.13	gene|regulatory|transcript	139
chr20	25208179	25208318	ENSG00000197586.13	gene|regulatory|transcript	139
chr20	48976199	48976338	ENSG00000124198.10	gene|regulatory|transcript	139
chr20	24965118	24965257	ENSG00000101474.12	gene|regulatory|transcript	139
chr20	19903391	19903530	ENSG00000132669.14	gene|regulatory|transcript	139
chr20	34386881	34387020	ENSG00000078747.17|ENSG00000289720.1	gene|regulatory|transcript	139
chr20	43983405	43983544	ENSG00000124191.18	gene|regulatory|transcript	139
chr20	59621901	59622040	ENSG00000087495.17	gene|regulatory|transcript	139
chr20	62857255	62857394	ENSG00000101190.13	gene|regulatory|transcript	139
chr20	44207145	44207284	ENSG00000132823.11	gene|regulatory|transcript	139
chr20	34525523	34525661	ENSG00000125971.18|ENSG00000289720.1	gene|regulatory|transcript	138
chr20	24654986	24655124	ENSG00000101463.6	gene|regulatory|transcript	138
chr20	8435764	8435902	ENSG00000182621.19	gene|regulatory|transcript	138
chr20	41567085	41567223	ENSG00000124177.16	gene|regulatory|transcript	138
chr20	24651400	24651538	ENSG00000101463.6	gene|regulatory|transcript	138
chr20	14312898	14313036	ENSG00000172264.19	gene|regulatory|transcript	138
chr20	44960068	44960206	ENSG00000025772.8	gene|regulatory|transcript	138
chr20	37120618	37120756	ENSG00000101353.16	gene|regulatory|transcript	138
chr20	38260359	38260497	ENSG00000149633.12|ENSG00000285144.1|ENSG00000285347.1	gene|regulatory|transcript	138
chr20	59770374	59770512	ENSG00000087495.17	gene|regulatory|transcript	138
chr20	19510358	19510496	ENSG00000185052.13	gene|regulatory|transcript	138
chr20	2653952	2654090	ENSG00000101361.17	gene|regulatory|transcript	138
chr20	62396592	62396730	ENSG00000149679.12	gene|regulatory|transcript	138
chr20	3892712	3892850	ENSG00000125779.24	gene|regulatory|transcript	138
chr20	45343200	45343338	ENSG00000124145.6	gene|regulatory|transcript	138
chr20	43926455	43926593	ENSG00000124191.18	gene|regulatory|transcript	138
chr20	8656892	8657030	ENSG00000182621.19	gene|regulatory|transcript	138
chr20	48740516	48740654	ENSG00000124126.14	gene|regulatory|transcript	138
chr20	8938799	8938937	ENSG00000182621.19	gene|regulatory|transcript	138
chr20	63239610	63239748	ENSG00000101197.13	gene|regulatory|transcript	138
chr20	38111576	38111714	ENSG00000101413.12	gene|regulatory|transcript	138
chr20	25361476	25361614	ENSG00000100997.20	gene|regulatory|transcript	138
chr20	37350053	37350191	ENSG00000197122.13	gene|regulatory|transcript	138
chr20	64112073	64112211	ENSG00000196132.14	gene|regulatory|transcript	138
chr20	2387230	2387368	ENSG00000166948.10	gene|regulatory|transcript	138
chr20	5947555	5947693	ENSG00000089195.15	gene|regulatory|transcript	138
chr20	36155457	36155595	ENSG00000088367.23|ENSG00000232406.8	gene|regulatory|transcript	138
chr20	31516199	31516337	ENSG00000101294.19	gene|regulatory|transcript	138
chr20	59663810	59663948	ENSG00000087495.17	gene|regulatory|transcript	138
chr20	48653223	48653360	ENSG00000124126.14	gene|regulatory|transcript	137
chr20	36461125	36461262	ENSG00000080845.19	gene|regulatory|transcript	137
chr20	50115302	50115439	ENSG00000124208.16|ENSG00000244687.13	gene|regulatory|transcript	137
chr20	49404172	49404309	ENSG00000158445.10|ENSG00000290421.1	gene|regulatory|transcript	137
chr20	32328626	32328763	ENSG00000101350.8	gene|regulatory|transcript	137
chr20	58432209	58432346	ENSG00000124164.16	gene|regulatory|transcript	137
chr20	25407473	25407610	ENSG00000101003.12	gene|regulatory|transcript	137
chr20	57658469	57658606	ENSG00000124225.16	gene|regulatory|transcript	137
chr20	10673312	10673449	ENSG00000101384.12|ENSG00000270792.6	gene|regulatory|transcript	137
chr20	32316389	32316526	ENSG00000101350.8	gene|regulatory|transcript	137
chr20	2739189	2739326	ENSG00000088881.22	gene|regulatory|transcript	137
chr20	10200331	10200468	ENSG00000132639.15|ENSG00000227906.10|ENSG00000230506.2	gene|regulatory|transcript	137
chr20	48823581	48823718	ENSG00000124126.14|ENSG00000278231.1	gene|regulatory|transcript	137
chr20	49669160	49669297	ENSG00000158470.5	gene|regulatory|transcript	137
chr20	38809054	38809191	ENSG00000101445.10	gene|regulatory|transcript	137
chr20	25541885	25542022	ENSG00000101004.16	gene|regulatory|transcript	137
chr20	4972439	4972576	ENSG00000089057.15	gene|regulatory|transcript	137
chr20	63697522	63697659	ENSG00000026036.23|ENSG00000243509.6	gene|regulatory|transcript	137
chr20	50532298	50532435	ENSG00000196396.10	gene|regulatory|transcript	137
chr20	2207519	2207656	ENSG00000226644.5|ENSG00000286022.1	gene|regulatory|transcript	137
chr20	35317391	35317528	ENSG00000101019.22	gene|regulatory|transcript	137
chr20	61746260	61746397	ENSG00000179242.16|ENSG00000225106.1	gene|regulatory|transcript	137
chr20	5076121	5076258	ENSG00000089063.15	gene|regulatory|transcript	137
chr20	33305864	33306001	ENSG00000125999.11	gene|regulatory|transcript	137
chr20	38123234	38123371	ENSG00000101413.12	gene|regulatory|transcript	137
chr20	19231750	19231887	ENSG00000185052.13	gene|regulatory|transcript	137
chr20	16434217	16434354	ENSG00000089177.20	gene|regulatory|transcript	137
chr20	25222978	25223115	ENSG00000197586.13	gene|regulatory|transcript	137
chr20	38560253	38560389	ENSG00000170471.15	gene|regulatory|transcript	136
chr20	52160953	52161089	ENSG00000020256.20	gene|regulatory|transcript	136
chr20	3316196	3316332	ENSG00000088854.13	gene|regulatory|transcript	136
chr20	63697191	63697327	ENSG00000026036.23|ENSG00000243509.6	gene|regulatory|transcript	136
chr20	45935605	45935741	ENSG00000100982.12	gene|regulatory|transcript	136
chr20	53069526	53069662	ENSG00000182463.17	gene|regulatory|transcript	136
chr20	8759760	8759896	ENSG00000182621.19	gene|regulatory|transcript	136
chr20	63685386	63685522	ENSG00000026036.23|ENSG00000258366.12	gene|regulatory|transcript	136
chr20	63765250	63765386	ENSG00000130584.12	gene|regulatory|transcript	136
chr20	44582055	44582191	ENSG00000168734.14	gene|regulatory|transcript	136
chr20	63947729	63947865	ENSG00000198276.16	gene|regulatory|transcript	136
chr20	48656903	48657039	ENSG00000124126.14	gene|regulatory|transcript	136
chr20	48933173	48933309	ENSG00000124198.10	gene|regulatory|transcript	136
chr20	36607529	36607665	ENSG00000101084.19|ENSG00000259399.1	gene|regulatory|transcript	136
chr20	3210170	3210306	ENSG00000125877.13	gene|regulatory|transcript	136
chr20	62148909	62149045	ENSG00000184402.15	gene|regulatory|transcript	136
chr20	17560783	17560919	ENSG00000125864.14	gene|regulatory|transcript	136
chr20	63325959	63326095	ENSG00000101203.17	gene|regulatory|transcript	136
chr20	9482232	9482368	ENSG00000101333.19	gene|regulatory|transcript	136
chr20	31827186	31827322	ENSG00000101306.11	gene|regulatory|transcript	136
chr20	22584716	22584852	ENSG00000125798.15	gene|regulatory|transcript	136
chr20	36203911	36204047	ENSG00000088367.23	gene|regulatory|transcript	136
chr20	62219584	62219720	ENSG00000101180.17	gene|regulatory|transcript	136
chr20	37228778	37228914	ENSG00000118705.18	gene|regulatory|transcript	136
chr20	41309573	41309709	ENSG00000174306.22	gene|regulatory|transcript	136
chr20	62122793	62122929	ENSG00000149657.20	gene|regulatory|transcript	136
chr20	19850546	19850682	ENSG00000132669.14	gene|regulatory|transcript	136
chr20	57705627	57705763	ENSG00000124225.16	gene|regulatory|transcript	136
chr20	36466776	36466912	ENSG00000080845.19	gene|regulatory|transcript	136
chr20	20052155	20052291	ENSG00000101343.15	gene|regulatory|transcript	136
chr20	8332009	8332145	ENSG00000182621.19	gene|regulatory|transcript	136
chr20	10528024	10528159	ENSG00000149346.15	gene|regulatory|transcript	135
chr20	17226904	17227039	ENSG00000125851.10	gene|regulatory|transcript	135
chr20	38139654	38139789	ENSG00000198959.12	gene|regulatory|transcript	135
chr20	58313050	58313185	ENSG00000124209.4	gene|regulatory|transcript	135
chr20	42577970	42578105	ENSG00000196090.14	gene|regulatory|transcript	135
chr20	38123382	38123517	ENSG00000101413.12	gene|regulatory|transcript	135
chr20	33719811	33719946	ENSG00000101417.12	gene|regulatory|transcript	135
chr20	3802972	3803107	ENSG00000101224.18	gene|regulatory|transcript	135
chr20	36584417	36584552	ENSG00000118707.11|ENSG00000259399.1	gene|regulatory|transcript	135
chr20	23436417	23436552	ENSG00000125823.13	gene|regulatory|transcript	135
chr20	19403966	19404101	ENSG00000185052.13	gene|regulatory|transcript	135
chr20	2559098	2559233	ENSG00000149488.14	gene|regulatory|transcript	135
chr20	34676819	34676954	ENSG00000101464.11	gene|regulatory|transcript	135
chr20	17965052	17965187	ENSG00000089006.17|ENSG00000125850.11	gene|regulatory|transcript	135
chr20	48771081	48771216	ENSG00000124126.14	gene|regulatory|transcript	135
chr20	35315898	35316033	ENSG00000101019.22	gene|regulatory|transcript	135
chr20	54171357	54171492	ENSG00000019186.10	gene|regulatory|transcript	135
chr20	34872403	34872538	ENSG00000131067.17|ENSG00000131069.20	gene|regulatory|transcript	135
chr20	19628688	19628823	ENSG00000185052.13	gene|regulatory|transcript	135
chr20	1480065	1480200	ENSG00000196209.13	gene|regulatory|transcript	135
chr20	51500336	51500471	ENSG00000101096.20	gene|regulatory|transcript	135
chr20	35851056	35851191	ENSG00000025293.17	gene|regulatory|transcript	135
chr20	35278131	35278266	ENSG00000261582.1	gene|regulatory|transcript	135
chr20	52113816	52113951	ENSG00000020256.20	gene|regulatory|transcript	135
chr20	15856465	15856600	ENSG00000172264.19	gene|regulatory|transcript	135
chr20	2599408	2599543	ENSG00000149488.14	gene|regulatory|transcript	135
chr20	61255649	61255784	ENSG00000179242.16	gene|regulatory|transcript	135
chr20	61900598	61900733	ENSG00000179242.16	gene|regulatory|transcript	135
chr20	46681492	46681627	ENSG00000158296.14	gene|regulatory|transcript	135
chr20	64151561	64151696	ENSG00000196132.14	gene|regulatory|transcript	135
chr20	5604046	5604180	ENSG00000125772.14	gene|regulatory|transcript	134
chr20	50659074	50659208	ENSG00000042062.13|ENSG00000234693.1	gene|regulatory|transcript	134
chr20	57696004	57696138	ENSG00000124225.16	gene|regulatory|transcript	134
chr20	34553490	34553624	ENSG00000101460.13	gene|regulatory|transcript	134
chr20	290429	290563	ENSG00000196476.12	gene|regulatory|transcript	134
chr20	35090673	35090807	ENSG00000100991.12	gene|regulatory|transcript	134
chr20	19806430	19806564	ENSG00000132669.14	gene|regulatory|transcript	134
chr20	63569013	63569147	ENSG00000130589.16	gene|regulatory|transcript	134
chr20	5974005	5974139	ENSG00000125885.13|ENSG00000286235.1	gene|regulatory|transcript	134
chr20	50845268	50845402	ENSG00000124243.19	gene|regulatory|transcript	134
chr20	51662655	51662789	ENSG00000054793.14	gene|regulatory|transcript	134
chr20	446114	446248	ENSG00000125875.15	gene|regulatory|transcript	134
chr20	10645587	10645721	ENSG00000101384.12	gene|regulatory|transcript	134
chr20	32069236	32069370	ENSG00000101336.18	gene|regulatory|transcript	134
chr20	47352744	47352878	ENSG00000101040.20|ENSG00000231119.2|ENSG00000289329.1	gene|regulatory|transcript	134
chr20	48817052	48817186	ENSG00000124126.14	gene|regulatory|transcript	134
chr20	36092969	36093103	ENSG00000088367.23	gene|regulatory|transcript	134
chr20	10639955	10640089	ENSG00000101384.12	gene|regulatory|transcript	134
chr20	35054567	35054701	ENSG00000100991.12	gene|regulatory|transcript	134
chr20	51647132	51647266	ENSG00000054793.14	gene|regulatory|transcript	134
chr20	59782826	59782960	ENSG00000087495.17	gene|regulatory|transcript	134
chr20	45010683	45010817	ENSG00000101109.13	gene|regulatory|transcript	134
chr20	1376496	1376630	ENSG00000088832.18|ENSG00000234684.8|ENSG00000274322.1	gene|regulatory|transcript	134
chr20	35304069	35304203	ENSG00000101019.22	gene|regulatory|transcript	134
chr20	53097147	53097280	ENSG00000182463.17	gene|regulatory|transcript	133
chr20	59042151	59042284	ENSG00000101166.16	gene|regulatory|transcript	133
chr20	16404336	16404469	ENSG00000089177.20	gene|regulatory|transcript	133
chr20	44544245	44544378	ENSG00000168734.14	gene|regulatory|transcript	133
chr20	2132639	2132772	ENSG00000125834.13	gene|regulatory|transcript	133
chr20	38095916	38096049	ENSG00000101413.12	gene|regulatory|transcript	133
chr20	1489989	1490122	ENSG00000196209.13	gene|regulatory|transcript	133
chr20	37390871	37391004	ENSG00000197122.13	gene|regulatory|transcript	133
chr20	2234905	2235038	ENSG00000286022.1	gene|regulatory|transcript	133
chr20	50820145	50820278	ENSG00000124243.19	gene|regulatory|transcript	133
chr20	38259298	38259431	ENSG00000149633.12	gene|regulatory|transcript	133
chr20	38053996	38054129	ENSG00000101413.12	gene|regulatory|transcript	133
chr20	50127841	50127974	ENSG00000124208.16|ENSG00000240849.11	gene|regulatory|transcript	133
chr20	25686249	25686382	ENSG00000130684.14|ENSG00000213742.8	gene|regulatory|transcript	133
chr20	46377649	46377782	ENSG00000062598.18|ENSG00000273828.2	gene|regulatory|transcript	133
chr20	37309240	37309373	ENSG00000101363.13	gene|regulatory|transcript	133
chr20	1304744	1304877	ENSG00000101298.15	gene|regulatory|transcript	133
chr20	31678157	31678290	ENSG00000171552.14	gene|regulatory|transcript	133
chr20	38810011	38810144	ENSG00000101445.10	gene|regulatory|transcript	133
chr20	18014460	18014593	ENSG00000125850.11	gene|regulatory|transcript	133
chr20	44769137	44769270	ENSG00000101098.13	gene|regulatory|transcript	133
chr20	17616598	17616731	ENSG00000125844.17	gene|regulatory|transcript	133
chr20	42447434	42447567	ENSG00000196090.14	gene|regulatory|transcript	133
chr20	21706089	21706222	ENSG00000125813.15	gene|regulatory|transcript	133
chr20	35341732	35341865	ENSG00000101019.22	gene|regulatory|transcript	133
chr20	46599289	46599422	ENSG00000158296.14	gene|regulatory|transcript	133
chr20	43973119	43973252	ENSG00000124191.18	gene|regulatory|transcript	133
chr20	48670133	48670266	ENSG00000124126.14	gene|regulatory|transcript	133
chr20	37857109	37857242	ENSG00000132792.21	gene|regulatory|transcript	133
chr20	35635706	35635839	ENSG00000214078.13|ENSG00000272897.5	gene|regulatory|transcript	133
chr20	31527350	31527483	ENSG00000101294.19	gene|regulatory|transcript	133
chr20	63907560	63907693	ENSG00000101152.12|ENSG00000290226.1	gene|regulatory|transcript	133
chr20	1481718	1481850	ENSG00000196209.13	gene|regulatory|transcript	132
chr20	36835200	36835332	ENSG00000149639.15	gene|regulatory|transcript	132
chr20	61575791	61575923	ENSG00000179242.16	gene|regulatory|transcript	132
chr20	14094124	14094256	ENSG00000172264.19	gene|regulatory|transcript	132
chr20	33668525	33668657	ENSG00000125967.17	gene|regulatory|transcript	132
chr20	36795389	36795521	ENSG00000149639.15	gene|regulatory|transcript	132
chr20	63535059	63535191	ENSG00000101213.7	gene|regulatory|transcript	132
chr20	32539498	32539630	ENSG00000197183.15	gene|regulatory|transcript	132
chr20	34859639	34859771	ENSG00000131067.17	gene|regulatory|transcript	132
chr20	58895684	58895816	ENSG00000087460.29	gene|regulatory|transcript	132
chr20	36408509	36408641	ENSG00000080845.19	gene|regulatory|transcript	132
chr20	17664443	17664575	ENSG00000125844.17	gene|regulatory|transcript	132
chr20	58666291	58666423	ENSG00000124222.23|ENSG00000254995.4	gene|regulatory|transcript	132
chr20	460452	460584	ENSG00000125875.15	gene|regulatory|transcript	132
chr20	13875556	13875688	ENSG00000101251.13	gene|regulatory|transcript	132
chr20	16385642	16385774	ENSG00000089177.20	gene|regulatory|transcript	132
chr20	37314364	37314496	ENSG00000101363.13	gene|regulatory|transcript	132
chr20	25473938	25474070	ENSG00000101004.16	gene|regulatory|transcript	132
chr20	50133962	50134094	ENSG00000124208.16|ENSG00000240849.11	gene|regulatory|transcript	132
chr20	2841190	2841322	ENSG00000215305.10	gene|regulatory|transcript	132
chr20	33681704	33681836	ENSG00000101412.13	gene|regulatory|transcript	132
chr20	61717132	61717264	ENSG00000179242.16	gene|regulatory|transcript	132
chr20	36595151	36595283	ENSG00000259399.1	gene|regulatory|transcript	132
chr20	11918677	11918809	ENSG00000132640.15	gene|regulatory|transcript	132
chr20	36484151	36484283	ENSG00000080845.19	gene|regulatory|transcript	132
chr20	35011605	35011737	ENSG00000100991.12	gene|regulatory|transcript	132
chr20	59984805	59984937	ENSG00000124215.17	gene|regulatory|transcript	132
chr20	57393394	57393526	ENSG00000132819.17	gene|regulatory|transcript	132
chr20	36643167	36643299	ENSG00000101082.14	gene|regulatory|transcript	132
chr20	2292571	2292703	ENSG00000286022.1	gene|regulatory|transcript	132
chr20	41306142	41306274	ENSG00000174306.22	gene|regulatory|transcript	132
chr20	33609703	33609835	ENSG00000078699.22	gene|regulatory|transcript	132
chr20	62642881	62643013	ENSG00000101187.16|ENSG00000167046.4	gene|regulatory|transcript	132
chr20	35826926	35827058	ENSG00000025293.17	gene|regulatory|transcript	132
chr20	46281293	46281425	ENSG00000149654.11	gene|regulatory|transcript	132
chr20	14978430	14978561	ENSG00000172264.19	gene|regulatory|transcript	131
chr20	32538314	32538445	ENSG00000197183.15	gene|regulatory|transcript	131
chr20	3892360	3892491	ENSG00000125779.24	gene|regulatory|transcript	131
chr20	32525238	32525369	ENSG00000197183.15	gene|regulatory|transcript	131
chr20	50670233	50670364	ENSG00000042062.13	gene|regulatory|transcript	131
chr20	45861442	45861573	ENSG00000132801.7	gene|regulatory|transcript	131
chr20	63778215	63778346	ENSG00000130584.12	gene|regulatory|transcript	131
chr20	47263486	47263617	ENSG00000101040.20	gene|regulatory|transcript	131
chr20	33811796	33811927	ENSG00000101421.4	gene|regulatory|transcript	131
chr20	32781414	32781545	ENSG00000088305.19	gene|regulatory|transcript	131
chr20	25338238	25338369	ENSG00000100997.20	gene|regulatory|transcript	131
chr20	39033242	39033373	ENSG00000101452.15	gene|regulatory|transcript	131
chr20	38246684	38246815	ENSG00000149633.12	gene|regulatory|transcript	131
chr20	35881716	35881847	ENSG00000025293.17	gene|regulatory|transcript	131
chr20	49712066	49712197	ENSG00000158470.5	gene|regulatory|transcript	131
chr20	17615529	17615660	ENSG00000125844.17	gene|regulatory|transcript	131
chr20	51399219	51399350	ENSG00000101096.20	gene|regulatory|transcript	131
chr20	63896663	63896794	ENSG00000101152.12|ENSG00000290226.1	gene|regulatory|transcript	131
chr20	34874810	34874941	ENSG00000131069.20	gene|regulatory|transcript	131
chr20	2468943	2469074	ENSG00000125835.20|ENSG00000256566.1	gene|regulatory|transcript	131
chr20	289902	290033	ENSG00000196476.12	gene|regulatory|transcript	131
chr20	3796731	3796862	ENSG00000101224.18	gene|regulatory|transcript	131
chr20	47318055	47318186	ENSG00000101040.20	gene|regulatory|transcript	131
chr20	45416343	45416474	ENSG00000124155.19	gene|regulatory|transcript	131
chr20	63471763	63471894	ENSG00000075043.21	gene|regulatory|transcript	131
chr20	25295030	25295161	ENSG00000100994.12|ENSG00000100997.20	gene|regulatory|transcript	131
chr20	25282147	25282278	ENSG00000100994.12	gene|regulatory|transcript	131
chr20	33008409	33008540	ENSG00000078898.7	gene|regulatory|transcript	131
chr20	57264615	57264746	ENSG00000101144.13	gene|regulatory|transcript	131
chr20	36548193	36548324	ENSG00000101335.10|ENSG00000232907.9	gene|regulatory|transcript	131
chr20	36093760	36093891	ENSG00000088367.23	gene|regulatory|transcript	131
chr20	20608671	20608802	ENSG00000188559.16	gene|regulatory|transcript	131
chr20	53180534	53180665	ENSG00000182463.17	gene|regulatory|transcript	131
chr20	33847595	33847726	ENSG00000101421.4	gene|regulatory|transcript	131
chr20	31542648	31542779	ENSG00000101294.19	gene|regulatory|transcript	131
chr20	5078019	5078150	ENSG00000089063.15	gene|regulatory|transcript	131
chr20	19999404	19999535	ENSG00000132669.14	gene|regulatory|transcript	131
chr20	38083764	38083895	ENSG00000101413.12	gene|regulatory|transcript	131
chr20	4182848	4182979	ENSG00000088826.18	gene|regulatory|transcript	131
chr20	34943805	34943936	ENSG00000100983.12	gene|regulatory|transcript	131
chr20	36835871	36836002	ENSG00000149639.15	gene|regulatory|transcript	131
chr20	19997301	19997432	ENSG00000132669.14	gene|regulatory|transcript	131
chr20	50958555	50958686	ENSG00000000419.14	gene|regulatory|transcript	131
chr20	45904668	45904799	ENSG00000100979.15	gene|regulatory|transcript	131
chr20	3989078	3989209	ENSG00000101236.17	gene|regulatory|transcript	131
chr20	56451250	56451380	ENSG00000087589.17	gene|regulatory|transcript	130
chr20	46010631	46010761	ENSG00000100985.7	gene|regulatory|transcript	130
chr20	32898975	32899105	ENSG00000215529.13	gene|regulatory|transcript	130
chr20	36497316	36497446	ENSG00000080845.19	gene|regulatory|transcript	130
chr20	44970952	44971082	ENSG00000101109.13	gene|regulatory|transcript	130
chr20	44514040	44514170	ENSG00000132824.14	gene|regulatory|transcript	130
chr20	36372928	36373058	ENSG00000080845.19	gene|regulatory|transcript	130
chr20	2738423	2738553	ENSG00000088881.22	gene|regulatory|transcript	130
chr20	36861201	36861331	ENSG00000149639.15	gene|regulatory|transcript	130
chr20	47233486	47233616	ENSG00000101040.20	gene|regulatory|transcript	130
chr20	25546820	25546950	ENSG00000101004.16	gene|regulatory|transcript	130
chr20	35438228	35438358	ENSG00000125965.9	gene|regulatory|transcript	130
chr20	43921526	43921656	ENSG00000124191.18	gene|regulatory|transcript	130
chr20	8320544	8320674	ENSG00000182621.19	gene|regulatory|transcript	130
chr20	19234362	19234492	ENSG00000185052.13	gene|regulatory|transcript	130
chr20	58389702	58389832	ENSG00000124164.16	gene|regulatory|transcript	130
chr20	45370788	45370918	ENSG00000204070.10|ENSG00000254806.5	gene|regulatory|transcript	130
chr20	44369456	44369586	ENSG00000101076.20	gene|regulatory|transcript	130
chr20	14924998	14925128	ENSG00000172264.19|ENSG00000235914.2	gene|regulatory|transcript	130
chr20	45701907	45702037	ENSG00000182931.10	gene|regulatory|transcript	130
chr20	63707658	63707788	ENSG00000101246.20|ENSG00000197114.12	gene|regulatory|transcript	130
chr20	35826789	35826919	ENSG00000025293.17	gene|regulatory|transcript	130
chr20	19965024	19965154	ENSG00000132669.14	gene|regulatory|transcript	130
chr20	58408683	58408813	ENSG00000124164.16	gene|regulatory|transcript	130
chr20	33507513	33507643	ENSG00000078699.22	gene|regulatory|transcript	130
chr20	62643304	62643434	ENSG00000101187.16	gene|regulatory|transcript	130
chr20	62306734	62306864	ENSG00000130706.13	gene|regulatory|transcript	130
chr20	38252588	38252718	ENSG00000149633.12	gene|regulatory|transcript	130
chr20	13785336	13785466	ENSG00000101247.18	gene|regulatory|transcript	130
chr20	3798463	3798593	ENSG00000101224.18	gene|regulatory|transcript	130
chr20	37316177	37316307	ENSG00000101363.13	gene|regulatory|transcript	130
chr20	43558837	43558967	ENSG00000277611.1	gene|regulatory|transcript	130
chr20	1632386	1632516	ENSG00000089012.14	gene|regulatory|transcript	130
chr20	39000372	39000502	ENSG00000101452.15	gene|regulatory|transcript	130
chr20	48952884	48953014	ENSG00000124198.10	gene|regulatory|transcript	130
chr20	19860849	19860979	ENSG00000132669.14	gene|regulatory|transcript	130
chr20	61387708	61387838	ENSG00000179242.16	gene|regulatory|transcript	130
chr20	20442287	20442417	ENSG00000188559.16	gene|regulatory|transcript	130
chr20	3745597	3745727	ENSG00000132622.11	gene|regulatory|transcript	130
chr20	49567913	49568042	ENSG00000124212.6	gene|regulatory|transcript	129
chr20	19283774	19283903	ENSG00000179447.2|ENSG00000185052.13	gene|regulatory|transcript	129
chr20	50690996	50691125	ENSG00000042062.13	gene|regulatory|transcript	129
chr20	37903824	37903953	ENSG00000132821.12	gene|regulatory|transcript	129
chr20	3800498	3800627	ENSG00000101224.18	gene|regulatory|transcript	129
chr20	17500823	17500952	ENSG00000125864.14	gene|regulatory|transcript	129
chr20	35834771	35834900	ENSG00000025293.17	gene|regulatory|transcript	129
chr20	64261161	64261290	ENSG00000203880.13	gene|regulatory|transcript	129
chr20	62916293	62916422	ENSG00000101191.17	gene|regulatory|transcript	129
chr20	37497303	37497432	ENSG00000166619.15	gene|regulatory|transcript	129
chr20	44145624	44145753	ENSG00000149596.7	gene|regulatory|transcript	129
chr20	33409337	33409466	ENSG00000101400.6	gene|regulatory|transcript	129
chr20	25072643	25072772	ENSG00000100987.15	gene|regulatory|transcript	129
chr20	61525836	61525965	ENSG00000179242.16	gene|regulatory|transcript	129
chr20	34918056	34918185	ENSG00000131069.20	gene|regulatory|transcript	129
chr20	14189921	14190050	ENSG00000172264.19	gene|regulatory|transcript	129
chr20	5606753	5606882	ENSG00000125772.14	gene|regulatory|transcript	129
chr20	36391491	36391620	ENSG00000080845.19	gene|regulatory|transcript	129
chr20	58408973	58409102	ENSG00000124164.16	gene|regulatory|transcript	129
chr20	58716703	58716832	ENSG00000215440.12	gene|regulatory|transcript	129
chr20	50645568	50645697	ENSG00000042062.13|ENSG00000234693.1	gene|regulatory|transcript	129
chr20	59663301	59663430	ENSG00000087495.17	gene|regulatory|transcript	129
chr20	52973333	52973462	ENSG00000182463.17	gene|regulatory|transcript	129
chr20	61441843	61441972	ENSG00000179242.16	gene|regulatory|transcript	129
chr20	50743219	50743348	ENSG00000124171.9	gene|regulatory|transcript	129
chr20	49541765	49541894	ENSG00000124212.6	gene|regulatory|transcript	129
chr20	31973165	31973294	ENSG00000260903.3	gene|regulatory|transcript	129
chr20	33994707	33994836	ENSG00000125970.12	gene|regulatory|transcript	129
chr20	42125651	42125780	ENSG00000196090.14	gene|regulatory|transcript	129
chr20	23417383	23417512	ENSG00000125814.17	gene|regulatory|transcript	129
chr20	35039189	35039318	ENSG00000100991.12	gene|regulatory|transcript	129
chr20	36939793	36939922	ENSG00000101347.11	gene|regulatory|transcript	129
chr20	33839630	33839759	ENSG00000101421.4	gene|regulatory|transcript	129
chr20	54600805	54600934	ENSG00000101134.12	gene|regulatory|transcript	129
chr20	51801586	51801715	ENSG00000101115.13	gene|regulatory|transcript	129
chr20	14620879	14621008	ENSG00000172264.19|ENSG00000227927.2	gene|regulatory|transcript	129
chr20	49326194	49326323	ENSG00000158445.10|ENSG00000283529.2|ENSG00000290421.1	gene|regulatory|transcript	129
chr20	2149190	2149318	ENSG00000125834.13	gene|regulatory|transcript	128
chr20	36329487	36329615	ENSG00000080845.19	gene|regulatory|transcript	128
chr20	35014705	35014833	ENSG00000100991.12	gene|regulatory|transcript	128
chr20	41053088	41053216	ENSG00000198900.7	gene|regulatory|transcript	128
chr20	48691096	48691224	ENSG00000124126.14	gene|regulatory|transcript	128
chr20	47242116	47242244	ENSG00000101040.20	gene|regulatory|transcript	128
chr20	43185954	43186082	ENSG00000196090.14	gene|regulatory|transcript	128
chr20	8394384	8394512	ENSG00000182621.19	gene|regulatory|transcript	128
chr20	14406744	14406872	ENSG00000172264.19	gene|regulatory|transcript	128
chr20	4171905	4172033	ENSG00000088826.18	gene|regulatory|transcript	128
chr20	32902622	32902750	ENSG00000215529.13	gene|regulatory|transcript	128
chr20	1652238	1652366	ENSG00000089012.14	gene|regulatory|transcript	128
chr20	34402696	34402824	ENSG00000078747.17|ENSG00000289720.1	gene|regulatory|transcript	128
chr20	16003423	16003551	ENSG00000172264.19	gene|regulatory|transcript	128
chr20	52083562	52083690	ENSG00000020256.20|ENSG00000287511.1	gene|regulatory|transcript	128
chr20	25384274	25384402	ENSG00000100997.20	gene|regulatory|transcript	128
chr20	62666847	62666975	ENSG00000101187.16	gene|regulatory|transcript	128
chr20	32510668	32510796	ENSG00000197183.15|ENSG00000277301.1	gene|regulatory|transcript	128
chr20	48807753	48807881	ENSG00000124126.14	gene|regulatory|transcript	128
chr20	5803900	5804028	ENSG00000171984.15	gene|regulatory|transcript	128
chr20	51487206	51487334	ENSG00000101096.20	gene|regulatory|transcript	128
chr20	457664	457792	ENSG00000125875.15	gene|regulatory|transcript	128
chr20	63803993	63804121	ENSG00000130584.12	gene|regulatory|transcript	128
chr20	51403408	51403536	ENSG00000101096.20	gene|regulatory|transcript	128
chr20	9344636	9344764	ENSG00000101333.19	gene|regulatory|transcript	128
chr20	62847599	62847727	ENSG00000101190.13	gene|regulatory|transcript	128
chr20	42909557	42909685	ENSG00000196090.14	gene|regulatory|transcript	128
chr20	36823946	36824074	ENSG00000149639.15	gene|regulatory|transcript	128
chr20	44609539	44609667	ENSG00000168734.14|ENSG00000196839.14	gene|regulatory|transcript	128
chr20	19785008	19785136	ENSG00000132669.14	gene|regulatory|transcript	128
chr20	62318326	62318453	ENSG00000130702.15	gene|regulatory|transcript	127
chr20	378566	378693	ENSG00000101255.12	gene|regulatory|transcript	127
chr20	56360712	56360839	ENSG00000124098.10	gene|regulatory|transcript	127
chr20	38117900	38118027	ENSG00000101413.12	gene|regulatory|transcript	127
chr20	61526054	61526181	ENSG00000179242.16	gene|regulatory|transcript	127
chr20	45328515	45328642	ENSG00000124145.6	gene|regulatory|transcript	127
chr20	2123871	2123998	ENSG00000125834.13	gene|regulatory|transcript	127
chr20	7935362	7935489	ENSG00000101323.5	gene|regulatory|transcript	127
chr20	53463487	53463614	ENSG00000182463.17|ENSG00000259723.1|ENSG00000271774.1	gene|regulatory|transcript	127
chr20	62925082	62925209	ENSG00000101191.17	gene|regulatory|transcript	127
chr20	420740	420867	ENSG00000125826.22	gene|regulatory|transcript	127
chr20	47174509	47174636	ENSG00000064655.19	gene|regulatory|transcript	127
chr20	63433318	63433445	ENSG00000075043.21	gene|regulatory|transcript	127
chr20	13628799	13628926	ENSG00000089123.16	gene|regulatory|transcript	127
chr20	15334270	15334397	ENSG00000172264.19	gene|regulatory|transcript	127
chr20	48748634	48748761	ENSG00000124126.14	gene|regulatory|transcript	127
chr20	43579844	43579971	ENSG00000101049.18	gene|regulatory|transcript	127
chr20	44721943	44722070	ENSG00000064205.11|ENSG00000244558.6	gene|regulatory|transcript	127
chr20	3222638	3222765	ENSG00000125877.13	gene|regulatory|transcript	127
chr20	33851949	33852076	ENSG00000101421.4	gene|regulatory|transcript	127
chr20	62195218	62195345	ENSG00000101181.18	gene|regulatory|transcript	127
chr20	2301202	2301329	ENSG00000125780.12|ENSG00000286022.1	gene|regulatory|transcript	127
chr20	37520303	37520430	ENSG00000166619.15	gene|regulatory|transcript	127
chr20	32797299	32797426	ENSG00000088305.19	gene|regulatory|transcript	127
chr20	62817662	62817789	ENSG00000092758.18	gene|regulatory|transcript	127
chr20	48791170	48791297	ENSG00000124126.14	gene|regulatory|transcript	127
chr20	62822389	62822516	ENSG00000092758.18	gene|regulatory|transcript	127
chr20	64160867	64160994	ENSG00000196132.14	gene|regulatory|transcript	127
chr20	45538528	45538655	ENSG00000243543.10|ENSG00000249139.2|ENSG00000291238.1	gene|regulatory|transcript	127
chr20	47314697	47314824	ENSG00000101040.20	gene|regulatory|transcript	127
chr20	31859365	31859492	ENSG00000149599.16	gene|regulatory|transcript	127
chr20	3795611	3795738	ENSG00000101224.18	gene|regulatory|transcript	127
chr20	34705790	34705917	ENSG00000078804.13|ENSG00000198646.14	gene|regulatory|transcript	127
chr20	38935305	38935432	ENSG00000101447.15	gene|regulatory|transcript	127
chr20	34709930	34710057	ENSG00000078804.13|ENSG00000198646.14	gene|regulatory|transcript	127
chr20	2293272	2293399	ENSG00000286022.1	gene|regulatory|transcript	127
chr20	33277972	33278099	ENSG00000125999.11	gene|regulatory|transcript	127
chr20	44356906	44357033	ENSG00000101076.20	gene|regulatory|transcript	127
chr20	370524	370651	ENSG00000101255.12	gene|regulatory|transcript	127
chr20	38857767	38857893	ENSG00000101445.10	gene|regulatory|transcript	126
chr20	36588527	36588653	ENSG00000118707.11|ENSG00000259399.1	gene|regulatory|transcript	126
chr20	33392015	33392141	ENSG00000101391.21	gene|regulatory|transcript	126
chr20	34515765	34515891	ENSG00000289720.1	gene|regulatory|transcript	126
chr20	33279393	33279519	ENSG00000125999.11	gene|regulatory|transcript	126
chr20	3670625	3670751	ENSG00000149451.19	gene|regulatory|transcript	126
chr20	19898013	19898139	ENSG00000132669.14	gene|regulatory|transcript	126
chr20	56429659	56429785	ENSG00000087589.17	gene|regulatory|transcript	126
chr20	15205930	15206056	ENSG00000172264.19	gene|regulatory|transcript	126
chr20	50130545	50130671	ENSG00000124208.16|ENSG00000240849.11	gene|regulatory|transcript	126
chr20	35929504	35929630	ENSG00000025293.17	gene|regulatory|transcript	126
chr20	58432416	58432542	ENSG00000124164.16	gene|regulatory|transcript	126
chr20	46951486	46951612	ENSG00000064655.19	gene|regulatory|transcript	126
chr20	33733670	33733796	ENSG00000131061.15	gene|regulatory|transcript	126
chr20	51757914	51758040	ENSG00000054793.14	gene|regulatory|transcript	126
chr20	10217185	10217311	ENSG00000132639.15|ENSG00000227906.10	gene|regulatory|transcript	126
chr20	57653295	57653421	ENSG00000124225.16	gene|regulatory|transcript	126
chr20	62663768	62663894	ENSG00000101187.16|ENSG00000232803.1	gene|regulatory|transcript	126
chr20	57656524	57656650	ENSG00000124225.16	gene|regulatory|transcript	126
chr20	57655352	57655478	ENSG00000124225.16	gene|regulatory|transcript	126
chr20	50629123	50629249	ENSG00000042062.13	gene|regulatory|transcript	126
chr20	57503309	57503435	ENSG00000124092.13	gene|regulatory|transcript	126
chr20	36811021	36811147	ENSG00000149639.15	gene|regulatory|transcript	126
chr20	13288413	13288539	ENSG00000101230.6	gene|regulatory|transcript	126
chr20	363349	363475	ENSG00000101255.12	gene|regulatory|transcript	126
chr20	34287691	34287817	ENSG00000101444.13	gene|regulatory|transcript	126
chr20	15868095	15868221	ENSG00000172264.19	gene|regulatory|transcript	126
chr20	33441479	33441605	ENSG00000101400.6	gene|regulatory|transcript	126
chr20	33554110	33554236	ENSG00000078699.22	gene|regulatory|transcript	126
chr20	23637472	23637598	ENSG00000101439.9	gene|regulatory|transcript	126
chr20	17966045	17966171	ENSG00000089006.17|ENSG00000125850.11	gene|regulatory|transcript	126
chr20	32512365	32512491	ENSG00000197183.15|ENSG00000277301.1	gene|regulatory|transcript	126
chr20	32146181	32146307	ENSG00000101337.16	gene|regulatory|transcript	126
chr20	25022813	25022939	ENSG00000154930.15	gene|regulatory|transcript	126
chr20	41076044	41076170	ENSG00000198900.7	gene|regulatory|transcript	126
chr20	517424	517550	ENSG00000101266.19	gene|regulatory|transcript	126
chr20	47283648	47283774	ENSG00000101040.20	gene|regulatory|transcript	126
chr20	20052758	20052884	ENSG00000089101.19|ENSG00000101343.15	gene|regulatory|transcript	126
chr20	34074452	34074578	ENSG00000125970.12	gene|regulatory|transcript	126
chr20	36832425	36832551	ENSG00000149639.15	gene|regulatory|transcript	126
chr20	44614768	44614894	ENSG00000168734.14|ENSG00000196839.14	gene|regulatory|transcript	126
chr20	32110286	32110412	ENSG00000101337.16	gene|regulatory|transcript	126
chr20	2982359	2982485	ENSG00000132670.21	gene|regulatory|transcript	126
chr20	8000151	8000277	ENSG00000125827.9	gene|regulatory|transcript	126
chr20	41342044	41342170	ENSG00000132793.12	gene|regulatory|transcript	126
chr20	58434476	58434601	ENSG00000124164.16	gene|regulatory|transcript	125
chr20	992434	992559	ENSG00000101282.9	gene|regulatory|transcript	125
chr20	35734060	35734185	ENSG00000131051.24	gene|regulatory|transcript	125
chr20	19995079	19995204	ENSG00000132669.14	gene|regulatory|transcript	125
chr20	19222591	19222716	ENSG00000185052.13	gene|regulatory|transcript	125
chr20	34582032	34582157	ENSG00000101464.11	gene|regulatory|transcript	125
chr20	890368	890493	ENSG00000101280.8	gene|regulatory|transcript	125
chr20	25015012	25015137	ENSG00000154930.15	gene|regulatory|transcript	125
chr20	4813598	4813723	ENSG00000101265.16	gene|regulatory|transcript	125
chr20	35439111	35439236	ENSG00000125965.9	gene|regulatory|transcript	125
chr20	49147351	49147476	ENSG00000124214.21	gene|regulatory|transcript	125
chr20	53262880	53263005	ENSG00000182463.17|ENSG00000271774.1	gene|regulatory|transcript	125
chr20	48984603	48984728	ENSG00000124198.10	gene|regulatory|transcript	125
chr20	63912474	63912599	ENSG00000101152.12|ENSG00000290226.1	gene|regulatory|transcript	125
chr20	64093335	64093460	ENSG00000125510.18	gene|regulatory|transcript	125
chr20	15236813	15236938	ENSG00000172264.19	gene|regulatory|transcript	125
chr20	62816869	62816994	ENSG00000092758.18	gene|regulatory|transcript	125
chr20	37289686	37289811	ENSG00000101363.13	gene|regulatory|transcript	125
chr20	45814470	45814595	ENSG00000175063.17	gene|regulatory|transcript	125
chr20	47725573	47725698	ENSG00000196562.16	gene|regulatory|transcript	125
chr20	32886735	32886860	ENSG00000215529.13	gene|regulatory|transcript	125
chr20	52082843	52082968	ENSG00000020256.20|ENSG00000287511.1	gene|regulatory|transcript	125
chr20	45791596	45791721	ENSG00000124116.19	gene|regulatory|transcript	125
chr20	14478271	14478396	ENSG00000172264.19	gene|regulatory|transcript	125
chr20	53577690	53577815	ENSG00000171940.14	gene|regulatory|transcript	125
chr20	17228005	17228130	ENSG00000125851.10	gene|regulatory|transcript	125
chr20	2837516	2837641	ENSG00000132635.17	gene|regulatory|transcript	125
chr20	35174229	35174354	ENSG00000101000.6	gene|regulatory|transcript	125
chr20	5122870	5122995	ENSG00000132646.11	gene|regulatory|transcript	125
chr20	1342713	1342838	ENSG00000234684.8|ENSG00000274322.1	gene|regulatory|transcript	125
chr20	14612448	14612573	ENSG00000172264.19|ENSG00000227927.2	gene|regulatory|transcript	125
chr20	33369514	33369638	ENSG00000101391.21	gene|regulatory|transcript	124
chr20	31709985	31710109	ENSG00000171552.14|ENSG00000236559.1	gene|regulatory|transcript	124
chr20	51735067	51735191	ENSG00000054793.14	gene|regulatory|transcript	124
chr20	1478626	1478750	ENSG00000196209.13	gene|regulatory|transcript	124
chr20	52975540	52975664	ENSG00000182463.17	gene|regulatory|transcript	124
chr20	32017675	32017799	ENSG00000101331.17|ENSG00000226239.2	gene|regulatory|transcript	124
chr20	51463703	51463827	ENSG00000101096.20	gene|regulatory|transcript	124
chr20	41365157	41365281	ENSG00000183798.5	gene|regulatory|transcript	124
chr20	62672802	62672926	ENSG00000101187.16	gene|regulatory|transcript	124
chr20	10610307	10610431	ENSG00000149346.15	gene|regulatory|transcript	124
chr20	57669456	57669580	ENSG00000124225.16	gene|regulatory|transcript	124
chr20	37496935	37497059	ENSG00000166619.15	gene|regulatory|transcript	124
chr20	63706874	63706998	ENSG00000101246.20	gene|regulatory|transcript	124
chr20	31951440	31951564	ENSG00000088356.6	gene|regulatory|transcript	124
chr20	5152335	5152459	ENSG00000101290.14	gene|regulatory|transcript	124
chr20	32155220	32155344	ENSG00000101337.16	gene|regulatory|transcript	124
chr20	63978985	63979109	ENSG00000130590.14	gene|regulatory|transcript	124
chr20	45859444	45859568	ENSG00000132801.7	gene|regulatory|transcript	124
chr20	34939366	34939490	ENSG00000100983.12	gene|regulatory|transcript	124
chr20	1296921	1297045	ENSG00000101298.15	gene|regulatory|transcript	124
chr20	46953744	46953868	ENSG00000064655.19	gene|regulatory|transcript	124
chr20	49814384	49814508	ENSG00000197818.12	gene|regulatory|transcript	124
chr20	46401569	46401693	ENSG00000062598.18	gene|regulatory|transcript	124
chr20	14342011	14342135	ENSG00000172264.19	gene|regulatory|transcript	124
chr20	22585150	22585274	ENSG00000125798.15	gene|regulatory|transcript	124
chr20	41029306	41029430	ENSG00000198900.7	gene|regulatory|transcript	124
chr20	10662506	10662630	ENSG00000101384.12	gene|regulatory|transcript	124
chr20	418002	418126	ENSG00000125826.22	gene|regulatory|transcript	124
chr20	9388248	9388372	ENSG00000101333.19	gene|regulatory|transcript	124
chr20	38894136	38894260	ENSG00000101445.10	gene|regulatory|transcript	124
chr20	37727402	37727526	ENSG00000132792.21	gene|regulatory|transcript	124
chr20	4137009	4137133	ENSG00000088826.18	gene|regulatory|transcript	124
chr20	44576673	44576797	ENSG00000168734.14	gene|regulatory|transcript	124
chr20	44125315	44125439	ENSG00000149596.7	gene|regulatory|transcript	124
chr20	50739736	50739860	ENSG00000124171.9	gene|regulatory|transcript	124
chr20	34561081	34561205	ENSG00000101464.11	gene|regulatory|transcript	124
chr20	59637723	59637846	ENSG00000087495.17	gene|regulatory|transcript	123
chr20	59735547	59735670	ENSG00000087495.17	gene|regulatory|transcript	123
chr20	62918188	62918311	ENSG00000101191.17	gene|regulatory|transcript	123
chr20	34301598	34301721	ENSG00000101444.13	gene|regulatory|transcript	123
chr20	36744991	36745114	ENSG00000101079.21	gene|regulatory|transcript	123
chr20	62239065	62239188	ENSG00000130703.17	gene|regulatory|transcript	123
chr20	34771854	34771977	ENSG00000198646.14|ENSG00000286803.1	gene|regulatory|transcript	123
chr20	58155334	58155457	ENSG00000124237.6	gene|regulatory|transcript	123
chr20	9516131	9516254	ENSG00000125869.10	gene|regulatory|transcript	123
chr20	9100887	9101010	ENSG00000101333.19	gene|regulatory|transcript	123
chr20	53941927	53942050	ENSG00000064787.14|ENSG00000236352.1	gene|regulatory|transcript	123
chr20	57522473	57522596	ENSG00000124092.13	gene|regulatory|transcript	123
chr20	32110611	32110734	ENSG00000101337.16	gene|regulatory|transcript	123
chr20	36813332	36813455	ENSG00000149639.15	gene|regulatory|transcript	123
chr20	46027883	46028006	ENSG00000124140.15	gene|regulatory|transcript	123
chr20	47283447	47283570	ENSG00000101040.20	gene|regulatory|transcript	123
chr20	43047095	43047218	ENSG00000196090.14	gene|regulatory|transcript	123
chr20	4817362	4817485	ENSG00000101265.16	gene|regulatory|transcript	123
chr20	51401682	51401805	ENSG00000101096.20	gene|regulatory|transcript	123
chr20	38142199	38142322	ENSG00000198959.12	gene|regulatory|transcript	123
chr20	56442381	56442504	ENSG00000087589.17	gene|regulatory|transcript	123
chr20	15976092	15976215	ENSG00000172264.19|ENSG00000286546.1	gene|regulatory|transcript	123
chr20	15706674	15706797	ENSG00000172264.19	gene|regulatory|transcript	123
chr20	50541613	50541736	ENSG00000196396.10	gene|regulatory|transcript	123
chr20	36173640	36173763	ENSG00000088367.23	gene|regulatory|transcript	123
chr20	9392038	9392161	ENSG00000101333.19	gene|regulatory|transcript	123
chr20	46351927	46352050	ENSG00000080189.15	gene|regulatory|transcript	123
chr20	2212693	2212816	ENSG00000226644.5|ENSG00000286022.1	gene|regulatory|transcript	123
chr20	18397209	18397332	ENSG00000089091.17	gene|regulatory|transcript	123
chr20	47222767	47222890	ENSG00000101040.20	gene|regulatory|transcript	123
chr20	10430801	10430923	ENSG00000125863.20|ENSG00000285508.2|ENSG00000285723.2	gene|regulatory|transcript	122
chr20	13638479	13638601	ENSG00000089123.16	gene|regulatory|transcript	122
chr20	50087410	50087532	ENSG00000124208.16|ENSG00000244687.13	gene|regulatory|transcript	122
chr20	25339351	25339473	ENSG00000100997.20	gene|regulatory|transcript	122
chr20	37239010	37239132	ENSG00000118705.18	gene|regulatory|transcript	122
chr20	20090025	20090147	ENSG00000089101.19	gene|regulatory|transcript	122
chr20	49275656	49275778	ENSG00000124201.15	gene|regulatory|transcript	122
chr20	1383853	1383975	ENSG00000088832.18|ENSG00000274322.1	gene|regulatory|transcript	122
chr20	19996842	19996964	ENSG00000132669.14	gene|regulatory|transcript	122
chr20	672442	672564	ENSG00000215397.4|ENSG00000270299.1	gene|regulatory|transcript	122
chr20	42110487	42110609	ENSG00000196090.14	gene|regulatory|transcript	122
chr20	46202873	46202995	ENSG00000149654.11	gene|regulatory|transcript	122
chr20	50741435	50741557	ENSG00000124171.9	gene|regulatory|transcript	122
chr20	36377630	36377752	ENSG00000080845.19	gene|regulatory|transcript	122
chr20	59150204	59150326	ENSG00000124203.7	gene|regulatory|transcript	122
chr20	51536776	51536898	ENSG00000101096.20	gene|regulatory|transcript	122
chr20	62362277	62362399	ENSG00000130702.15	gene|regulatory|transcript	122
chr20	62319561	62319683	ENSG00000130702.15	gene|regulatory|transcript	122
chr20	31674097	31674219	ENSG00000171552.14	gene|regulatory|transcript	122
chr20	43065734	43065856	ENSG00000196090.14	gene|regulatory|transcript	122
chr20	44969229	44969351	ENSG00000101109.13	gene|regulatory|transcript	122
chr20	44646205	44646327	ENSG00000196839.14	gene|regulatory|transcript	122
chr20	41262416	41262538	ENSG00000174306.22	gene|regulatory|transcript	122
chr20	33680203	33680325	ENSG00000101412.13	gene|regulatory|transcript	122
chr20	3238713	3238835	ENSG00000088836.14	gene|regulatory|transcript	122
chr20	10659408	10659530	ENSG00000101384.12	gene|regulatory|transcript	122
chr20	20207903	20208025	ENSG00000089101.19	gene|regulatory|transcript	122
chr20	45343372	45343494	ENSG00000124145.6	gene|regulatory|transcript	122
chr20	47281441	47281563	ENSG00000101040.20	gene|regulatory|transcript	122
chr20	59040363	59040485	ENSG00000101166.16	gene|regulatory|transcript	122
chr20	36860500	36860622	ENSG00000149639.15	gene|regulatory|transcript	122
chr20	51465933	51466054	ENSG00000101096.20	gene|regulatory|transcript	121
chr20	42749782	42749903	ENSG00000196090.14	gene|regulatory|transcript	121
chr20	32673941	32674062	ENSG00000285382.1	gene|regulatory|transcript	121
chr20	14700401	14700522	ENSG00000172264.19	gene|regulatory|transcript	121
chr20	10648427	10648548	ENSG00000101384.12	gene|regulatory|transcript	121
chr20	17504638	17504759	ENSG00000125864.14	gene|regulatory|transcript	121
chr20	35854773	35854894	ENSG00000025293.17	gene|regulatory|transcript	121
chr20	62827801	62827922	ENSG00000092758.18	gene|regulatory|transcript	121
chr20	34871969	34872090	ENSG00000131067.17	gene|regulatory|transcript	121
chr20	47608784	47608905	ENSG00000124151.19	gene|regulatory|transcript	121
chr20	1342026	1342147	ENSG00000234684.8|ENSG00000274322.1	gene|regulatory|transcript	121
chr20	54069557	54069678	ENSG00000064787.14	gene|regulatory|transcript	121
chr20	33369961	33370082	ENSG00000101391.21	gene|regulatory|transcript	121
chr20	1226799	1226920	ENSG00000244588.6	gene|regulatory|transcript	121
chr20	50510590	50510711	ENSG00000196396.10	gene|regulatory|transcript	121
chr20	64057171	64057292	ENSG00000171703.17	gene|regulatory|transcript	121
chr20	5974711	5974832	ENSG00000125885.13|ENSG00000286235.1	gene|regulatory|transcript	121
chr20	47785489	47785610	ENSG00000196562.16	gene|regulatory|transcript	121
chr20	51532815	51532936	ENSG00000101096.20	gene|regulatory|transcript	121
chr20	56441612	56441733	ENSG00000087589.17	gene|regulatory|transcript	121
chr20	41047971	41048092	ENSG00000198900.7	gene|regulatory|transcript	121
chr20	62797231	62797352	ENSG00000101189.7	gene|regulatory|transcript	121
chr20	49712393	49712514	ENSG00000158470.5	gene|regulatory|transcript	121
chr20	36718337	36718458	ENSG00000101079.21	gene|regulatory|transcript	121
chr20	37738957	37739078	ENSG00000132792.21	gene|regulatory|transcript	121
chr20	17627382	17627503	ENSG00000125844.17	gene|regulatory|transcript	121
chr20	63242417	63242538	ENSG00000101198.15	gene|regulatory|transcript	121
chr20	23444649	23444770	ENSG00000125823.13	gene|regulatory|transcript	121
chr20	37527452	37527573	ENSG00000166619.15	gene|regulatory|transcript	121
chr20	62305826	62305947	ENSG00000130706.13|ENSG00000226332.2	gene|regulatory|transcript	121
chr20	31699907	31700028	ENSG00000171552.14|ENSG00000236559.1	gene|regulatory|transcript	121
chr20	64076735	64076856	ENSG00000171700.14	gene|regulatory|transcript	121
chr20	15045744	15045865	ENSG00000172264.19	gene|regulatory|transcript	121
chr20	8667502	8667623	ENSG00000182621.19	gene|regulatory|transcript	121
chr20	50741936	50742057	ENSG00000124171.9	gene|regulatory|transcript	121
chr20	1933050	1933171	ENSG00000198053.12	gene|regulatory|transcript	121
chr20	49168833	49168954	ENSG00000124214.21	gene|regulatory|transcript	121
chr20	15962185	15962305	ENSG00000172264.19|ENSG00000286546.1	gene|regulatory|transcript	120
chr20	58497777	58497897	ENSG00000198768.11	gene|regulatory|transcript	120
chr20	44644014	44644134	ENSG00000196839.14	gene|regulatory|transcript	120
chr20	49187805	49187925	ENSG00000124214.21	gene|regulatory|transcript	120
chr20	44597043	44597163	ENSG00000168734.14|ENSG00000196839.14	gene|regulatory|transcript	120
chr20	3760734	3760854	ENSG00000101220.18	gene|regulatory|transcript	120
chr20	17226379	17226499	ENSG00000125851.10	gene|regulatory|transcript	120
chr20	63688407	63688527	ENSG00000026036.23|ENSG00000258366.12	gene|regulatory|transcript	120
chr20	56454857	56454977	ENSG00000087589.17	gene|regulatory|transcript	120
chr20	4813374	4813494	ENSG00000101265.16	gene|regulatory|transcript	120
chr20	16537528	16537648	ENSG00000089177.20	gene|regulatory|transcript	120
chr20	32313109	32313229	ENSG00000101350.8	gene|regulatory|transcript	120
chr20	36349636	36349756	ENSG00000080845.19	gene|regulatory|transcript	120
chr20	50510979	50511099	ENSG00000196396.10	gene|regulatory|transcript	120
chr20	44142082	44142202	ENSG00000149596.7	gene|regulatory|transcript	120
chr20	34704218	34704338	ENSG00000198646.14	gene|regulatory|transcript	120
chr20	32451447	32451567	ENSG00000197183.15|ENSG00000236772.1	gene|regulatory|transcript	120
chr20	36092509	36092629	ENSG00000088367.23	gene|regulatory|transcript	120
chr20	36113572	36113692	ENSG00000088367.23	gene|regulatory|transcript	120
chr20	1935789	1935909	ENSG00000198053.12	gene|regulatory|transcript	120
chr20	4942170	4942290	ENSG00000089057.15	gene|regulatory|transcript	120
chr20	35641766	35641886	ENSG00000214078.13|ENSG00000272897.5	gene|regulatory|transcript	120
chr20	42358896	42359016	ENSG00000196090.14	gene|regulatory|transcript	120
chr20	58424306	58424426	ENSG00000124164.16	gene|regulatory|transcript	120
chr20	50139052	50139171	ENSG00000124208.16|ENSG00000240849.11	gene|regulatory|transcript	119
chr20	49408672	49408791	ENSG00000158445.10|ENSG00000290421.1	gene|regulatory|transcript	119
chr20	13115954	13116073	ENSG00000172296.13	gene|regulatory|transcript	119
chr20	38890463	38890582	ENSG00000101445.10	gene|regulatory|transcript	119
chr20	9792926	9793045	ENSG00000101349.17	gene|regulatory|transcript	119
chr20	2300478	2300597	ENSG00000125780.12|ENSG00000286022.1	gene|regulatory|transcript	119
chr20	61704922	61705041	ENSG00000179242.16	gene|regulatory|transcript	119
chr20	43458140	43458259	ENSG00000124193.16|ENSG00000288000.1	gene|regulatory|transcript	119
chr20	10598752	10598871	ENSG00000149346.15	gene|regulatory|transcript	119
chr20	34075754	34075873	ENSG00000125970.12	gene|regulatory|transcript	119
chr20	37310261	37310380	ENSG00000101363.13	gene|regulatory|transcript	119
chr20	31552783	31552902	ENSG00000101294.19	gene|regulatory|transcript	119
chr20	35325435	35325554	ENSG00000101019.22	gene|regulatory|transcript	119
chr20	36580225	36580344	ENSG00000118707.11|ENSG00000259399.1	gene|regulatory|transcript	119
chr20	19283553	19283672	ENSG00000179447.2|ENSG00000185052.13	gene|regulatory|transcript	119
chr20	10521634	10521753	ENSG00000149346.15	gene|regulatory|transcript	119
chr20	50147551	50147670	ENSG00000124208.16|ENSG00000240849.11	gene|regulatory|transcript	119
chr20	4961628	4961747	ENSG00000089057.15	gene|regulatory|transcript	119
chr20	2109219	2109338	ENSG00000125834.13|ENSG00000286108.1	gene|regulatory|transcript	119
chr20	52975383	52975502	ENSG00000182463.17	gene|regulatory|transcript	119
chr20	47316346	47316465	ENSG00000101040.20	gene|regulatory|transcript	119
chr20	433533	433652	ENSG00000125875.15	gene|regulatory|transcript	119
chr20	44971125	44971244	ENSG00000101109.13	gene|regulatory|transcript	119
chr20	33372522	33372641	ENSG00000101391.21	gene|regulatory|transcript	119
chr20	19968201	19968320	ENSG00000132669.14	gene|regulatory|transcript	119
chr20	34978096	34978215	ENSG00000078814.19	gene|regulatory|transcript	119
chr20	34420920	34421038	ENSG00000078747.17|ENSG00000289720.1	gene|regulatory|transcript	118
chr20	45341166	45341284	ENSG00000124145.6	gene|regulatory|transcript	118
chr20	18587823	18587941	ENSG00000284776.1	gene|regulatory|transcript	118
chr20	53303439	53303557	ENSG00000182463.17|ENSG00000271774.1	gene|regulatory|transcript	118
chr20	19435941	19436059	ENSG00000185052.13	gene|regulatory|transcript	118
chr20	62424472	62424590	ENSG00000130701.4	gene|regulatory|transcript	118
chr20	46383494	46383612	ENSG00000062598.18|ENSG00000273828.2	gene|regulatory|transcript	118
chr20	23400122	23400240	ENSG00000125814.17	gene|regulatory|transcript	118
chr20	62306529	62306647	ENSG00000130706.13	gene|regulatory|transcript	118
chr20	54624258	54624376	ENSG00000101134.12	gene|regulatory|transcript	118
chr20	50817943	50818061	ENSG00000124243.19	gene|regulatory|transcript	118
chr20	47262169	47262287	ENSG00000101040.20	gene|regulatory|transcript	118
chr20	2405742	2405860	ENSG00000166948.10	gene|regulatory|transcript	118
chr20	42923406	42923524	ENSG00000196090.14	gene|regulatory|transcript	118
chr20	3210480	3210598	ENSG00000125877.13	gene|regulatory|transcript	118
chr20	35646272	35646390	ENSG00000214078.13|ENSG00000272897.5	gene|regulatory|transcript	118
chr20	435072	435190	ENSG00000125875.15	gene|regulatory|transcript	118
chr20	44615889	44616007	ENSG00000168734.14|ENSG00000196839.14	gene|regulatory|transcript	118
chr20	45407088	45407206	ENSG00000124251.11|ENSG00000244274.9|ENSG00000254806.5	gene|regulatory|transcript	118
chr20	47663622	47663740	ENSG00000196562.16	gene|regulatory|transcript	118
chr20	51638775	51638893	ENSG00000054793.14	gene|regulatory|transcript	118
chr20	10652349	10652467	ENSG00000101384.12	gene|regulatory|transcript	118
chr20	56535705	56535823	ENSG00000213714.1	gene|regulatory|transcript	118
chr20	2109991	2110109	ENSG00000125834.13	gene|regulatory|transcript	118
chr20	3340385	3340503	ENSG00000088854.13	gene|regulatory|transcript	118
chr20	19806976	19807094	ENSG00000132669.14	gene|regulatory|transcript	118
chr20	59040885	59041003	ENSG00000101166.16	gene|regulatory|transcript	118
chr20	37929886	37930004	ENSG00000132821.12	gene|regulatory|transcript	118
chr20	10035398	10035516	ENSG00000132623.16|ENSG00000227906.10	gene|regulatory|transcript	118
chr20	59307494	59307612	ENSG00000124205.18	gene|regulatory|transcript	118
chr20	38112441	38112559	ENSG00000101413.12	gene|regulatory|transcript	118
chr20	50806066	50806184	ENSG00000124243.19	gene|regulatory|transcript	118
chr20	283603	283721	ENSG00000196476.12	gene|regulatory|transcript	118
chr20	59131023	59131140	ENSG00000124203.7	gene|regulatory|transcript	117
chr20	43538857	43538974	ENSG00000185513.18|ENSG00000288000.1	gene|regulatory|transcript	117
chr20	50144378	50144495	ENSG00000124208.16|ENSG00000240849.11	gene|regulatory|transcript	117
chr20	52056777	52056894	ENSG00000020256.20	gene|regulatory|transcript	117
chr20	6052027	6052144	ENSG00000125872.9	gene|regulatory|transcript	117
chr20	1465255	1465372	ENSG00000088833.18	gene|regulatory|transcript	117
chr20	19868439	19868556	ENSG00000132669.14	gene|regulatory|transcript	117
chr20	20304598	20304715	ENSG00000089101.19	gene|regulatory|transcript	117
chr20	50108367	50108484	ENSG00000124208.16|ENSG00000244687.13	gene|regulatory|transcript	117
chr20	54208124	54208241	ENSG00000101132.10	gene|regulatory|transcript	117
chr20	25461777	25461894	ENSG00000101004.16	gene|regulatory|transcript	117
chr20	32764392	32764509	ENSG00000088305.19	gene|regulatory|transcript	117
chr20	38260031	38260148	ENSG00000149633.12	gene|regulatory|transcript	117
chr20	47117520	47117637	ENSG00000064655.19	gene|regulatory|transcript	117
chr20	17540921	17541038	ENSG00000125864.14	gene|regulatory|transcript	117
chr20	63326149	63326266	ENSG00000101203.17	gene|regulatory|transcript	117
chr20	49871872	49871989	ENSG00000197818.12	gene|regulatory|transcript	117
chr20	62352672	62352789	ENSG00000130702.15	gene|regulatory|transcript	117
chr20	24566156	24566273	ENSG00000101463.6	gene|regulatory|transcript	117
chr20	34471556	34471673	ENSG00000078747.17|ENSG00000289720.1	gene|regulatory|transcript	117
chr20	37738107	37738224	ENSG00000132792.21	gene|regulatory|transcript	117
chr20	32511097	32511214	ENSG00000197183.15|ENSG00000277301.1	gene|regulatory|transcript	117
chr20	48791617	48791734	ENSG00000124126.14	gene|regulatory|transcript	117
chr20	32382274	32382391	ENSG00000171456.22	gene|regulatory|transcript	117
chr20	34220979	34221096	ENSG00000101440.10	gene|regulatory|transcript	117
chr20	3213867	3213984	ENSG00000125877.13	gene|regulatory|transcript	117
chr20	47347738	47347855	ENSG00000101040.20	gene|regulatory|transcript	117
chr20	49167566	49167683	ENSG00000124214.21	gene|regulatory|transcript	117
chr20	58703489	58703606	ENSG00000215440.12|ENSG00000254995.4	gene|regulatory|transcript	117
chr20	665918	666035	ENSG00000215397.4|ENSG00000270299.1	gene|regulatory|transcript	117
chr20	49228888	49229005	ENSG00000124228.15	gene|regulatory|transcript	117
chr20	36199511	36199628	ENSG00000088367.23	gene|regulatory|transcript	117
chr20	48760595	48760712	ENSG00000124126.14	gene|regulatory|transcript	117
chr20	20088101	20088218	ENSG00000089101.19	gene|regulatory|transcript	117
chr20	59585534	59585651	ENSG00000087495.17	gene|regulatory|transcript	117
chr20	32581760	32581877	ENSG00000197183.15	gene|regulatory|transcript	117
chr20	49268375	49268492	ENSG00000124201.15	gene|regulatory|transcript	117
chr20	2210876	2210992	ENSG00000226644.5|ENSG00000286022.1	gene|regulatory|transcript	116
chr20	25310771	25310887	ENSG00000100997.20	gene|regulatory|transcript	116
chr20	63688184	63688300	ENSG00000026036.23|ENSG00000258366.12	gene|regulatory|transcript	116
chr20	45328851	45328967	ENSG00000124145.6	gene|regulatory|transcript	116
chr20	35438912	35439028	ENSG00000125965.9	gene|regulatory|transcript	116
chr20	19961383	19961499	ENSG00000132669.14	gene|regulatory|transcript	116
chr20	17622731	17622847	ENSG00000125844.17	gene|regulatory|transcript	116
chr20	41138003	41138119	ENSG00000124181.15	gene|regulatory|transcript	116
chr20	19519238	19519354	ENSG00000185052.13	gene|regulatory|transcript	116
chr20	10538175	10538291	ENSG00000149346.15	gene|regulatory|transcript	116
chr20	44186210	44186326	ENSG00000149596.7	gene|regulatory|transcript	116
chr20	10553505	10553621	ENSG00000149346.15	gene|regulatory|transcript	116
chr20	10005936	10006052	ENSG00000132623.16|ENSG00000243961.2	gene|regulatory|transcript	116
chr20	44784776	44784892	ENSG00000101098.13	gene|regulatory|transcript	116
chr20	35211394	35211510	ENSG00000101000.6|ENSG00000126005.17	gene|regulatory|transcript	116
chr20	62827976	62828092	ENSG00000092758.18	gene|regulatory|transcript	116
chr20	14537079	14537195	ENSG00000172264.19	gene|regulatory|transcript	116
chr20	59306403	59306519	ENSG00000124205.18	gene|regulatory|transcript	116
chr20	35991376	35991492	ENSG00000149646.12	gene|regulatory|transcript	116
chr20	38159845	38159961	ENSG00000198959.12	gene|regulatory|transcript	116
chr20	462219	462335	ENSG00000125875.15	gene|regulatory|transcript	116
chr20	10649695	10649811	ENSG00000101384.12	gene|regulatory|transcript	116
chr20	20318770	20318886	ENSG00000089101.19	gene|regulatory|transcript	116
chr20	64156921	64157037	ENSG00000196132.14	gene|regulatory|transcript	116
chr20	42886159	42886275	ENSG00000196090.14	gene|regulatory|transcript	116
chr20	50903370	50903486	ENSG00000101126.18	gene|regulatory|transcript	116
chr20	36699405	36699521	ENSG00000101079.21	gene|regulatory|transcript	116
chr20	44271868	44271984	ENSG00000124194.17	gene|regulatory|transcript	116
chr20	19507757	19507873	ENSG00000185052.13	gene|regulatory|transcript	116
chr20	34404163	34404279	ENSG00000078747.17|ENSG00000289720.1	gene|regulatory|transcript	116
chr20	31546335	31546450	ENSG00000101294.19	gene|regulatory|transcript	115
chr20	48816116	48816231	ENSG00000124126.14	gene|regulatory|transcript	115
chr20	13544907	13545022	ENSG00000089123.16	gene|regulatory|transcript	115
chr20	38256280	38256395	ENSG00000149633.12	gene|regulatory|transcript	115
chr20	63775002	63775117	ENSG00000130584.12	gene|regulatory|transcript	115
chr20	50103717	50103832	ENSG00000124208.16|ENSG00000244687.13	gene|regulatory|transcript	115
chr20	34994401	34994516	ENSG00000078814.19	gene|regulatory|transcript	115
chr20	46670928	46671043	ENSG00000158296.14	gene|regulatory|transcript	115
chr20	5150544	5150659	ENSG00000101290.14	gene|regulatory|transcript	115
chr20	41553128	41553243	ENSG00000124177.16	gene|regulatory|transcript	115
chr20	35851518	35851633	ENSG00000025293.17	gene|regulatory|transcript	115
chr20	14630182	14630297	ENSG00000172264.19|ENSG00000227927.2	gene|regulatory|transcript	115
chr20	58899747	58899862	ENSG00000087460.29	gene|regulatory|transcript	115
chr20	25376756	25376871	ENSG00000100997.20	gene|regulatory|transcript	115
chr20	36812844	36812959	ENSG00000149639.15	gene|regulatory|transcript	115
chr20	64203591	64203706	ENSG00000196132.14	gene|regulatory|transcript	115
chr20	45363338	45363453	ENSG00000204070.10|ENSG00000254806.5	gene|regulatory|transcript	115
chr20	47330120	47330235	ENSG00000101040.20	gene|regulatory|transcript	115
chr20	34877201	34877316	ENSG00000131069.20	gene|regulatory|transcript	115
chr20	46212381	46212496	ENSG00000149654.11	gene|regulatory|transcript	115
chr20	38031969	38032084	ENSG00000101407.13	gene|regulatory|transcript	115
chr20	3738717	3738832	ENSG00000132622.11	gene|regulatory|transcript	115
chr20	4245637	4245752	ENSG00000171873.8	gene|regulatory|transcript	115
chr20	62302142	62302257	ENSG00000130706.13	gene|regulatory|transcript	115
chr20	31712481	31712596	ENSG00000171552.14|ENSG00000236559.1	gene|regulatory|transcript	115
chr20	53146038	53146153	ENSG00000182463.17	gene|regulatory|transcript	115
chr20	59320901	59321016	ENSG00000124205.18	gene|regulatory|transcript	115
chr20	13109907	13110022	ENSG00000172296.13	gene|regulatory|transcript	115
chr20	46720188	46720303	ENSG00000197496.6	gene|regulatory|transcript	115
chr20	59577725	59577840	ENSG00000087495.17	gene|regulatory|transcript	115
chr20	49345730	49345845	ENSG00000158445.10|ENSG00000290421.1	gene|regulatory|transcript	115
chr20	62929837	62929952	ENSG00000101191.17	gene|regulatory|transcript	115
chr20	3358829	3358944	ENSG00000088854.13	gene|regulatory|transcript	115
chr20	5172228	5172343	ENSG00000101290.14	gene|regulatory|transcript	115
chr20	1273520	1273635	ENSG00000101298.15|ENSG00000244588.6	gene|regulatory|transcript	115
chr20	24992196	24992311	ENSG00000101474.12	gene|regulatory|transcript	115
chr20	48747082	48747197	ENSG00000124126.14	gene|regulatory|transcript	115
chr20	47296558	47296673	ENSG00000101040.20	gene|regulatory|transcript	115
chr20	31697240	31697355	ENSG00000171552.14|ENSG00000236559.1	gene|regulatory|transcript	115
chr20	62832189	62832304	ENSG00000092758.18	gene|regulatory|transcript	115
chr20	8330863	8330977	ENSG00000182621.19	gene|regulatory|transcript	114
chr20	5073604	5073718	ENSG00000089063.15	gene|regulatory|transcript	114
chr20	910480	910594	ENSG00000101280.8	gene|regulatory|transcript	114
chr20	64111872	64111986	ENSG00000196132.14	gene|regulatory|transcript	114
chr20	45254235	45254349	ENSG00000124107.5	gene|regulatory|transcript	114
chr20	53077766	53077880	ENSG00000182463.17	gene|regulatory|transcript	114
chr20	39021935	39022049	ENSG00000101452.15	gene|regulatory|transcript	114
chr20	48767583	48767697	ENSG00000124126.14	gene|regulatory|transcript	114
chr20	25365071	25365185	ENSG00000100997.20	gene|regulatory|transcript	114
chr20	24647706	24647820	ENSG00000101463.6	gene|regulatory|transcript	114
chr20	36937168	36937282	ENSG00000101347.11	gene|regulatory|transcript	114
chr20	63782704	63782818	ENSG00000130584.12	gene|regulatory|transcript	114
chr20	25571471	25571585	ENSG00000101004.16	gene|regulatory|transcript	114
chr20	34980918	34981032	ENSG00000078814.19	gene|regulatory|transcript	114
chr20	63782554	63782668	ENSG00000130584.12	gene|regulatory|transcript	114
chr20	2866315	2866429	ENSG00000215305.10	gene|regulatory|transcript	114
chr20	31860763	31860877	ENSG00000149599.16	gene|regulatory|transcript	114
chr20	19778617	19778731	ENSG00000132669.14	gene|regulatory|transcript	114
chr20	21324210	21324324	ENSG00000088930.8	gene|regulatory|transcript	114
chr20	53313458	53313572	ENSG00000182463.17|ENSG00000271774.1	gene|regulatory|transcript	114
chr20	3749854	3749968	ENSG00000132622.11	gene|regulatory|transcript	114
chr20	45405602	45405716	ENSG00000124251.11|ENSG00000254806.5	gene|regulatory|transcript	114
chr20	49231758	49231872	ENSG00000124228.15	gene|regulatory|transcript	114
chr20	38812012	38812126	ENSG00000101445.10	gene|regulatory|transcript	114
chr20	49664128	49664242	ENSG00000158470.5	gene|regulatory|transcript	114
chr20	51632627	51632741	ENSG00000054793.14	gene|regulatory|transcript	114
chr20	49987484	49987598	ENSG00000124216.4	gene|regulatory|transcript	114
chr20	44410800	44410914	ENSG00000101076.20	gene|regulatory|transcript	114
chr20	61659410	61659524	ENSG00000179242.16	gene|regulatory|transcript	114
chr20	46681101	46681215	ENSG00000158296.14	gene|regulatory|transcript	114
chr20	5970393	5970507	ENSG00000125885.13|ENSG00000286235.1	gene|regulatory|transcript	114
chr20	43543420	43543533	ENSG00000185513.18|ENSG00000277611.1	gene|regulatory|transcript	113
chr20	3798605	3798718	ENSG00000101224.18	gene|regulatory|transcript	113
chr20	63643642	63643755	ENSG00000197457.10	gene|regulatory|transcript	113
chr20	32780809	32780922	ENSG00000088305.19	gene|regulatory|transcript	113
chr20	3861630	3861743	ENSG00000088888.18	gene|regulatory|transcript	113
chr20	51739666	51739779	ENSG00000054793.14	gene|regulatory|transcript	113
chr20	16407636	16407749	ENSG00000089177.20	gene|regulatory|transcript	113
chr20	44395993	44396106	ENSG00000101076.20	gene|regulatory|transcript	113
chr20	38861257	38861370	ENSG00000101445.10	gene|regulatory|transcript	113
chr20	25198755	25198868	ENSG00000197586.13	gene|regulatory|transcript	113
chr20	24541231	24541344	ENSG00000101463.6	gene|regulatory|transcript	113
chr20	14304515	14304628	ENSG00000172264.19	gene|regulatory|transcript	113
chr20	31680213	31680326	ENSG00000171552.14	gene|regulatory|transcript	113
chr20	62811610	62811723	ENSG00000060491.17	gene|regulatory|transcript	113
chr20	46012313	46012426	ENSG00000100985.7	gene|regulatory|transcript	113
chr20	2738252	2738365	ENSG00000088881.22	gene|regulatory|transcript	113
chr20	34891359	34891472	ENSG00000131069.20	gene|regulatory|transcript	113
chr20	19624729	19624842	ENSG00000185052.13	gene|regulatory|transcript	113
chr20	38131682	38131795	ENSG00000198959.12	gene|regulatory|transcript	113
chr20	50818319	50818432	ENSG00000124243.19	gene|regulatory|transcript	113
chr20	19531421	19531534	ENSG00000185052.13	gene|regulatory|transcript	113
chr20	63730377	63730490	ENSG00000197114.12|ENSG00000273154.3	gene|regulatory|transcript	113
chr20	48712348	48712461	ENSG00000124126.14	gene|regulatory|transcript	113
chr20	59678741	59678854	ENSG00000087495.17	gene|regulatory|transcript	113
chr20	49325973	49326086	ENSG00000158445.10|ENSG00000283529.2|ENSG00000290421.1	gene|regulatory|transcript	113
chr20	51480827	51480940	ENSG00000101096.20	gene|regulatory|transcript	113
chr20	47757870	47757983	ENSG00000196562.16	gene|regulatory|transcript	113
chr20	49670122	49670235	ENSG00000158470.5	gene|regulatory|transcript	113
chr20	53141169	53141282	ENSG00000182463.17	gene|regulatory|transcript	113
chr20	62307841	62307954	ENSG00000130706.13	gene|regulatory|transcript	113
chr20	44006792	44006905	ENSG00000124191.18	gene|regulatory|transcript	113
chr20	44584375	44584488	ENSG00000168734.14	gene|regulatory|transcript	113
chr20	45112181	45112294	ENSG00000175121.12	gene|regulatory|transcript	113
chr20	25325233	25325346	ENSG00000100997.20	gene|regulatory|transcript	113
chr20	58717250	58717363	ENSG00000215440.12	gene|regulatory|transcript	113
chr20	56490984	56491097	ENSG00000022277.13	gene|regulatory|transcript	113
chr20	891731	891844	ENSG00000101280.8	gene|regulatory|transcript	113
chr20	49887612	49887725	ENSG00000197818.12	gene|regulatory|transcript	113
chr20	58892949	58893062	ENSG00000087460.29	gene|regulatory|transcript	113
chr20	2132175	2132288	ENSG00000125834.13	gene|regulatory|transcript	113
chr20	2759155	2759267	ENSG00000088881.22	gene|regulatory|transcript	112
chr20	41146111	41146223	ENSG00000124181.15	gene|regulatory|transcript	112
chr20	3168561	3168673	ENSG00000088899.16	gene|regulatory|transcript	112
chr20	14378600	14378712	ENSG00000172264.19	gene|regulatory|transcript	112
chr20	54172687	54172799	ENSG00000019186.10	gene|regulatory|transcript	112
chr20	38157249	38157361	ENSG00000198959.12	gene|regulatory|transcript	112
chr20	32824569	32824681	ENSG00000101367.9	gene|regulatory|transcript	112
chr20	5947347	5947459	ENSG00000089195.15	gene|regulatory|transcript	112
chr20	14434886	14434998	ENSG00000172264.19	gene|regulatory|transcript	112
chr20	32066068	32066180	ENSG00000101336.18	gene|regulatory|transcript	112
chr20	49669716	49669828	ENSG00000158470.5	gene|regulatory|transcript	112
chr20	46026982	46027094	ENSG00000124140.15	gene|regulatory|transcript	112
chr20	63642584	63642696	ENSG00000197457.10	gene|regulatory|transcript	112
chr20	13095924	13096036	ENSG00000172296.13	gene|regulatory|transcript	112
chr20	31747657	31747769	ENSG00000088325.16	gene|regulatory|transcript	112
chr20	37314146	37314258	ENSG00000101363.13	gene|regulatory|transcript	112
chr20	23636747	23636859	ENSG00000101439.9	gene|regulatory|transcript	112
chr20	53345789	53345901	ENSG00000182463.17|ENSG00000271774.1	gene|regulatory|transcript	112
chr20	59178531	59178643	ENSG00000124203.7	gene|regulatory|transcript	112
chr20	54173099	54173211	ENSG00000019186.10	gene|regulatory|transcript	112
chr20	50680022	50680134	ENSG00000042062.13	gene|regulatory|transcript	112
chr20	45112039	45112151	ENSG00000175121.12	gene|regulatory|transcript	112
chr20	4123894	4124006	ENSG00000088826.18	gene|regulatory|transcript	112
chr20	31571346	31571458	ENSG00000101294.19|ENSG00000230613.1	gene|regulatory|transcript	112
chr20	17518876	17518987	ENSG00000125864.14	gene|regulatory|transcript	111
chr20	49318601	49318712	ENSG00000158445.10|ENSG00000283529.2|ENSG00000290421.1	gene|regulatory|transcript	111
chr20	19775431	19775542	ENSG00000132669.14	gene|regulatory|transcript	111
chr20	35697572	35697683	ENSG00000244005.13	gene|regulatory|transcript	111
chr20	37112212	37112323	ENSG00000101353.16	gene|regulatory|transcript	111
chr20	33848355	33848466	ENSG00000101421.4	gene|regulatory|transcript	111
chr20	41347647	41347758	ENSG00000132793.12	gene|regulatory|transcript	111
chr20	43637899	43638010	ENSG00000101052.13	gene|regulatory|transcript	111
chr20	50795827	50795938	ENSG00000124243.19	gene|regulatory|transcript	111
chr20	46631422	46631533	ENSG00000158296.14	gene|regulatory|transcript	111
chr20	62825870	62825981	ENSG00000092758.18	gene|regulatory|transcript	111
chr20	8433398	8433509	ENSG00000182621.19	gene|regulatory|transcript	111
chr20	36836062	36836173	ENSG00000149639.15	gene|regulatory|transcript	111
chr20	42974525	42974636	ENSG00000196090.14	gene|regulatory|transcript	111
chr20	41064450	41064561	ENSG00000198900.7	gene|regulatory|transcript	111
chr20	54162862	54162973	ENSG00000019186.10	gene|regulatory|transcript	111
chr20	38135761	38135872	ENSG00000198959.12	gene|regulatory|transcript	111
chr20	51022415	51022526	ENSG00000026559.14	gene|regulatory|transcript	111
chr20	57494359	57494470	ENSG00000124097.8	gene|regulatory|transcript	111
chr20	57406074	57406185	ENSG00000132819.17	gene|regulatory|transcript	111
chr20	62237509	62237620	ENSG00000130703.17	gene|regulatory|transcript	111
chr20	3991961	3992072	ENSG00000101236.17	gene|regulatory|transcript	111
chr20	31484047	31484158	ENSG00000088320.4	gene|regulatory|transcript	111
chr20	880206	880317	ENSG00000101280.8	gene|regulatory|transcript	111
chr20	54155342	54155453	ENSG00000019186.10	gene|regulatory|transcript	111
chr20	36544747	36544858	ENSG00000101335.10|ENSG00000232907.9	gene|regulatory|transcript	111
chr20	47250416	47250527	ENSG00000101040.20	gene|regulatory|transcript	111
chr20	59999663	59999774	ENSG00000124215.17	gene|regulatory|transcript	111
chr20	56359191	56359301	ENSG00000124098.10	gene|regulatory|transcript	110
chr20	31676686	31676796	ENSG00000171552.14	gene|regulatory|transcript	110
chr20	61533312	61533422	ENSG00000179242.16	gene|regulatory|transcript	110
chr20	34708580	34708690	ENSG00000078804.13|ENSG00000198646.14	gene|regulatory|transcript	110
chr20	31709268	31709378	ENSG00000171552.14|ENSG00000236559.1	gene|regulatory|transcript	110
chr20	24665235	24665345	ENSG00000101463.6	gene|regulatory|transcript	110
chr20	53960767	53960877	ENSG00000064787.14	gene|regulatory|transcript	110
chr20	35052948	35053058	ENSG00000100991.12	gene|regulatory|transcript	110
chr20	20442686	20442796	ENSG00000188559.16	gene|regulatory|transcript	110
chr20	43547736	43547846	ENSG00000185513.18|ENSG00000277611.1	gene|regulatory|transcript	110
chr20	62952935	62953045	ENSG00000101194.18	gene|regulatory|transcript	110
chr20	53570503	53570613	ENSG00000171940.14|ENSG00000197670.6	gene|regulatory|transcript	110
chr20	19758037	19758147	ENSG00000132669.14	gene|regulatory|transcript	110
chr20	58983021	58983131	ENSG00000101158.15	gene|regulatory|transcript	110
chr20	32142643	32142753	ENSG00000101337.16	gene|regulatory|transcript	110
chr20	5581177	5581287	ENSG00000125772.14	gene|regulatory|transcript	110
chr20	46923799	46923909	ENSG00000064655.19	gene|regulatory|transcript	110
chr20	17962946	17963056	ENSG00000089006.17|ENSG00000125850.11	gene|regulatory|transcript	110
chr20	32481082	32481192	ENSG00000197183.15	gene|regulatory|transcript	110
chr20	44135174	44135284	ENSG00000149596.7	gene|regulatory|transcript	110
chr20	33393339	33393449	ENSG00000101391.21	gene|regulatory|transcript	110
chr20	62355157	62355267	ENSG00000130702.15|ENSG00000228812.9	gene|regulatory|transcript	110
chr20	17381035	17381145	ENSG00000125851.10	gene|regulatory|transcript	110
chr20	8424014	8424124	ENSG00000182621.19	gene|regulatory|transcript	110
chr20	36545105	36545215	ENSG00000101335.10|ENSG00000232907.9	gene|regulatory|transcript	110
chr20	16048498	16048608	ENSG00000172264.19	gene|regulatory|transcript	110
chr20	37839991	37840101	ENSG00000132792.21	gene|regulatory|transcript	110
chr20	37397854	37397964	ENSG00000197122.13	gene|regulatory|transcript	110
chr20	47314881	47314991	ENSG00000101040.20	gene|regulatory|transcript	110
chr20	44172787	44172897	ENSG00000149596.7	gene|regulatory|transcript	110
chr20	31573263	31573373	ENSG00000101294.19	gene|regulatory|transcript	110
chr20	11894172	11894282	ENSG00000132640.15	gene|regulatory|transcript	110
chr20	10540321	10540431	ENSG00000149346.15	gene|regulatory|transcript	110
chr20	372972	373082	ENSG00000101255.12	gene|regulatory|transcript	110
chr20	14093386	14093495	ENSG00000172264.19	gene|regulatory|transcript	109
chr20	10658722	10658831	ENSG00000101384.12	gene|regulatory|transcript	109
chr20	13140451	13140560	ENSG00000172296.13	gene|regulatory|transcript	109
chr20	34364174	34364283	ENSG00000078747.17|ENSG00000289720.1	gene|regulatory|transcript	109
chr20	64227305	64227414	ENSG00000196132.14	gene|regulatory|transcript	109
chr20	9200876	9200985	ENSG00000101333.19	gene|regulatory|transcript	109
chr20	2923285	2923394	ENSG00000132670.21	gene|regulatory|transcript	109
chr20	25353009	25353118	ENSG00000100997.20	gene|regulatory|transcript	109
chr20	36114898	36115007	ENSG00000088367.23	gene|regulatory|transcript	109
chr20	19903730	19903839	ENSG00000132669.14	gene|regulatory|transcript	109
chr20	19512464	19512573	ENSG00000185052.13	gene|regulatory|transcript	109
chr20	20085846	20085955	ENSG00000089101.19	gene|regulatory|transcript	109
chr20	20089060	20089169	ENSG00000089101.19	gene|regulatory|transcript	109
chr20	59588628	59588737	ENSG00000087495.17	gene|regulatory|transcript	109
chr20	32210273	32210382	ENSG00000101346.15	gene|regulatory|transcript	109
chr20	47013769	47013878	ENSG00000064655.19	gene|regulatory|transcript	109
chr20	35241128	35241237	ENSG00000125966.10|ENSG00000126005.17	gene|regulatory|transcript	109
chr20	41173813	41173922	ENSG00000124181.15	gene|regulatory|transcript	109
chr20	3739531	3739640	ENSG00000132622.11	gene|regulatory|transcript	109
chr20	33827062	33827171	ENSG00000101421.4	gene|regulatory|transcript	109
chr20	20450441	20450550	ENSG00000188559.16	gene|regulatory|transcript	109
chr20	48821578	48821687	ENSG00000124126.14	gene|regulatory|transcript	109
chr20	45824182	45824291	ENSG00000101470.10	gene|regulatory|transcript	109
chr20	45826442	45826551	ENSG00000101470.10	gene|regulatory|transcript	109
chr20	35017820	35017929	ENSG00000100991.12	gene|regulatory|transcript	109
chr20	41271317	41271426	ENSG00000174306.22	gene|regulatory|transcript	109
chr20	8361305	8361414	ENSG00000182621.19	gene|regulatory|transcript	109
chr20	8521924	8522033	ENSG00000182621.19	gene|regulatory|transcript	109
chr20	2132874	2132983	ENSG00000125834.13	gene|regulatory|transcript	109
chr20	35819539	35819648	ENSG00000025293.17	gene|regulatory|transcript	109
chr20	44769319	44769428	ENSG00000101098.13	gene|regulatory|transcript	109
chr20	32509674	32509783	ENSG00000197183.15	gene|regulatory|transcript	109
chr20	44136894	44137003	ENSG00000149596.7	gene|regulatory|transcript	109
chr20	44142810	44142919	ENSG00000149596.7	gene|regulatory|transcript	109
chr20	58892209	58892318	ENSG00000087460.29	gene|regulatory|transcript	109
chr20	18687327	18687436	ENSG00000125821.13|ENSG00000233993.1|ENSG00000284776.1	gene|regulatory|transcript	109
chr20	50798930	50799039	ENSG00000124243.19	gene|regulatory|transcript	109
chr20	18508327	18508435	ENSG00000101310.17	gene|regulatory|transcript	108
chr20	35256979	35257087	ENSG00000125966.10|ENSG00000126005.17	gene|regulatory|transcript	108
chr20	38226620	38226728	ENSG00000149633.12	gene|regulatory|transcript	108
chr20	14289429	14289537	ENSG00000172264.19	gene|regulatory|transcript	108
chr20	4870053	4870161	ENSG00000089057.15	gene|regulatory|transcript	108
chr20	49684683	49684791	ENSG00000158470.5	gene|regulatory|transcript	108
chr20	62176855	62176963	ENSG00000184402.15	gene|regulatory|transcript	108
chr20	3082802	3082910	ENSG00000101200.5	gene|regulatory|transcript	108
chr20	10490764	10490872	ENSG00000149346.15	gene|regulatory|transcript	108
chr20	9344514	9344622	ENSG00000101333.19	gene|regulatory|transcript	108
chr20	45112879	45112987	ENSG00000175121.12	gene|regulatory|transcript	108
chr20	54208675	54208783	ENSG00000101132.10	gene|regulatory|transcript	108
chr20	15039580	15039688	ENSG00000172264.19	gene|regulatory|transcript	108
chr20	58694178	58694286	ENSG00000215440.12|ENSG00000254995.4	gene|regulatory|transcript	108
chr20	49446826	49446934	ENSG00000158445.10	gene|regulatory|transcript	108
chr20	49537225	49537333	ENSG00000124212.6	gene|regulatory|transcript	108
chr20	32649019	32649127	ENSG00000198547.10|ENSG00000285382.1	gene|regulatory|transcript	108
chr20	61928743	61928851	ENSG00000179242.16	gene|regulatory|transcript	108
chr20	42714436	42714544	ENSG00000196090.14	gene|regulatory|transcript	108
chr20	47764589	47764697	ENSG00000196562.16	gene|regulatory|transcript	108
chr20	45305401	45305509	ENSG00000124159.17	gene|regulatory|transcript	108
chr20	44587251	44587359	ENSG00000168734.14|ENSG00000196839.14	gene|regulatory|transcript	108
chr20	8390674	8390782	ENSG00000182621.19	gene|regulatory|transcript	108
chr20	47126525	47126633	ENSG00000064655.19	gene|regulatory|transcript	108
chr20	50113379	50113487	ENSG00000124208.16|ENSG00000244687.13	gene|regulatory|transcript	108
chr20	19922824	19922932	ENSG00000132669.14	gene|regulatory|transcript	108
chr20	36093562	36093670	ENSG00000088367.23	gene|regulatory|transcript	108
chr20	35279206	35279314	ENSG00000242372.9|ENSG00000261582.1	gene|regulatory|transcript	108
chr20	19937068	19937176	ENSG00000132669.14	gene|regulatory|transcript	108
chr20	1470236	1470344	ENSG00000088833.18	gene|regulatory|transcript	108
chr20	33410379	33410487	ENSG00000101400.6	gene|regulatory|transcript	108
chr20	45935085	45935193	ENSG00000100982.12	gene|regulatory|transcript	108
chr20	8366330	8366438	ENSG00000182621.19	gene|regulatory|transcript	108
chr20	34982350	34982458	ENSG00000078814.19	gene|regulatory|transcript	108
chr20	50592235	50592343	ENSG00000042062.13	gene|regulatory|transcript	108
chr20	25255181	25255289	ENSG00000100994.12	gene|regulatory|transcript	108
chr20	44580974	44581082	ENSG00000168734.14	gene|regulatory|transcript	108
chr20	62306325	62306433	ENSG00000130706.13	gene|regulatory|transcript	108
chr20	49687690	49687798	ENSG00000158470.5	gene|regulatory|transcript	108
chr20	19915015	19915123	ENSG00000132669.14	gene|regulatory|transcript	108
chr20	64164343	64164451	ENSG00000196132.14	gene|regulatory|transcript	108
chr20	63940485	63940593	ENSG00000198276.16	gene|regulatory|transcript	108
chr20	21230731	21230839	ENSG00000088970.16	gene|regulatory|transcript	108
chr20	2559310	2559417	ENSG00000149488.14	gene|regulatory|transcript	107
chr20	43925569	43925676	ENSG00000124191.18	gene|regulatory|transcript	107
chr20	49661737	49661844	ENSG00000158470.5	gene|regulatory|transcript	107
chr20	11891219	11891326	ENSG00000132640.15	gene|regulatory|transcript	107
chr20	58694313	58694420	ENSG00000215440.12|ENSG00000254995.4	gene|regulatory|transcript	107
chr20	44419421	44419528	ENSG00000101076.20	gene|regulatory|transcript	107
chr20	47340236	47340343	ENSG00000101040.20	gene|regulatory|transcript	107
chr20	13875728	13875835	ENSG00000101251.13	gene|regulatory|transcript	107
chr20	13865241	13865348	ENSG00000101251.13	gene|regulatory|transcript	107
chr20	51732587	51732694	ENSG00000054793.14	gene|regulatory|transcript	107
chr20	56484003	56484110	ENSG00000022277.13	gene|regulatory|transcript	107
chr20	63651803	63651910	ENSG00000197457.10	gene|regulatory|transcript	107
chr20	5069349	5069456	ENSG00000089063.15	gene|regulatory|transcript	107
chr20	439000	439107	ENSG00000125875.15	gene|regulatory|transcript	107
chr20	42987793	42987900	ENSG00000196090.14	gene|regulatory|transcript	107
chr20	34524614	34524721	ENSG00000125971.18|ENSG00000289720.1	gene|regulatory|transcript	107
chr20	50865603	50865710	ENSG00000124243.19	gene|regulatory|transcript	107
chr20	33718540	33718647	ENSG00000101417.12	gene|regulatory|transcript	107
chr20	38226862	38226969	ENSG00000149633.12	gene|regulatory|transcript	107
chr20	38873074	38873181	ENSG00000101445.10	gene|regulatory|transcript	107
chr20	48923273	48923380	ENSG00000124198.10	gene|regulatory|transcript	107
chr20	33438687	33438794	ENSG00000101400.6	gene|regulatory|transcript	107
chr20	37378801	37378908	ENSG00000197122.13	gene|regulatory|transcript	107
chr20	9360189	9360296	ENSG00000101333.19	gene|regulatory|transcript	107
chr20	5135227	5135334	ENSG00000101290.14	gene|regulatory|transcript	107
chr20	38219522	38219629	ENSG00000149633.12	gene|regulatory|transcript	107
chr20	63283743	63283850	ENSG00000101199.13	gene|regulatory|transcript	107
chr20	38613171	38613278	ENSG00000124143.11|ENSG00000289012.1	gene|regulatory|transcript	107
chr20	59228367	59228474	ENSG00000124203.7	gene|regulatory|transcript	107
chr20	31705586	31705693	ENSG00000171552.14|ENSG00000236559.1	gene|regulatory|transcript	107
chr20	1989819	1989926	ENSG00000101327.9|ENSG00000233896.2	gene|regulatory|transcript	107
chr20	57392047	57392154	ENSG00000132819.17|ENSG00000218018.4	gene|regulatory|transcript	107
chr20	45823883	45823990	ENSG00000101470.10	gene|regulatory|transcript	107
chr20	15928419	15928526	ENSG00000172264.19|ENSG00000286546.1	gene|regulatory|transcript	107
chr20	25032129	25032236	ENSG00000154930.15	gene|regulatory|transcript	107
chr20	911449	911556	ENSG00000101280.8	gene|regulatory|transcript	107
chr20	3996453	3996560	ENSG00000101236.17	gene|regulatory|transcript	107
chr20	63816562	63816669	ENSG00000130584.12	gene|regulatory|transcript	107
chr20	62351801	62351908	ENSG00000130702.15	gene|regulatory|transcript	107
chr20	37996267	37996374	ENSG00000101407.13	gene|regulatory|transcript	107
chr20	6116125	6116232	ENSG00000101311.17	gene|regulatory|transcript	107
chr20	3680366	3680473	ENSG00000149451.19	gene|regulatory|transcript	107
chr20	47126940	47127047	ENSG00000064655.19	gene|regulatory|transcript	107
chr20	50109111	50109218	ENSG00000124208.16|ENSG00000244687.13	gene|regulatory|transcript	107
chr20	605662	605768	ENSG00000125878.7	gene|regulatory|transcript	106
chr20	14791200	14791306	ENSG00000172264.19	gene|regulatory|transcript	106
chr20	10641353	10641459	ENSG00000101384.12	gene|regulatory|transcript	106
chr20	2467758	2467864	ENSG00000125835.20|ENSG00000256566.1	gene|regulatory|transcript	106
chr20	36641138	36641244	ENSG00000101082.14	gene|regulatory|transcript	106
chr20	13717838	13717944	ENSG00000089048.15	gene|regulatory|transcript	106
chr20	64233762	64233868	ENSG00000196132.14	gene|regulatory|transcript	106
chr20	13527645	13527751	ENSG00000089123.16	gene|regulatory|transcript	106
chr20	5991602	5991708	ENSG00000125885.13|ENSG00000278719.1|ENSG00000286235.1	gene|regulatory|transcript	106
chr20	54069108	54069214	ENSG00000064787.14	gene|regulatory|transcript	106
chr20	16571924	16572030	ENSG00000089177.20	gene|regulatory|transcript	106
chr20	43984984	43985090	ENSG00000124191.18	gene|regulatory|transcript	106
chr20	24986830	24986936	ENSG00000101474.12	gene|regulatory|transcript	106
chr20	48965457	48965563	ENSG00000124198.10	gene|regulatory|transcript	106
chr20	8316266	8316372	ENSG00000182621.19	gene|regulatory|transcript	106
chr20	45864005	45864111	ENSG00000132801.7	gene|regulatory|transcript	106
chr20	33392242	33392348	ENSG00000101391.21	gene|regulatory|transcript	106
chr20	47346459	47346565	ENSG00000101040.20	gene|regulatory|transcript	106
chr20	63919342	63919448	ENSG00000101152.12|ENSG00000290226.1	gene|regulatory|transcript	106
chr20	63247151	63247257	ENSG00000101198.15	gene|regulatory|transcript	106
chr20	62361304	62361410	ENSG00000130702.15	gene|regulatory|transcript	106
chr20	37378507	37378613	ENSG00000197122.13	gene|regulatory|transcript	106
chr20	35325893	35325999	ENSG00000101019.22	gene|regulatory|transcript	106
chr20	61516850	61516956	ENSG00000179242.16	gene|regulatory|transcript	106
chr20	38217146	38217252	ENSG00000149633.12	gene|regulatory|transcript	106
chr20	41053758	41053864	ENSG00000198900.7	gene|regulatory|transcript	106
chr20	32646505	32646611	ENSG00000198547.10|ENSG00000285382.1	gene|regulatory|transcript	106
chr20	5127949	5128055	ENSG00000101290.14	gene|regulatory|transcript	106
chr20	1303012	1303118	ENSG00000101298.15	gene|regulatory|transcript	106
chr20	44405134	44405240	ENSG00000101076.20	gene|regulatory|transcript	106
chr20	42780299	42780405	ENSG00000196090.14	gene|regulatory|transcript	106
chr20	10548135	10548241	ENSG00000149346.15	gene|regulatory|transcript	106
chr20	61872054	61872160	ENSG00000179242.16	gene|regulatory|transcript	106
chr20	444148	444253	ENSG00000125875.15	gene|regulatory|transcript	105
chr20	63653646	63653751	ENSG00000197457.10	gene|regulatory|transcript	105
chr20	42358743	42358848	ENSG00000196090.14	gene|regulatory|transcript	105
chr20	31637962	31638067	ENSG00000131055.5	gene|regulatory|transcript	105
chr20	13056125	13056230	ENSG00000172296.13	gene|regulatory|transcript	105
chr20	2794431	2794536	ENSG00000088882.8	gene|regulatory|transcript	105
chr20	63701900	63702005	ENSG00000101246.20	gene|regulatory|transcript	105
chr20	31970075	31970180	ENSG00000260903.3	gene|regulatory|transcript	105
chr20	19961537	19961642	ENSG00000132669.14	gene|regulatory|transcript	105
chr20	41031724	41031829	ENSG00000198900.7	gene|regulatory|transcript	105
chr20	4135204	4135309	ENSG00000088826.18	gene|regulatory|transcript	105
chr20	36842030	36842135	ENSG00000149639.15	gene|regulatory|transcript	105
chr20	20184190	20184295	ENSG00000089101.19	gene|regulatory|transcript	105
chr20	5604965	5605070	ENSG00000125772.14	gene|regulatory|transcript	105
chr20	49340214	49340319	ENSG00000158445.10|ENSG00000283529.2|ENSG00000290421.1	gene|regulatory|transcript	105
chr20	46203129	46203234	ENSG00000149654.11	gene|regulatory|transcript	105
chr20	63952862	63952967	ENSG00000198276.16	gene|regulatory|transcript	105
chr20	62826098	62826203	ENSG00000092758.18	gene|regulatory|transcript	105
chr20	38110359	38110464	ENSG00000101413.12	gene|regulatory|transcript	105
chr20	8156869	8156974	ENSG00000182621.19	gene|regulatory|transcript	105
chr20	41222940	41223045	ENSG00000174306.22	gene|regulatory|transcript	105
chr20	47230179	47230284	ENSG00000101040.20	gene|regulatory|transcript	105
chr20	57225322	57225427	ENSG00000101144.13	gene|regulatory|transcript	105
chr20	34634715	34634820	ENSG00000101464.11	gene|regulatory|transcript	105
chr20	57197395	57197500	ENSG00000101144.13	gene|regulatory|transcript	105
chr20	63370321	63370426	ENSG00000101204.18|ENSG00000203900.2	gene|regulatory|transcript	105
chr20	37911930	37912035	ENSG00000132821.12	gene|regulatory|transcript	105
chr20	17445031	17445136	ENSG00000125851.10	gene|regulatory|transcript	105
chr20	45902334	45902439	ENSG00000100979.15	gene|regulatory|transcript	105
chr20	48993707	48993812	ENSG00000124198.10	gene|regulatory|transcript	105
chr20	32277926	32278031	ENSG00000101350.8	gene|regulatory|transcript	105
chr20	38117437	38117542	ENSG00000101413.12	gene|regulatory|transcript	105
chr20	61388255	61388360	ENSG00000179242.16	gene|regulatory|transcript	105
chr20	9229112	9229217	ENSG00000101333.19	gene|regulatory|transcript	105
chr20	8803318	8803423	ENSG00000182621.19	gene|regulatory|transcript	105
chr20	9137269	9137374	ENSG00000101333.19	gene|regulatory|transcript	105
chr20	62161312	62161417	ENSG00000184402.15	gene|regulatory|transcript	105
chr20	49320700	49320805	ENSG00000158445.10|ENSG00000283529.2|ENSG00000290421.1	gene|regulatory|transcript	105
chr20	46996298	46996403	ENSG00000064655.19	gene|regulatory|transcript	105
chr20	33781186	33781290	ENSG00000131061.15	gene|regulatory|transcript	104
chr20	50086223	50086327	ENSG00000124208.16|ENSG00000244687.13	gene|regulatory|transcript	104
chr20	20075616	20075720	ENSG00000089101.19	gene|regulatory|transcript	104
chr20	4156281	4156385	ENSG00000088826.18	gene|regulatory|transcript	104
chr20	1325015	1325119	ENSG00000125775.15|ENSG00000274322.1	gene|regulatory|transcript	104
chr20	38876725	38876829	ENSG00000101445.10	gene|regulatory|transcript	104
chr20	63654219	63654323	ENSG00000197457.10	gene|regulatory|transcript	104
chr20	32580605	32580709	ENSG00000197183.15	gene|regulatory|transcript	104
chr20	19934994	19935098	ENSG00000132669.14	gene|regulatory|transcript	104
chr20	33732052	33732156	ENSG00000131061.15	gene|regulatory|transcript	104
chr20	33591976	33592080	ENSG00000078699.22	gene|regulatory|transcript	104
chr20	63684772	63684876	ENSG00000026036.23|ENSG00000258366.12	gene|regulatory|transcript	104
chr20	2654962	2655066	ENSG00000101361.17	gene|regulatory|transcript	104
chr20	37236709	37236813	ENSG00000118705.18	gene|regulatory|transcript	104
chr20	52179560	52179664	ENSG00000020256.20	gene|regulatory|transcript	104
chr20	36856883	36856987	ENSG00000149639.15	gene|regulatory|transcript	104
chr20	37315318	37315422	ENSG00000101363.13	gene|regulatory|transcript	104
chr20	13527500	13527604	ENSG00000089123.16	gene|regulatory|transcript	104
chr20	2476220	2476324	ENSG00000256566.1	gene|regulatory|transcript	104
chr20	10621414	10621518	ENSG00000149346.15	gene|regulatory|transcript	104
chr20	15706491	15706595	ENSG00000172264.19	gene|regulatory|transcript	104
chr20	841316	841420	ENSG00000125898.13	gene|regulatory|transcript	104
chr20	36472701	36472805	ENSG00000080845.19	gene|regulatory|transcript	104
chr20	9069206	9069310	ENSG00000101333.19	gene|regulatory|transcript	104
chr20	42125471	42125575	ENSG00000196090.14	gene|regulatory|transcript	104
chr20	34980734	34980838	ENSG00000078814.19	gene|regulatory|transcript	104
chr20	53949802	53949906	ENSG00000064787.14	gene|regulatory|transcript	104
chr20	35929302	35929406	ENSG00000025293.17	gene|regulatory|transcript	104
chr20	46684160	46684264	ENSG00000158296.14	gene|regulatory|transcript	104
chr20	48699057	48699161	ENSG00000124126.14	gene|regulatory|transcript	104
chr20	62819982	62820086	ENSG00000092758.18	gene|regulatory|transcript	104
chr20	1313639	1313743	ENSG00000125775.15	gene|regulatory|transcript	104
chr20	35977977	35978081	ENSG00000149646.12	gene|regulatory|transcript	104
chr20	3991823	3991927	ENSG00000101236.17	gene|regulatory|transcript	104
chr20	653569	653673	ENSG00000270299.1	gene|regulatory|transcript	104
chr20	21127848	21127952	ENSG00000088970.16	gene|regulatory|transcript	104
chr20	49047010	49047114	ENSG00000124207.17	gene|regulatory|transcript	104
chr20	63889745	63889849	ENSG00000101150.18|ENSG00000290226.1	gene|regulatory|transcript	104
chr20	48825413	48825517	ENSG00000124126.14|ENSG00000278231.1	gene|regulatory|transcript	104
chr20	3234637	3234741	ENSG00000088836.14	gene|regulatory|transcript	104
chr20	1118493	1118597	ENSG00000125818.18	gene|regulatory|transcript	104
chr20	3707430	3707534	ENSG00000088827.14	gene|regulatory|transcript	104
chr20	20702714	20702818	ENSG00000188559.16	gene|regulatory|transcript	104
chr20	49275887	49275991	ENSG00000124201.15	gene|regulatory|transcript	104
chr20	32558586	32558689	ENSG00000197183.15	gene|regulatory|transcript	103
chr20	4689845	4689948	ENSG00000171867.18	gene|regulatory|transcript	103
chr20	41172307	41172410	ENSG00000124181.15	gene|regulatory|transcript	103
chr20	46063256	46063359	ENSG00000124160.12	gene|regulatory|transcript	103
chr20	18412542	18412645	ENSG00000089091.17	gene|regulatory|transcript	103
chr20	51795435	51795538	ENSG00000101115.13	gene|regulatory|transcript	103
chr20	33562220	33562323	ENSG00000078699.22	gene|regulatory|transcript	103
chr20	43916046	43916149	ENSG00000124191.18	gene|regulatory|transcript	103
chr20	3820854	3820957	ENSG00000125843.11|ENSG00000274949.1	gene|regulatory|transcript	103
chr20	32133146	32133249	ENSG00000101337.16	gene|regulatory|transcript	103
chr20	18567932	18568035	ENSG00000232388.5|ENSG00000284776.1	gene|regulatory|transcript	103
chr20	37230059	37230162	ENSG00000118705.18	gene|regulatory|transcript	103
chr20	35661095	35661198	ENSG00000214078.13|ENSG00000244462.8|ENSG00000272897.5	gene|regulatory|transcript	103
chr20	47025006	47025109	ENSG00000064655.19	gene|regulatory|transcript	103
chr20	1895303	1895406	ENSG00000198053.12	gene|regulatory|transcript	103
chr20	34020485	34020588	ENSG00000125970.12	gene|regulatory|transcript	103
chr20	33410031	33410134	ENSG00000101400.6	gene|regulatory|transcript	103
chr20	17681924	17682027	ENSG00000125844.17	gene|regulatory|transcript	103
chr20	15923052	15923155	ENSG00000172264.19|ENSG00000286546.1	gene|regulatory|transcript	103
chr20	34040891	34040994	ENSG00000125970.12	gene|regulatory|transcript	103
chr20	62328137	62328240	ENSG00000130702.15	gene|regulatory|transcript	103
chr20	48734442	48734545	ENSG00000124126.14	gene|regulatory|transcript	103
chr20	63534048	63534151	ENSG00000101213.7	gene|regulatory|transcript	103
chr20	16505918	16506021	ENSG00000089177.20	gene|regulatory|transcript	103
chr20	56470131	56470234	ENSG00000022277.13	gene|regulatory|transcript	103
chr20	47304519	47304622	ENSG00000101040.20	gene|regulatory|transcript	103
chr20	37725598	37725701	ENSG00000132792.21	gene|regulatory|transcript	103
chr20	37520132	37520235	ENSG00000166619.15	gene|regulatory|transcript	103
chr20	2560853	2560956	ENSG00000149488.14	gene|regulatory|transcript	103
chr20	14609553	14609656	ENSG00000172264.19|ENSG00000227927.2	gene|regulatory|transcript	103
chr20	835371	835474	ENSG00000125898.13	gene|regulatory|transcript	103
chr20	13292463	13292566	ENSG00000101230.6	gene|regulatory|transcript	103
chr20	36932921	36933024	ENSG00000101347.11	gene|regulatory|transcript	103
chr20	48687844	48687947	ENSG00000124126.14	gene|regulatory|transcript	103
chr20	31832136	31832238	ENSG00000101306.11	gene|regulatory|transcript	102
chr20	20022655	20022757	ENSG00000173418.12	gene|regulatory|transcript	102
chr20	42482923	42483025	ENSG00000196090.14	gene|regulatory|transcript	102
chr20	36673163	36673265	ENSG00000101079.21	gene|regulatory|transcript	102
chr20	56360079	56360181	ENSG00000124098.10	gene|regulatory|transcript	102
chr20	33815768	33815870	ENSG00000101421.4	gene|regulatory|transcript	102
chr20	60026129	60026231	ENSG00000124215.17	gene|regulatory|transcript	102
chr20	36941668	36941770	ENSG00000101347.11	gene|regulatory|transcript	102
chr20	50866941	50867043	ENSG00000124243.19	gene|regulatory|transcript	102
chr20	9487258	9487360	ENSG00000101333.19	gene|regulatory|transcript	102
chr20	42788838	42788940	ENSG00000196090.14	gene|regulatory|transcript	102
chr20	31559980	31560082	ENSG00000101294.19	gene|regulatory|transcript	102
chr20	36930875	36930977	ENSG00000101347.11	gene|regulatory|transcript	102
chr20	25407895	25407997	ENSG00000101003.12	gene|regulatory|transcript	102
chr20	43955272	43955374	ENSG00000124191.18	gene|regulatory|transcript	102
chr20	64074541	64074643	ENSG00000171700.14	gene|regulatory|transcript	102
chr20	36473393	36473495	ENSG00000080845.19	gene|regulatory|transcript	102
chr20	49510925	49511027	ENSG00000124212.6	gene|regulatory|transcript	102
chr20	3674284	3674386	ENSG00000149451.19	gene|regulatory|transcript	102
chr20	57654636	57654738	ENSG00000124225.16	gene|regulatory|transcript	102
chr20	10640680	10640782	ENSG00000101384.12	gene|regulatory|transcript	102
chr20	45963268	45963370	ENSG00000198026.8	gene|regulatory|transcript	102
chr20	3471517	3471619	ENSG00000088812.18	gene|regulatory|transcript	102
chr20	8291894	8291996	ENSG00000182621.19	gene|regulatory|transcript	102
chr20	34558024	34558126	ENSG00000101460.13	gene|regulatory|transcript	102
chr20	37526297	37526399	ENSG00000166619.15	gene|regulatory|transcript	102
chr20	51715562	51715664	ENSG00000054793.14	gene|regulatory|transcript	102
chr20	8535474	8535576	ENSG00000182621.19	gene|regulatory|transcript	102
chr20	38872667	38872769	ENSG00000101445.10	gene|regulatory|transcript	102
chr20	50568277	50568379	ENSG00000196396.10	gene|regulatory|transcript	102
chr20	38842710	38842812	ENSG00000101445.10	gene|regulatory|transcript	102
chr20	8809594	8809696	ENSG00000182621.19	gene|regulatory|transcript	102
chr20	54159123	54159225	ENSG00000019186.10	gene|regulatory|transcript	102
chr20	63661195	63661297	ENSG00000026036.23|ENSG00000258366.12	gene|regulatory|transcript	102
chr20	59145525	59145627	ENSG00000124203.7	gene|regulatory|transcript	102
chr20	57265602	57265704	ENSG00000101144.13	gene|regulatory|transcript	102
chr20	59933853	59933955	ENSG00000196227.11	gene|regulatory|transcript	102
chr20	31679998	31680100	ENSG00000171552.14	gene|regulatory|transcript	102
chr20	47142247	47142349	ENSG00000064655.19	gene|regulatory|transcript	102
chr20	38350939	38351041	ENSG00000129988.6	gene|regulatory|transcript	102
chr20	37353222	37353323	ENSG00000197122.13	gene|regulatory|transcript	101
chr20	46022073	46022174	ENSG00000124140.15	gene|regulatory|transcript	101
chr20	45911251	45911352	ENSG00000100979.15	gene|regulatory|transcript	101
chr20	18672900	18673001	ENSG00000125821.13|ENSG00000284776.1	gene|regulatory|transcript	101
chr20	17505635	17505736	ENSG00000125864.14	gene|regulatory|transcript	101
chr20	49561821	49561922	ENSG00000124212.6	gene|regulatory|transcript	101
chr20	62345877	62345978	ENSG00000130702.15	gene|regulatory|transcript	101
chr20	56428647	56428748	ENSG00000087589.17	gene|regulatory|transcript	101
chr20	4810981	4811082	ENSG00000101265.16	gene|regulatory|transcript	101
chr20	19885103	19885204	ENSG00000132669.14	gene|regulatory|transcript	101
chr20	43986116	43986217	ENSG00000124191.18	gene|regulatory|transcript	101
chr20	34549377	34549478	ENSG00000101460.13	gene|regulatory|transcript	101
chr20	19985733	19985834	ENSG00000132669.14	gene|regulatory|transcript	101
chr20	15889480	15889581	ENSG00000172264.19	gene|regulatory|transcript	101
chr20	62825666	62825767	ENSG00000092758.18	gene|regulatory|transcript	101
chr20	31714447	31714548	ENSG00000171552.14|ENSG00000236559.1	gene|regulatory|transcript	101
chr20	34863548	34863649	ENSG00000131067.17	gene|regulatory|transcript	101
chr20	36182401	36182502	ENSG00000088367.23	gene|regulatory|transcript	101
chr20	10642386	10642487	ENSG00000101384.12	gene|regulatory|transcript	101
chr20	32709052	32709153	ENSG00000149600.12|ENSG00000285382.1	gene|regulatory|transcript	101
chr20	36526130	36526231	ENSG00000080845.19|ENSG00000232907.9	gene|regulatory|transcript	101
chr20	31759955	31760056	ENSG00000088325.16	gene|regulatory|transcript	101
chr20	64120227	64120328	ENSG00000196132.14	gene|regulatory|transcript	101
chr20	24522550	24522651	ENSG00000101463.6	gene|regulatory|transcript	101
chr20	42954599	42954700	ENSG00000196090.14	gene|regulatory|transcript	101
chr20	3765740	3765841	ENSG00000101220.18	gene|regulatory|transcript	101
chr20	47350352	47350453	ENSG00000101040.20	gene|regulatory|transcript	101
chr20	31570525	31570626	ENSG00000101294.19|ENSG00000230613.1	gene|regulatory|transcript	101
chr20	44401637	44401738	ENSG00000101076.20	gene|regulatory|transcript	101
chr20	49825948	49826049	ENSG00000197818.12	gene|regulatory|transcript	101
chr20	9329468	9329569	ENSG00000101333.19	gene|regulatory|transcript	101
chr20	35307318	35307419	ENSG00000101019.22	gene|regulatory|transcript	101
chr20	37353502	37353602	ENSG00000197122.13	gene|regulatory|transcript	100
chr20	32638797	32638897	ENSG00000198547.10|ENSG00000285382.1	gene|regulatory|transcript	100
chr20	20442459	20442559	ENSG00000188559.16	gene|regulatory|transcript	100
chr20	20075256	20075356	ENSG00000089101.19	gene|regulatory|transcript	100
chr20	53608922	53609022	ENSG00000171940.14|ENSG00000235415.1	gene|regulatory|transcript	100
chr20	38132009	38132109	ENSG00000198959.12	gene|regulatory|transcript	100
chr20	59321340	59321440	ENSG00000124205.18	gene|regulatory|transcript	100
chr20	34867804	34867904	ENSG00000131067.17	gene|regulatory|transcript	100
chr20	46963255	46963355	ENSG00000064655.19	gene|regulatory|transcript	100
chr20	49031010	49031110	ENSG00000124198.10	gene|regulatory|transcript	100
chr20	61812198	61812298	ENSG00000179242.16	gene|regulatory|transcript	100
chr20	18593821	18593921	ENSG00000125821.13|ENSG00000284776.1	gene|regulatory|transcript	100
chr20	32086845	32086945	ENSG00000101336.18	gene|regulatory|transcript	100
chr20	11919176	11919276	ENSG00000132640.15	gene|regulatory|transcript	100
chr20	3672329	3672429	ENSG00000149451.19	gene|regulatory|transcript	100
chr20	49674503	49674603	ENSG00000158470.5	gene|regulatory|transcript	100
chr20	32141665	32141765	ENSG00000101337.16	gene|regulatory|transcript	100
chr20	51639504	51639604	ENSG00000054793.14	gene|regulatory|transcript	100
chr20	35871134	35871234	ENSG00000025293.17	gene|regulatory|transcript	100
chr20	33065160	33065260	ENSG00000186190.8	gene|regulatory|transcript	100
chr20	62918434	62918534	ENSG00000101191.17	gene|regulatory|transcript	100
chr20	23362850	23362950	ENSG00000125812.16	gene|regulatory|transcript	100
chr20	35333546	35333646	ENSG00000101019.22	gene|regulatory|transcript	100
chr20	45902166	45902266	ENSG00000100979.15	gene|regulatory|transcript	100
chr20	33788974	33789074	ENSG00000131061.15|ENSG00000230753.6	gene|regulatory|transcript	100
chr20	49702087	49702187	ENSG00000158470.5	gene|regulatory|transcript	100
chr20	36837266	36837366	ENSG00000149639.15	gene|regulatory|transcript	100
chr20	2519661	2519761	ENSG00000088876.13	gene|regulatory|transcript	100
chr20	37357541	37357641	ENSG00000197122.13	gene|regulatory|transcript	100
chr20	62307495	62307595	ENSG00000130706.13	gene|regulatory|transcript	100
chr20	4152974	4153074	ENSG00000088826.18	gene|regulatory|transcript	100
chr20	4245804	4245904	ENSG00000171873.8	gene|regulatory|transcript	100
chr20	19512672	19512772	ENSG00000185052.13	gene|regulatory|transcript	100
chr20	46599511	46599611	ENSG00000158296.14	gene|regulatory|transcript	100
chr20	16766745	16766845	ENSG00000125879.5	gene|regulatory|transcript	100
chr20	38810843	38810943	ENSG00000101445.10	gene|regulatory|transcript	100
chr20	19555774	19555874	ENSG00000185052.13	gene|regulatory|transcript	100
chr20	58981504	58981604	ENSG00000101158.15	gene|regulatory|transcript	100
chr20	35021356	35021455	ENSG00000100991.12	gene|regulatory|transcript	99
chr20	32646730	32646829	ENSG00000198547.10|ENSG00000285382.1	gene|regulatory|transcript	99
chr20	50099721	50099820	ENSG00000124208.16|ENSG00000244687.13	gene|regulatory|transcript	99
chr20	34945558	34945657	ENSG00000100983.12	gene|regulatory|transcript	99
chr20	4812417	4812516	ENSG00000101265.16	gene|regulatory|transcript	99
chr20	33288882	33288981	ENSG00000125999.11	gene|regulatory|transcript	99
chr20	16293833	16293932	ENSG00000089177.20	gene|regulatory|transcript	99
chr20	46353742	46353841	ENSG00000080189.15	gene|regulatory|transcript	99
chr20	58503869	58503968	ENSG00000198768.11	gene|regulatory|transcript	99
chr20	2654649	2654748	ENSG00000101361.17	gene|regulatory|transcript	99
chr20	48738890	48738989	ENSG00000124126.14	gene|regulatory|transcript	99
chr20	10447285	10447384	ENSG00000149346.15	gene|regulatory|transcript	99
chr20	37312163	37312262	ENSG00000101363.13	gene|regulatory|transcript	99
chr20	4008948	4009047	ENSG00000101236.17	gene|regulatory|transcript	99
chr20	50814198	50814297	ENSG00000124243.19	gene|regulatory|transcript	99
chr20	54163220	54163319	ENSG00000019186.10	gene|regulatory|transcript	99
chr20	4865546	4865645	ENSG00000089057.15	gene|regulatory|transcript	99
chr20	49483334	49483433	ENSG00000158445.10	gene|regulatory|transcript	99
chr20	35876589	35876688	ENSG00000025293.17	gene|regulatory|transcript	99
chr20	37943881	37943980	ENSG00000132821.12	gene|regulatory|transcript	99
chr20	38602307	38602406	ENSG00000124143.11|ENSG00000289012.1	gene|regulatory|transcript	99
chr20	3192179	3192278	ENSG00000198171.13	gene|regulatory|transcript	99
chr20	62336786	62336885	ENSG00000130702.15	gene|regulatory|transcript	99
chr20	35772236	35772335	ENSG00000025293.17	gene|regulatory|transcript	99
chr20	51532346	51532445	ENSG00000101096.20	gene|regulatory|transcript	99
chr20	34887283	34887382	ENSG00000131069.20	gene|regulatory|transcript	99
chr20	35834602	35834701	ENSG00000025293.17	gene|regulatory|transcript	99
chr20	6007152	6007251	ENSG00000088766.12|ENSG00000286235.1	gene|regulatory|transcript	99
chr20	49395574	49395673	ENSG00000158445.10|ENSG00000290421.1	gene|regulatory|transcript	99
chr20	25295670	25295769	ENSG00000100994.12|ENSG00000100997.20	gene|regulatory|transcript	99
chr20	3660058	3660157	ENSG00000125861.16	gene|regulatory|transcript	99
chr20	44175846	44175944	ENSG00000149596.7	gene|regulatory|transcript	98
chr20	31675823	31675921	ENSG00000171552.14	gene|regulatory|transcript	98
chr20	54173223	54173321	ENSG00000019186.10	gene|regulatory|transcript	98
chr20	32664608	32664706	ENSG00000198547.10|ENSG00000285382.1	gene|regulatory|transcript	98
chr20	20712276	20712374	ENSG00000188559.16	gene|regulatory|transcript	98
chr20	36179948	36180046	ENSG00000088367.23	gene|regulatory|transcript	98
chr20	10565711	10565809	ENSG00000149346.15	gene|regulatory|transcript	98
chr20	64234004	64234102	ENSG00000196132.14	gene|regulatory|transcript	98
chr20	49859840	49859938	ENSG00000197818.12	gene|regulatory|transcript	98
chr20	44124207	44124305	ENSG00000149596.7	gene|regulatory|transcript	98
chr20	47565817	47565915	ENSG00000124151.19	gene|regulatory|transcript	98
chr20	45857990	45858088	ENSG00000132801.7	gene|regulatory|transcript	98
chr20	46085391	46085489	ENSG00000124160.12	gene|regulatory|transcript	98
chr20	38127039	38127137	ENSG00000101413.12	gene|regulatory|transcript	98
chr20	17276119	17276217	ENSG00000125851.10	gene|regulatory|transcript	98
chr20	62663620	62663718	ENSG00000101187.16|ENSG00000232803.1	gene|regulatory|transcript	98
chr20	44645625	44645723	ENSG00000196839.14	gene|regulatory|transcript	98
chr20	59648802	59648900	ENSG00000087495.17	gene|regulatory|transcript	98
chr20	32079675	32079773	ENSG00000101336.18	gene|regulatory|transcript	98
chr20	16558222	16558320	ENSG00000089177.20	gene|regulatory|transcript	98
chr20	19212984	19213082	ENSG00000185052.13|ENSG00000235996.1	gene|regulatory|transcript	98
chr20	19222845	19222943	ENSG00000185052.13	gene|regulatory|transcript	98
chr20	1226652	1226750	ENSG00000244588.6	gene|regulatory|transcript	98
chr20	3022824	3022922	ENSG00000132670.21	gene|regulatory|transcript	98
chr20	45050027	45050125	ENSG00000101109.13	gene|regulatory|transcript	98
chr20	34388002	34388100	ENSG00000078747.17|ENSG00000289720.1	gene|regulatory|transcript	98
chr20	16732991	16733089	ENSG00000125870.11	gene|regulatory|transcript	98
chr20	4905912	4906010	ENSG00000089057.15	gene|regulatory|transcript	98
chr20	59931963	59932061	ENSG00000196074.13	gene|regulatory|transcript	98
chr20	21226010	21226108	ENSG00000088970.16	gene|regulatory|transcript	98
chr20	48771813	48771911	ENSG00000124126.14	gene|regulatory|transcript	98
chr20	37520589	37520687	ENSG00000166619.15	gene|regulatory|transcript	98
chr20	38871727	38871825	ENSG00000101445.10	gene|regulatory|transcript	98
chr20	37396311	37396409	ENSG00000197122.13	gene|regulatory|transcript	98
chr20	58417503	58417601	ENSG00000124164.16	gene|regulatory|transcript	98
chr20	19981164	19981262	ENSG00000132669.14	gene|regulatory|transcript	98
chr20	34621663	34621761	ENSG00000101464.11	gene|regulatory|transcript	98
chr20	56374227	56374325	ENSG00000087586.18	gene|regulatory|transcript	98
chr20	53196392	53196490	ENSG00000182463.17|ENSG00000227705.1	gene|regulatory|transcript	98
chr20	50825145	50825243	ENSG00000124243.19	gene|regulatory|transcript	98
chr20	41137138	41137236	ENSG00000124181.15|ENSG00000226648.2	gene|regulatory|transcript	98
chr20	52160651	52160748	ENSG00000020256.20	gene|regulatory|transcript	97
chr20	3231955	3232052	ENSG00000088836.14	gene|regulatory|transcript	97
chr20	38862228	38862325	ENSG00000101445.10	gene|regulatory|transcript	97
chr20	49699389	49699486	ENSG00000158470.5	gene|regulatory|transcript	97
chr20	3614528	3614625	ENSG00000088812.18	gene|regulatory|transcript	97
chr20	13784448	13784545	ENSG00000089048.15	gene|regulatory|transcript	97
chr20	56391687	56391784	ENSG00000087586.18	gene|regulatory|transcript	97
chr20	48633163	48633260	ENSG00000124126.14	gene|regulatory|transcript	97
chr20	32792318	32792415	ENSG00000088305.19	gene|regulatory|transcript	97
chr20	19996581	19996678	ENSG00000132669.14	gene|regulatory|transcript	97
chr20	41099014	41099111	ENSG00000198900.7|ENSG00000226648.2	gene|regulatory|transcript	97
chr20	63695650	63695747	ENSG00000026036.23|ENSG00000258366.12	gene|regulatory|transcript	97
chr20	54612237	54612334	ENSG00000101134.12	gene|regulatory|transcript	97
chr20	50870488	50870585	ENSG00000124243.19	gene|regulatory|transcript	97
chr20	1360682	1360779	ENSG00000234684.8|ENSG00000274322.1	gene|regulatory|transcript	97
chr20	45049882	45049979	ENSG00000101109.13	gene|regulatory|transcript	97
chr20	53463149	53463246	ENSG00000182463.17|ENSG00000259723.1|ENSG00000271774.1	gene|regulatory|transcript	97
chr20	58693922	58694019	ENSG00000215440.12|ENSG00000254995.4	gene|regulatory|transcript	97
chr20	8574952	8575049	ENSG00000182621.19	gene|regulatory|transcript	97
chr20	25409117	25409214	ENSG00000101003.12	gene|regulatory|transcript	97
chr20	1184981	1185078	ENSG00000125818.18|ENSG00000125895.6	gene|regulatory|transcript	97
chr20	4974077	4974174	ENSG00000089057.15	gene|regulatory|transcript	97
chr20	8432565	8432662	ENSG00000182621.19	gene|regulatory|transcript	97
chr20	17563953	17564050	ENSG00000125864.14	gene|regulatory|transcript	97
chr20	59645710	59645807	ENSG00000087495.17	gene|regulatory|transcript	97
chr20	63472070	63472167	ENSG00000075043.21	gene|regulatory|transcript	97
chr20	44642739	44642836	ENSG00000196839.14	gene|regulatory|transcript	97
chr20	64190160	64190257	ENSG00000196132.14	gene|regulatory|transcript	97
chr20	44642314	44642411	ENSG00000196839.14	gene|regulatory|transcript	97
chr20	47250564	47250661	ENSG00000101040.20	gene|regulatory|transcript	97
chr20	53023820	53023916	ENSG00000182463.17	gene|regulatory|transcript	96
chr20	3997723	3997819	ENSG00000101236.17	gene|regulatory|transcript	96
chr20	43071406	43071502	ENSG00000196090.14	gene|regulatory|transcript	96
chr20	37160176	37160272	ENSG00000101353.16	gene|regulatory|transcript	96
chr20	31572702	31572798	ENSG00000101294.19|ENSG00000230613.1	gene|regulatory|transcript	96
chr20	13441586	13441682	ENSG00000089123.16	gene|regulatory|transcript	96
chr20	36843332	36843428	ENSG00000149639.15	gene|regulatory|transcript	96
chr20	32527362	32527458	ENSG00000197183.15	gene|regulatory|transcript	96
chr20	52056382	52056478	ENSG00000020256.20	gene|regulatory|transcript	96
chr20	347142	347238	ENSG00000125841.13|ENSG00000225377.6	gene|regulatory|transcript	96
chr20	64212138	64212234	ENSG00000196132.14	gene|regulatory|transcript	96
chr20	34926008	34926104	ENSG00000131069.20	gene|regulatory|transcript	96
chr20	36644318	36644414	ENSG00000101082.14	gene|regulatory|transcript	96
chr20	33676979	33677075	ENSG00000101412.13	gene|regulatory|transcript	96
chr20	49561028	49561124	ENSG00000124212.6	gene|regulatory|transcript	96
chr20	36846628	36846724	ENSG00000149639.15	gene|regulatory|transcript	96
chr20	46120115	46120211	ENSG00000101017.15	gene|regulatory|transcript	96
chr20	46951855	46951951	ENSG00000064655.19	gene|regulatory|transcript	96
chr20	51417194	51417290	ENSG00000101096.20	gene|regulatory|transcript	96
chr20	31720509	31720605	ENSG00000171552.14	gene|regulatory|transcript	96
chr20	54061244	54061340	ENSG00000064787.14	gene|regulatory|transcript	96
chr20	5125609	5125705	ENSG00000132646.11	gene|regulatory|transcript	96
chr20	63981316	63981412	ENSG00000101161.8	gene|regulatory|transcript	96
chr20	13116250	13116346	ENSG00000172296.13	gene|regulatory|transcript	96
chr20	37234095	37234191	ENSG00000118705.18	gene|regulatory|transcript	96
chr20	64011503	64011599	ENSG00000101161.8	gene|regulatory|transcript	96
chr20	62310081	62310177	ENSG00000130702.15	gene|regulatory|transcript	96
chr20	45343588	45343684	ENSG00000124145.6	gene|regulatory|transcript	96
chr20	38094544	38094640	ENSG00000101413.12	gene|regulatory|transcript	96
chr20	42276754	42276850	ENSG00000196090.14	gene|regulatory|transcript	96
chr20	51016749	51016845	ENSG00000026559.14	gene|regulatory|transcript	96
chr20	25018711	25018807	ENSG00000154930.15	gene|regulatory|transcript	96
chr20	38515894	38515990	ENSG00000170471.15	gene|regulatory|transcript	96
chr20	61296750	61296846	ENSG00000179242.16	gene|regulatory|transcript	96
chr20	42894971	42895066	ENSG00000196090.14	gene|regulatory|transcript	95
chr20	42967082	42967177	ENSG00000196090.14	gene|regulatory|transcript	95
chr20	48825222	48825317	ENSG00000124126.14|ENSG00000278231.1	gene|regulatory|transcript	95
chr20	62819833	62819928	ENSG00000092758.18	gene|regulatory|transcript	95
chr20	2706264	2706359	ENSG00000088881.22	gene|regulatory|transcript	95
chr20	50957536	50957631	ENSG00000000419.14	gene|regulatory|transcript	95
chr20	50593625	50593720	ENSG00000042062.13	gene|regulatory|transcript	95
chr20	57688506	57688601	ENSG00000124225.16	gene|regulatory|transcript	95
chr20	21131768	21131863	ENSG00000088970.16	gene|regulatory|transcript	95
chr20	34824211	34824306	ENSG00000198646.14	gene|regulatory|transcript	95
chr20	63273904	63273999	ENSG00000101199.13	gene|regulatory|transcript	95
chr20	10478476	10478571	ENSG00000149346.15	gene|regulatory|transcript	95
chr20	53226459	53226554	ENSG00000182463.17	gene|regulatory|transcript	95
chr20	46011478	46011573	ENSG00000100985.7	gene|regulatory|transcript	95
chr20	35982182	35982277	ENSG00000149646.12	gene|regulatory|transcript	95
chr20	9179605	9179700	ENSG00000101333.19	gene|regulatory|transcript	95
chr20	14785069	14785164	ENSG00000172264.19	gene|regulatory|transcript	95
chr20	61290977	61291072	ENSG00000179242.16	gene|regulatory|transcript	95
chr20	47326691	47326786	ENSG00000101040.20	gene|regulatory|transcript	95
chr20	58467010	58467105	ENSG00000198768.11	gene|regulatory|transcript	95
chr20	23637955	23638050	ENSG00000101439.9	gene|regulatory|transcript	95
chr20	56363192	56363287	ENSG00000124098.10	gene|regulatory|transcript	95
chr20	8578972	8579067	ENSG00000182621.19	gene|regulatory|transcript	95
chr20	35618354	35618449	ENSG00000061656.11	gene|regulatory|transcript	95
chr20	34970289	34970384	ENSG00000078814.19	gene|regulatory|transcript	95
chr20	34959991	34960086	ENSG00000078814.19	gene|regulatory|transcript	95
chr20	33812609	33812704	ENSG00000101421.4	gene|regulatory|transcript	95
chr20	37383343	37383438	ENSG00000197122.13	gene|regulatory|transcript	95
chr20	34999695	34999790	ENSG00000078814.19	gene|regulatory|transcript	95
chr20	650510	650605	ENSG00000270299.1|ENSG00000271303.2	gene|regulatory|transcript	95
chr20	41172097	41172192	ENSG00000124181.15	gene|regulatory|transcript	95
chr20	52191496	52191590	ENSG00000020256.20	gene|regulatory|transcript	94
chr20	34017332	34017426	ENSG00000125970.12|ENSG00000228386.2	gene|regulatory|transcript	94
chr20	10478222	10478316	ENSG00000149346.15	gene|regulatory|transcript	94
chr20	3672626	3672720	ENSG00000149451.19	gene|regulatory|transcript	94
chr20	57680887	57680981	ENSG00000124225.16	gene|regulatory|transcript	94
chr20	31553823	31553917	ENSG00000101294.19	gene|regulatory|transcript	94
chr20	37008763	37008857	ENSG00000080839.12	gene|regulatory|transcript	94
chr20	20488908	20489002	ENSG00000188559.16	gene|regulatory|transcript	94
chr20	32890581	32890675	ENSG00000215529.13	gene|regulatory|transcript	94
chr20	45950124	45950218	ENSG00000198026.8	gene|regulatory|transcript	94
chr20	51737180	51737274	ENSG00000054793.14	gene|regulatory|transcript	94
chr20	3316793	3316887	ENSG00000088854.13	gene|regulatory|transcript	94
chr20	63665300	63665394	ENSG00000026036.23|ENSG00000258366.12	gene|regulatory|transcript	94
chr20	51497148	51497242	ENSG00000101096.20	gene|regulatory|transcript	94
chr20	44576511	44576605	ENSG00000168734.14	gene|regulatory|transcript	94
chr20	62286488	62286582	ENSG00000130703.17	gene|regulatory|transcript	94
chr20	48789291	48789385	ENSG00000124126.14	gene|regulatory|transcript	94
chr20	34571115	34571209	ENSG00000101464.11	gene|regulatory|transcript	94
chr20	53145297	53145391	ENSG00000182463.17	gene|regulatory|transcript	94
chr20	15461189	15461283	ENSG00000172264.19	gene|regulatory|transcript	94
chr20	49846138	49846232	ENSG00000197818.12	gene|regulatory|transcript	94
chr20	44641600	44641694	ENSG00000196839.14	gene|regulatory|transcript	94
chr20	59179296	59179390	ENSG00000124203.7	gene|regulatory|transcript	94
chr20	53019559	53019653	ENSG00000182463.17	gene|regulatory|transcript	94
chr20	53024031	53024125	ENSG00000182463.17	gene|regulatory|transcript	94
chr20	10642136	10642230	ENSG00000101384.12	gene|regulatory|transcript	94
chr20	46624968	46625062	ENSG00000158296.14	gene|regulatory|transcript	94
chr20	2955698	2955792	ENSG00000132670.21	gene|regulatory|transcript	94
chr20	4227327	4227421	ENSG00000171873.8	gene|regulatory|transcript	94
chr20	36268573	36268667	ENSG00000131043.13	gene|regulatory|transcript	94
chr20	32211881	32211975	ENSG00000101346.15	gene|regulatory|transcript	94
chr20	33677331	33677425	ENSG00000101412.13	gene|regulatory|transcript	94
chr20	47075499	47075593	ENSG00000064655.19	gene|regulatory|transcript	94
chr20	3116394	3116488	ENSG00000185019.17|ENSG00000235958.5	gene|regulatory|transcript	94
chr20	47759089	47759183	ENSG00000196562.16	gene|regulatory|transcript	94
chr20	63471235	63471329	ENSG00000075043.21	gene|regulatory|transcript	94
chr20	49542689	49542783	ENSG00000124212.6	gene|regulatory|transcript	94
chr20	36473188	36473282	ENSG00000080845.19	gene|regulatory|transcript	94
chr20	43945610	43945704	ENSG00000124191.18	gene|regulatory|transcript	94
chr20	35280559	35280653	ENSG00000242372.9	gene|regulatory|transcript	94
chr20	32315731	32315824	ENSG00000101350.8	gene|regulatory|transcript	93
chr20	36827789	36827882	ENSG00000149639.15	gene|regulatory|transcript	93
chr20	57696416	57696509	ENSG00000124225.16	gene|regulatory|transcript	93
chr20	48757918	48758011	ENSG00000124126.14	gene|regulatory|transcript	93
chr20	48710173	48710266	ENSG00000124126.14	gene|regulatory|transcript	93
chr20	53264073	53264166	ENSG00000182463.17|ENSG00000271774.1	gene|regulatory|transcript	93
chr20	63940856	63940949	ENSG00000198276.16	gene|regulatory|transcript	93
chr20	45865537	45865630	ENSG00000132801.7	gene|regulatory|transcript	93
chr20	3340721	3340814	ENSG00000088854.13	gene|regulatory|transcript	93
chr20	44038910	44039003	ENSG00000124191.18	gene|regulatory|transcript	93
chr20	2752263	2752356	ENSG00000088881.22	gene|regulatory|transcript	93
chr20	47775865	47775958	ENSG00000196562.16	gene|regulatory|transcript	93
chr20	42954397	42954490	ENSG00000196090.14	gene|regulatory|transcript	93
chr20	64091872	64091965	ENSG00000125510.18	gene|regulatory|transcript	93
chr20	8400551	8400644	ENSG00000182621.19	gene|regulatory|transcript	93
chr20	38034698	38034791	ENSG00000101413.12	gene|regulatory|transcript	93
chr20	35398196	35398289	ENSG00000101019.22	gene|regulatory|transcript	93
chr20	62915101	62915194	ENSG00000101191.17	gene|regulatory|transcript	93
chr20	2874595	2874688	ENSG00000132670.21	gene|regulatory|transcript	93
chr20	34984760	34984853	ENSG00000078814.19	gene|regulatory|transcript	93
chr20	8094892	8094985	ENSG00000182621.19	gene|regulatory|transcript	93
chr20	63540999	63541092	ENSG00000125508.4	gene|regulatory|transcript	93
chr20	17636483	17636576	ENSG00000125844.17	gene|regulatory|transcript	93
chr20	63536991	63537084	ENSG00000101213.7	gene|regulatory|transcript	93
chr20	34009799	34009892	ENSG00000125970.12	gene|regulatory|transcript	93
chr20	34988262	34988355	ENSG00000078814.19	gene|regulatory|transcript	93
chr20	63422517	63422610	ENSG00000075043.21|ENSG00000280936.1	gene|regulatory|transcript	93
chr20	63213474	63213567	ENSG00000149658.18	gene|regulatory|transcript	93
chr20	42430852	42430945	ENSG00000196090.14	gene|regulatory|transcript	93
chr20	13937176	13937269	ENSG00000101251.13	gene|regulatory|transcript	93
chr20	63689132	63689225	ENSG00000026036.23|ENSG00000258366.12	gene|regulatory|transcript	93
chr20	32450089	32450182	ENSG00000197183.15|ENSG00000236772.1	gene|regulatory|transcript	93
chr20	34405899	34405992	ENSG00000078747.17|ENSG00000289720.1	gene|regulatory|transcript	93
chr20	57677137	57677230	ENSG00000124225.16	gene|regulatory|transcript	93
chr20	4823314	4823407	ENSG00000101265.16	gene|regulatory|transcript	93
chr20	5150419	5150512	ENSG00000101290.14	gene|regulatory|transcript	93
chr20	32634401	32634494	ENSG00000198547.10|ENSG00000285382.1	gene|regulatory|transcript	93
chr20	49656702	49656795	ENSG00000158470.5	gene|regulatory|transcript	93
chr20	32781042	32781135	ENSG00000088305.19	gene|regulatory|transcript	93
chr20	5951090	5951183	ENSG00000125885.13|ENSG00000286235.1	gene|regulatory|transcript	93
chr20	17961046	17961139	ENSG00000089006.17|ENSG00000125850.11	gene|regulatory|transcript	93
chr20	62474272	62474365	ENSG00000130700.7	gene|regulatory|transcript	93
chr20	41483215	41483308	ENSG00000124177.16	gene|regulatory|transcript	93
chr20	49277442	49277534	ENSG00000124201.15	gene|regulatory|transcript	92
chr20	5126371	5126463	ENSG00000132646.11	gene|regulatory|transcript	92
chr20	62310572	62310664	ENSG00000130702.15	gene|regulatory|transcript	92
chr20	33103883	33103975	ENSG00000186191.9	gene|regulatory|transcript	92
chr20	2851975	2852067	ENSG00000215305.10	gene|regulatory|transcript	92
chr20	23401186	23401278	ENSG00000125814.17	gene|regulatory|transcript	92
chr20	49882647	49882739	ENSG00000197818.12	gene|regulatory|transcript	92
chr20	45337591	45337683	ENSG00000124145.6	gene|regulatory|transcript	92
chr20	47309198	47309290	ENSG00000101040.20	gene|regulatory|transcript	92
chr20	8601127	8601219	ENSG00000182621.19	gene|regulatory|transcript	92
chr20	2663567	2663659	ENSG00000101365.21	gene|regulatory|transcript	92
chr20	1468611	1468703	ENSG00000088833.18	gene|regulatory|transcript	92
chr20	32216308	32216400	ENSG00000101346.15	gene|regulatory|transcript	92
chr20	18057442	18057534	ENSG00000125850.11	gene|regulatory|transcript	92
chr20	32067433	32067525	ENSG00000101336.18	gene|regulatory|transcript	92
chr20	38765518	38765610	ENSG00000101442.10	gene|regulatory|transcript	92
chr20	25319155	25319247	ENSG00000100997.20	gene|regulatory|transcript	92
chr20	4172433	4172525	ENSG00000088826.18	gene|regulatory|transcript	92
chr20	18470522	18470614	ENSG00000132664.13	gene|regulatory|transcript	92
chr20	18145351	18145443	ENSG00000149474.15	gene|regulatory|transcript	92
chr20	3046280	3046372	ENSG00000125901.6	gene|regulatory|transcript	92
chr20	63534845	63534937	ENSG00000101213.7	gene|regulatory|transcript	92
chr20	2115318	2115410	ENSG00000125834.13	gene|regulatory|transcript	92
chr20	57618486	57618578	ENSG00000124256.15	gene|regulatory|transcript	92
chr20	48760367	48760459	ENSG00000124126.14	gene|regulatory|transcript	92
chr20	2751987	2752079	ENSG00000088881.22	gene|regulatory|transcript	92
chr20	44538120	44538212	ENSG00000168734.14	gene|regulatory|transcript	92
chr20	45098695	45098787	ENSG00000124134.9	gene|regulatory|transcript	92
chr20	47765662	47765754	ENSG00000196562.16	gene|regulatory|transcript	92
chr20	46011050	46011142	ENSG00000100985.7	gene|regulatory|transcript	92
chr20	13290962	13291054	ENSG00000101230.6	gene|regulatory|transcript	92
chr20	64283302	64283394	ENSG00000203880.13	gene|regulatory|transcript	92
chr20	32737855	32737947	ENSG00000149600.12|ENSG00000285382.1	gene|regulatory|transcript	92
chr20	258984	259076	ENSG00000186458.5	gene|regulatory|transcript	92
chr20	62797565	62797657	ENSG00000101189.7	gene|regulatory|transcript	92
chr20	41341609	41341701	ENSG00000132793.12	gene|regulatory|transcript	92
chr20	34960960	34961052	ENSG00000078814.19	gene|regulatory|transcript	92
chr20	59676568	59676660	ENSG00000087495.17	gene|regulatory|transcript	92
chr20	17533664	17533756	ENSG00000125864.14	gene|regulatory|transcript	92
chr20	38939748	38939840	ENSG00000101447.15	gene|regulatory|transcript	92
chr20	3011421	3011513	ENSG00000132670.21	gene|regulatory|transcript	92
chr20	43458729	43458821	ENSG00000124193.16|ENSG00000288000.1	gene|regulatory|transcript	92
chr20	36210740	36210832	ENSG00000088367.23	gene|regulatory|transcript	92
chr20	24469753	24469845	ENSG00000101463.6	gene|regulatory|transcript	92
chr20	62424277	62424369	ENSG00000130701.4	gene|regulatory|transcript	92
chr20	25301617	25301709	ENSG00000100997.20	gene|regulatory|transcript	92
chr20	38034335	38034427	ENSG00000101413.12	gene|regulatory|transcript	92
chr20	18546492	18546583	ENSG00000101310.17	gene|regulatory|transcript	91
chr20	2119411	2119502	ENSG00000125834.13	gene|regulatory|transcript	91
chr20	46680275	46680366	ENSG00000158296.14	gene|regulatory|transcript	91
chr20	38050139	38050230	ENSG00000101413.12	gene|regulatory|transcript	91
chr20	17316581	17316672	ENSG00000125851.10	gene|regulatory|transcript	91
chr20	17507102	17507193	ENSG00000125864.14	gene|regulatory|transcript	91
chr20	33814553	33814644	ENSG00000101421.4	gene|regulatory|transcript	91
chr20	31823385	31823476	ENSG00000101306.11	gene|regulatory|transcript	91
chr20	42493552	42493643	ENSG00000196090.14	gene|regulatory|transcript	91
chr20	45792444	45792535	ENSG00000101457.13	gene|regulatory|transcript	91
chr20	33442674	33442765	ENSG00000101400.6	gene|regulatory|transcript	91
chr20	38255673	38255764	ENSG00000149633.12	gene|regulatory|transcript	91
chr20	53306210	53306301	ENSG00000182463.17|ENSG00000271774.1	gene|regulatory|transcript	91
chr20	51662096	51662187	ENSG00000054793.14	gene|regulatory|transcript	91
chr20	63816261	63816352	ENSG00000130584.12|ENSG00000231208.4	gene|regulatory|transcript	91
chr20	38835148	38835239	ENSG00000101445.10	gene|regulatory|transcript	91
chr20	54169410	54169501	ENSG00000019186.10	gene|regulatory|transcript	91
chr20	5157006	5157097	ENSG00000101290.14	gene|regulatory|transcript	91
chr20	45791740	45791831	ENSG00000124116.19	gene|regulatory|transcript	91
chr20	59790015	59790106	ENSG00000087495.17	gene|regulatory|transcript	91
chr20	47221474	47221565	ENSG00000101040.20	gene|regulatory|transcript	91
chr20	53208465	53208556	ENSG00000182463.17|ENSG00000227705.1	gene|regulatory|transcript	91
chr20	10271759	10271850	ENSG00000132639.15|ENSG00000227906.10	gene|regulatory|transcript	91
chr20	20213919	20214010	ENSG00000089101.19	gene|regulatory|transcript	91
chr20	14801788	14801879	ENSG00000172264.19	gene|regulatory|transcript	91
chr20	14744972	14745063	ENSG00000172264.19	gene|regulatory|transcript	91
chr20	33994993	33995084	ENSG00000125970.12	gene|regulatory|transcript	91
chr20	61965976	61966067	ENSG00000130699.20	gene|regulatory|transcript	91
chr20	44123558	44123649	ENSG00000149596.7	gene|regulatory|transcript	91
chr20	37364994	37365085	ENSG00000197122.13	gene|regulatory|transcript	91
chr20	44125538	44125629	ENSG00000149596.7	gene|regulatory|transcript	91
chr20	10438381	10438472	ENSG00000149346.15	gene|regulatory|transcript	91
chr20	32945849	32945940	ENSG00000215529.13	gene|regulatory|transcript	91
chr20	43507744	43507834	ENSG00000185513.18|ENSG00000288000.1	gene|regulatory|transcript	90
chr20	45935246	45935336	ENSG00000100982.12	gene|regulatory|transcript	90
chr20	63737647	63737737	ENSG00000203896.10|ENSG00000273154.3	gene|regulatory|transcript	90
chr20	44358866	44358956	ENSG00000101076.20	gene|regulatory|transcript	90
chr20	63741161	63741251	ENSG00000125520.14	gene|regulatory|transcript	90
chr20	44593882	44593972	ENSG00000168734.14|ENSG00000196839.14	gene|regulatory|transcript	90
chr20	48984840	48984930	ENSG00000124198.10	gene|regulatory|transcript	90
chr20	64079203	64079293	ENSG00000171700.14	gene|regulatory|transcript	90
chr20	47347926	47348016	ENSG00000101040.20	gene|regulatory|transcript	90
chr20	32483856	32483946	ENSG00000197183.15	gene|regulatory|transcript	90
chr20	34518788	34518878	ENSG00000125971.18|ENSG00000289720.1	gene|regulatory|transcript	90
chr20	37380528	37380618	ENSG00000197122.13	gene|regulatory|transcript	90
chr20	36757598	36757688	ENSG00000149636.16	gene|regulatory|transcript	90
chr20	35225509	35225599	ENSG00000126005.17	gene|regulatory|transcript	90
chr20	48924538	48924628	ENSG00000124198.10	gene|regulatory|transcript	90
chr20	35272145	35272235	ENSG00000125966.10|ENSG00000126005.17|ENSG00000261582.1	gene|regulatory|transcript	90
chr20	53243712	53243802	ENSG00000182463.17	gene|regulatory|transcript	90
chr20	20452815	20452905	ENSG00000188559.16	gene|regulatory|transcript	90
chr20	37195333	37195423	ENSG00000118705.18	gene|regulatory|transcript	90
chr20	10659893	10659983	ENSG00000101384.12	gene|regulatory|transcript	90
chr20	52194295	52194385	ENSG00000020256.20|ENSG00000234948.2	gene|regulatory|transcript	90
chr20	44151665	44151755	ENSG00000149596.7	gene|regulatory|transcript	90
chr20	47759994	47760084	ENSG00000196562.16	gene|regulatory|transcript	90
chr20	46423562	46423652	ENSG00000062598.18|ENSG00000293461.1	gene|regulatory|transcript	90
chr20	41453800	41453890	ENSG00000124177.16	gene|regulatory|transcript	90
chr20	51541460	51541550	ENSG00000101096.20	gene|regulatory|transcript	90
chr20	19602595	19602685	ENSG00000185052.13	gene|regulatory|transcript	90
chr20	33622968	33623058	ENSG00000078699.22	gene|regulatory|transcript	90
chr20	5593236	5593326	ENSG00000125772.14	gene|regulatory|transcript	90
chr20	45780411	45780501	ENSG00000124116.19	gene|regulatory|transcript	90
chr20	17568392	17568482	ENSG00000125864.14	gene|regulatory|transcript	90
chr20	38941868	38941958	ENSG00000101447.15	gene|regulatory|transcript	90
chr20	8366582	8366672	ENSG00000182621.19	gene|regulatory|transcript	90
chr20	38969905	38969995	ENSG00000101452.15	gene|regulatory|transcript	90
chr20	17334817	17334907	ENSG00000125851.10	gene|regulatory|transcript	90
chr20	58875204	58875294	ENSG00000087460.29|ENSG00000225806.8	gene|regulatory|transcript	90
chr20	49656477	49656567	ENSG00000158470.5	gene|regulatory|transcript	90
chr20	36342738	36342828	ENSG00000080845.19	gene|regulatory|transcript	90
chr20	48995882	48995972	ENSG00000124198.10	gene|regulatory|transcript	90
chr20	63602241	63602331	ENSG00000101216.11	gene|regulatory|transcript	90
chr20	367456	367545	ENSG00000101255.12	gene|regulatory|transcript	89
chr20	13095776	13095865	ENSG00000172296.13	gene|regulatory|transcript	89
chr20	47503312	47503401	ENSG00000124151.19	gene|regulatory|transcript	89
chr20	9807261	9807350	ENSG00000101349.17	gene|regulatory|transcript	89
chr20	34061832	34061921	ENSG00000125970.12	gene|regulatory|transcript	89
chr20	2564824	2564913	ENSG00000149488.14	gene|regulatory|transcript	89
chr20	3661289	3661378	ENSG00000125861.16	gene|regulatory|transcript	89
chr20	44501765	44501854	ENSG00000132824.14	gene|regulatory|transcript	89
chr20	37383529	37383618	ENSG00000197122.13	gene|regulatory|transcript	89
chr20	37384035	37384124	ENSG00000197122.13	gene|regulatory|transcript	89
chr20	62319795	62319884	ENSG00000130702.15	gene|regulatory|transcript	89
chr20	33288651	33288740	ENSG00000125999.11	gene|regulatory|transcript	89
chr20	63215487	63215576	ENSG00000149658.18	gene|regulatory|transcript	89
chr20	8535670	8535759	ENSG00000182621.19	gene|regulatory|transcript	89
chr20	34527720	34527809	ENSG00000125971.18|ENSG00000289720.1	gene|regulatory|transcript	89
chr20	14978688	14978777	ENSG00000172264.19	gene|regulatory|transcript	89
chr20	34998629	34998718	ENSG00000078814.19	gene|regulatory|transcript	89
chr20	34998421	34998510	ENSG00000078814.19	gene|regulatory|transcript	89
chr20	53593895	53593984	ENSG00000171940.14	gene|regulatory|transcript	89
chr20	20318462	20318551	ENSG00000089101.19	gene|regulatory|transcript	89
chr20	44482176	44482265	ENSG00000124120.11	gene|regulatory|transcript	89
chr20	45940071	45940160	ENSG00000100982.12	gene|regulatory|transcript	89
chr20	17558960	17559049	ENSG00000125864.14	gene|regulatory|transcript	89
chr20	34698605	34698694	ENSG00000101464.11|ENSG00000198646.14	gene|regulatory|transcript	89
chr20	59634438	59634527	ENSG00000087495.17	gene|regulatory|transcript	89
chr20	33408888	33408977	ENSG00000101400.6	gene|regulatory|transcript	89
chr20	50683359	50683448	ENSG00000042062.13	gene|regulatory|transcript	89
chr20	36155760	36155849	ENSG00000088367.23	gene|regulatory|transcript	89
chr20	38875003	38875092	ENSG00000101445.10	gene|regulatory|transcript	89
chr20	39026059	39026148	ENSG00000101452.15	gene|regulatory|transcript	89
chr20	62391159	62391248	ENSG00000149679.12	gene|regulatory|transcript	89
chr20	31995270	31995359	ENSG00000260903.3	gene|regulatory|transcript	89
chr20	43146579	43146668	ENSG00000196090.14	gene|regulatory|transcript	89
chr20	35665223	35665312	ENSG00000272897.5	gene|regulatory|transcript	89
chr20	32086494	32086583	ENSG00000101336.18	gene|regulatory|transcript	89
chr20	54043827	54043916	ENSG00000064787.14	gene|regulatory|transcript	89
chr20	35866827	35866916	ENSG00000025293.17	gene|regulatory|transcript	89
chr20	35972257	35972346	ENSG00000149646.12	gene|regulatory|transcript	89
chr20	41341164	41341253	ENSG00000132793.12	gene|regulatory|transcript	89
chr20	46637522	46637611	ENSG00000158296.14	gene|regulatory|transcript	89
chr20	44209153	44209242	ENSG00000132823.11	gene|regulatory|transcript	89
chr20	57335650	57335739	ENSG00000054796.13	gene|regulatory|transcript	89
chr20	36548988	36549076	ENSG00000101335.10|ENSG00000232907.9	gene|regulatory|transcript	88
chr20	25050306	25050394	ENSG00000154930.15	gene|regulatory|transcript	88
chr20	63969438	63969526	ENSG00000196700.9	gene|regulatory|transcript	88
chr20	32674214	32674302	ENSG00000285382.1	gene|regulatory|transcript	88
chr20	2840045	2840133	ENSG00000132635.17	gene|regulatory|transcript	88
chr20	64074378	64074466	ENSG00000171700.14	gene|regulatory|transcript	88
chr20	32893986	32894074	ENSG00000215529.13	gene|regulatory|transcript	88
chr20	58342113	58342201	ENSG00000124209.4	gene|regulatory|transcript	88
chr20	38893210	38893298	ENSG00000101445.10	gene|regulatory|transcript	88
chr20	25390387	25390475	ENSG00000100997.20	gene|regulatory|transcript	88
chr20	25696670	25696758	ENSG00000130684.14	gene|regulatory|transcript	88
chr20	36700675	36700763	ENSG00000101079.21	gene|regulatory|transcript	88
chr20	17573269	17573357	ENSG00000125868.16	gene|regulatory|transcript	88
chr20	31829910	31829998	ENSG00000101306.11	gene|regulatory|transcript	88
chr20	17662805	17662893	ENSG00000125844.17	gene|regulatory|transcript	88
chr20	31474008	31474096	ENSG00000180383.4	gene|regulatory|transcript	88
chr20	48752116	48752204	ENSG00000124126.14	gene|regulatory|transcript	88
chr20	45949877	45949965	ENSG00000198026.8	gene|regulatory|transcript	88
chr20	35123172	35123260	ENSG00000088298.13	gene|regulatory|transcript	88
chr20	50741845	50741933	ENSG00000124171.9	gene|regulatory|transcript	88
chr20	63910968	63911056	ENSG00000101152.12|ENSG00000290226.1	gene|regulatory|transcript	88
chr20	14821305	14821393	ENSG00000172264.19	gene|regulatory|transcript	88
chr20	59253809	59253897	ENSG00000124203.7	gene|regulatory|transcript	88
chr20	41352709	41352797	ENSG00000132793.12	gene|regulatory|transcript	88
chr20	38151158	38151246	ENSG00000198959.12	gene|regulatory|transcript	88
chr20	62132206	62132294	ENSG00000149657.20	gene|regulatory|transcript	88
chr20	62141838	62141926	ENSG00000101182.15	gene|regulatory|transcript	88
chr20	9442325	9442413	ENSG00000101333.19	gene|regulatory|transcript	88
chr20	43941940	43942028	ENSG00000124191.18	gene|regulatory|transcript	88
chr20	9989234	9989322	ENSG00000132623.16|ENSG00000243961.2	gene|regulatory|transcript	88
chr20	48638541	48638629	ENSG00000124126.14	gene|regulatory|transcript	88
chr20	63742790	63742878	ENSG00000125520.14	gene|regulatory|transcript	88
chr20	45787747	45787835	ENSG00000124116.19	gene|regulatory|transcript	88
chr20	45792142	45792230	ENSG00000101457.13	gene|regulatory|transcript	88
chr20	61965751	61965839	ENSG00000130699.20	gene|regulatory|transcript	88
chr20	33853407	33853495	ENSG00000101421.4	gene|regulatory|transcript	88
chr20	31784690	31784778	ENSG00000088325.16	gene|regulatory|transcript	88
chr20	53609659	53609747	ENSG00000171940.14|ENSG00000235415.1	gene|regulatory|transcript	88
chr20	57351422	57351509	ENSG00000101146.13	gene|regulatory|transcript	87
chr20	13079867	13079954	ENSG00000172296.13	gene|regulatory|transcript	87
chr20	47764377	47764464	ENSG00000196562.16	gene|regulatory|transcript	87
chr20	49345498	49345585	ENSG00000158445.10|ENSG00000290421.1	gene|regulatory|transcript	87
chr20	62651508	62651595	ENSG00000101187.16|ENSG00000276317.1	gene|regulatory|transcript	87
chr20	21214447	21214534	ENSG00000088970.16|ENSG00000232712.6	gene|regulatory|transcript	87
chr20	44130264	44130351	ENSG00000149596.7	gene|regulatory|transcript	87
chr20	44634253	44634340	ENSG00000196839.14	gene|regulatory|transcript	87
chr20	35867054	35867141	ENSG00000025293.17	gene|regulatory|transcript	87
chr20	5981454	5981541	ENSG00000125885.13|ENSG00000286235.1	gene|regulatory|transcript	87
chr20	36930672	36930759	ENSG00000101347.11	gene|regulatory|transcript	87
chr20	51528681	51528768	ENSG00000101096.20	gene|regulatory|transcript	87
chr20	44747411	44747498	ENSG00000124249.7	gene|regulatory|transcript	87
chr20	1466125	1466212	ENSG00000088833.18	gene|regulatory|transcript	87
chr20	4687283	4687370	ENSG00000171867.18	gene|regulatory|transcript	87
chr20	897637	897724	ENSG00000101280.8	gene|regulatory|transcript	87
chr20	25483759	25483846	ENSG00000101004.16	gene|regulatory|transcript	87
chr20	3889728	3889815	ENSG00000125779.24	gene|regulatory|transcript	87
chr20	35327250	35327337	ENSG00000101019.22	gene|regulatory|transcript	87
chr20	41029691	41029778	ENSG00000198900.7	gene|regulatory|transcript	87
chr20	25464902	25464989	ENSG00000101004.16	gene|regulatory|transcript	87
chr20	1242531	1242618	ENSG00000244588.6	gene|regulatory|transcript	87
chr20	31740739	31740826	ENSG00000088325.16	gene|regulatory|transcript	87
chr20	3543352	3543439	ENSG00000088812.18	gene|regulatory|transcript	87
chr20	35845683	35845770	ENSG00000025293.17	gene|regulatory|transcript	87
chr20	45970891	45970978	ENSG00000198026.8	gene|regulatory|transcript	87
chr20	18587181	18587268	ENSG00000284776.1	gene|regulatory|transcript	87
chr20	63215601	63215688	ENSG00000149658.18	gene|regulatory|transcript	87
chr20	58342253	58342340	ENSG00000124209.4	gene|regulatory|transcript	87
chr20	2314730	2314817	ENSG00000125780.12|ENSG00000286022.1	gene|regulatory|transcript	87
chr20	32364869	32364956	ENSG00000171456.22	gene|regulatory|transcript	87
chr20	1390380	1390467	ENSG00000088832.18|ENSG00000274322.1	gene|regulatory|transcript	87
chr20	19335790	19335877	ENSG00000185052.13	gene|regulatory|transcript	87
chr20	59830907	59830994	ENSG00000087495.17	gene|regulatory|transcript	87
chr20	36483935	36484022	ENSG00000080845.19	gene|regulatory|transcript	87
chr20	49656387	49656474	ENSG00000158470.5	gene|regulatory|transcript	87
chr20	35498067	35498153	ENSG00000126001.17	gene|regulatory|transcript	86
chr20	34642132	34642218	ENSG00000101464.11	gene|regulatory|transcript	86
chr20	18541905	18541991	ENSG00000101310.17	gene|regulatory|transcript	86
chr20	25288001	25288087	ENSG00000100994.12	gene|regulatory|transcript	86
chr20	35468995	35469081	ENSG00000126001.17	gene|regulatory|transcript	86
chr20	32208939	32209025	ENSG00000101346.15	gene|regulatory|transcript	86
chr20	64057084	64057170	ENSG00000171703.17	gene|regulatory|transcript	86
chr20	31880409	31880495	ENSG00000131044.19	gene|regulatory|transcript	86
chr20	43584765	43584851	ENSG00000101049.18	gene|regulatory|transcript	86
chr20	1478872	1478958	ENSG00000196209.13	gene|regulatory|transcript	86
chr20	50147384	50147470	ENSG00000124208.16|ENSG00000240849.11	gene|regulatory|transcript	86
chr20	53243552	53243638	ENSG00000182463.17	gene|regulatory|transcript	86
chr20	59770631	59770717	ENSG00000087495.17	gene|regulatory|transcript	86
chr20	63931022	63931108	ENSG00000101152.12	gene|regulatory|transcript	86
chr20	63378137	63378223	ENSG00000101204.18	gene|regulatory|transcript	86
chr20	56428469	56428555	ENSG00000087589.17	gene|regulatory|transcript	86
chr20	8394645	8394731	ENSG00000182621.19	gene|regulatory|transcript	86
chr20	34581672	34581758	ENSG00000101464.11	gene|regulatory|transcript	86
chr20	32995933	32996019	ENSG00000167098.12	gene|regulatory|transcript	86
chr20	46279220	46279306	ENSG00000149654.11	gene|regulatory|transcript	86
chr20	4007536	4007622	ENSG00000101236.17	gene|regulatory|transcript	86
chr20	45419638	45419724	ENSG00000124155.19	gene|regulatory|transcript	86
chr20	49845119	49845205	ENSG00000197818.12	gene|regulatory|transcript	86
chr20	51613590	51613676	ENSG00000054793.14	gene|regulatory|transcript	86
chr20	51444857	51444943	ENSG00000101096.20	gene|regulatory|transcript	86
chr20	59603945	59604031	ENSG00000087495.17	gene|regulatory|transcript	86
chr20	48763829	48763915	ENSG00000124126.14	gene|regulatory|transcript	86
chr20	31985067	31985153	ENSG00000260903.3	gene|regulatory|transcript	86
chr20	42740421	42740507	ENSG00000196090.14	gene|regulatory|transcript	86
chr20	10202128	10202214	ENSG00000132639.15|ENSG00000227906.10	gene|regulatory|transcript	86
chr20	6005467	6005553	ENSG00000278719.1|ENSG00000286235.1	gene|regulatory|transcript	86
chr20	417439	417525	ENSG00000125826.22	gene|regulatory|transcript	86
chr20	10523695	10523781	ENSG00000149346.15	gene|regulatory|transcript	86
chr20	25014722	25014808	ENSG00000154930.15	gene|regulatory|transcript	86
chr20	10557962	10558048	ENSG00000149346.15	gene|regulatory|transcript	86
chr20	47623419	47623505	ENSG00000124151.19	gene|regulatory|transcript	86
chr20	660936	661022	ENSG00000270299.1	gene|regulatory|transcript	86
chr20	36113935	36114021	ENSG00000088367.23	gene|regulatory|transcript	86
chr20	51618867	51618953	ENSG00000054793.14	gene|regulatory|transcript	86
chr20	33677540	33677626	ENSG00000101412.13	gene|regulatory|transcript	86
chr20	32775731	32775817	ENSG00000088305.19	gene|regulatory|transcript	86
chr20	3121297	3121383	ENSG00000185019.17|ENSG00000235958.5	gene|regulatory|transcript	86
chr20	41174037	41174123	ENSG00000124181.15	gene|regulatory|transcript	86
chr20	37380696	37380782	ENSG00000197122.13	gene|regulatory|transcript	86
chr20	38859175	38859260	ENSG00000101445.10	gene|regulatory|transcript	85
chr20	24566680	24566765	ENSG00000101463.6	gene|regulatory|transcript	85
chr20	57618880	57618965	ENSG00000124256.15	gene|regulatory|transcript	85
chr20	36130358	36130443	ENSG00000088367.23	gene|regulatory|transcript	85
chr20	18033574	18033659	ENSG00000125850.11	gene|regulatory|transcript	85
chr20	5590173	5590258	ENSG00000125772.14	gene|regulatory|transcript	85
chr20	4721969	4722054	ENSG00000171864.5	gene|regulatory|transcript	85
chr20	37315807	37315892	ENSG00000101363.13	gene|regulatory|transcript	85
chr20	19758327	19758412	ENSG00000132669.14	gene|regulatory|transcript	85
chr20	36944905	36944990	ENSG00000101347.11	gene|regulatory|transcript	85
chr20	53416688	53416773	ENSG00000182463.17|ENSG00000271774.1	gene|regulatory|transcript	85
chr20	46549659	46549744	ENSG00000149635.3	gene|regulatory|transcript	85
chr20	45308529	45308614	ENSG00000124232.11	gene|regulatory|transcript	85
chr20	37856893	37856978	ENSG00000132792.21	gene|regulatory|transcript	85
chr20	19964408	19964493	ENSG00000132669.14	gene|regulatory|transcript	85
chr20	45301710	45301795	ENSG00000124159.17	gene|regulatory|transcript	85
chr20	45308327	45308412	ENSG00000124159.17|ENSG00000124232.11	gene|regulatory|transcript	85
chr20	8909090	8909175	ENSG00000182621.19	gene|regulatory|transcript	85
chr20	1186770	1186855	ENSG00000125818.18|ENSG00000274269.1	gene|regulatory|transcript	85
chr20	31537401	31537486	ENSG00000101294.19	gene|regulatory|transcript	85
chr20	3698421	3698506	ENSG00000088827.14	gene|regulatory|transcript	85
chr20	21304163	21304248	ENSG00000088930.8	gene|regulatory|transcript	85
chr20	6094853	6094938	ENSG00000101311.17	gene|regulatory|transcript	85
chr20	31522969	31523054	ENSG00000101294.19	gene|regulatory|transcript	85
chr20	3571701	3571786	ENSG00000088812.18	gene|regulatory|transcript	85
chr20	58881112	58881197	ENSG00000087460.29|ENSG00000225806.8	gene|regulatory|transcript	85
chr20	36998929	36999014	ENSG00000080839.12	gene|regulatory|transcript	85
chr20	46176558	46176643	ENSG00000149654.11	gene|regulatory|transcript	85
chr20	38892400	38892485	ENSG00000101445.10	gene|regulatory|transcript	85
chr20	49915294	49915379	ENSG00000158480.11	gene|regulatory|transcript	85
chr20	47220324	47220409	ENSG00000101040.20	gene|regulatory|transcript	85
chr20	3679266	3679351	ENSG00000149451.19	gene|regulatory|transcript	85
chr20	2796161	2796246	ENSG00000088882.8	gene|regulatory|transcript	85
chr20	17542040	17542125	ENSG00000125864.14	gene|regulatory|transcript	85
chr20	49658611	49658695	ENSG00000158470.5	gene|regulatory|transcript	84
chr20	36644973	36645057	ENSG00000101082.14	gene|regulatory|transcript	84
chr20	39021756	39021840	ENSG00000101452.15	gene|regulatory|transcript	84
chr20	17587429	17587513	ENSG00000125868.16	gene|regulatory|transcript	84
chr20	8932520	8932604	ENSG00000182621.19	gene|regulatory|transcript	84
chr20	57501018	57501102	ENSG00000124092.13	gene|regulatory|transcript	84
chr20	50521242	50521326	ENSG00000196396.10	gene|regulatory|transcript	84
chr20	48983697	48983781	ENSG00000124198.10	gene|regulatory|transcript	84
chr20	16381766	16381850	ENSG00000089177.20	gene|regulatory|transcript	84
chr20	35660791	35660875	ENSG00000214078.13|ENSG00000244462.8|ENSG00000272897.5	gene|regulatory|transcript	84
chr20	50139242	50139326	ENSG00000124208.16|ENSG00000240849.11	gene|regulatory|transcript	84
chr20	32680551	32680635	ENSG00000285382.1	gene|regulatory|transcript	84
chr20	32534899	32534983	ENSG00000197183.15	gene|regulatory|transcript	84
chr20	13284887	13284971	ENSG00000101230.6	gene|regulatory|transcript	84
chr20	11917693	11917777	ENSG00000132640.15|ENSG00000236526.1	gene|regulatory|transcript	84
chr20	2509132	2509216	ENSG00000088876.13	gene|regulatory|transcript	84
chr20	25256326	25256410	ENSG00000100994.12	gene|regulatory|transcript	84
chr20	36796143	36796227	ENSG00000149639.15	gene|regulatory|transcript	84
chr20	45837146	45837230	ENSG00000124104.19	gene|regulatory|transcript	84
chr20	45946115	45946199	ENSG00000100982.12	gene|regulatory|transcript	84
chr20	835080	835164	ENSG00000125898.13	gene|regulatory|transcript	84
chr20	34704102	34704186	ENSG00000198646.14	gene|regulatory|transcript	84
chr20	63574099	63574183	ENSG00000130589.16	gene|regulatory|transcript	84
chr20	44400280	44400364	ENSG00000101076.20	gene|regulatory|transcript	84
chr20	43011533	43011617	ENSG00000196090.14	gene|regulatory|transcript	84
chr20	31739767	31739851	ENSG00000088325.16	gene|regulatory|transcript	84
chr20	17675142	17675226	ENSG00000125844.17	gene|regulatory|transcript	84
chr20	34527464	34527548	ENSG00000125971.18|ENSG00000289720.1	gene|regulatory|transcript	84
chr20	46979789	46979873	ENSG00000064655.19	gene|regulatory|transcript	84
chr20	31718849	31718933	ENSG00000171552.14	gene|regulatory|transcript	84
chr20	50141364	50141448	ENSG00000124208.16|ENSG00000240849.11	gene|regulatory|transcript	84
chr20	63877774	63877858	ENSG00000101150.18|ENSG00000290226.1	gene|regulatory|transcript	84
chr20	56359471	56359555	ENSG00000124098.10	gene|regulatory|transcript	84
chr20	32155018	32155102	ENSG00000101337.16	gene|regulatory|transcript	84
chr20	62064366	62064450	ENSG00000130699.20	gene|regulatory|transcript	84
chr20	5548174	5548258	ENSG00000125772.14	gene|regulatory|transcript	84
chr20	35902584	35902668	ENSG00000025293.17	gene|regulatory|transcript	84
chr20	46935492	46935576	ENSG00000064655.19	gene|regulatory|transcript	84
chr20	37008945	37009029	ENSG00000080839.12	gene|regulatory|transcript	84
chr20	50658884	50658968	ENSG00000042062.13|ENSG00000234693.1	gene|regulatory|transcript	84
chr20	3072278	3072362	ENSG00000101405.3	gene|regulatory|transcript	84
chr20	33769999	33770083	ENSG00000131061.15	gene|regulatory|transcript	84
chr20	43980878	43980961	ENSG00000124191.18	gene|regulatory|transcript	83
chr20	48923442	48923525	ENSG00000124198.10	gene|regulatory|transcript	83
chr20	56433344	56433427	ENSG00000087589.17	gene|regulatory|transcript	83
chr20	17226714	17226797	ENSG00000125851.10	gene|regulatory|transcript	83
chr20	32912710	32912793	ENSG00000215529.13	gene|regulatory|transcript	83
chr20	59940305	59940388	ENSG00000196227.11	gene|regulatory|transcript	83
chr20	59931709	59931792	ENSG00000196074.13	gene|regulatory|transcript	83
chr20	49842367	49842450	ENSG00000197818.12	gene|regulatory|transcript	83
chr20	41293468	41293551	ENSG00000174306.22	gene|regulatory|transcript	83
chr20	20547662	20547745	ENSG00000188559.16	gene|regulatory|transcript	83
chr20	36157512	36157595	ENSG00000088367.23	gene|regulatory|transcript	83
chr20	46388509	46388592	ENSG00000062598.18|ENSG00000273828.2	gene|regulatory|transcript	83
chr20	36927732	36927815	ENSG00000101347.11	gene|regulatory|transcript	83
chr20	17708252	17708335	ENSG00000125888.15	gene|regulatory|transcript	83
chr20	62420810	62420893	ENSG00000130701.4	gene|regulatory|transcript	83
chr20	31572944	31573027	ENSG00000101294.19|ENSG00000230613.1	gene|regulatory|transcript	83
chr20	61885071	61885154	ENSG00000179242.16	gene|regulatory|transcript	83
chr20	37092835	37092918	ENSG00000080839.12	gene|regulatory|transcript	83
chr20	1287358	1287441	ENSG00000101298.15|ENSG00000244588.6	gene|regulatory|transcript	83
chr20	3660671	3660754	ENSG00000125861.16	gene|regulatory|transcript	83
chr20	32481987	32482070	ENSG00000197183.15	gene|regulatory|transcript	83
chr20	49385160	49385243	ENSG00000158445.10|ENSG00000290421.1	gene|regulatory|transcript	83
chr20	659252	659335	ENSG00000270299.1	gene|regulatory|transcript	83
chr20	25464686	25464769	ENSG00000101004.16	gene|regulatory|transcript	83
chr20	51416809	51416892	ENSG00000101096.20	gene|regulatory|transcript	83
chr20	4007927	4008010	ENSG00000101236.17	gene|regulatory|transcript	83
chr20	36421976	36422059	ENSG00000080845.19	gene|regulatory|transcript	83
chr20	45860895	45860978	ENSG00000132801.7	gene|regulatory|transcript	83
chr20	19824917	19825000	ENSG00000132669.14	gene|regulatory|transcript	83
chr20	32567524	32567606	ENSG00000197183.15|ENSG00000233293.1	gene|regulatory|transcript	82
chr20	5119086	5119168	ENSG00000132646.11	gene|regulatory|transcript	82
chr20	34873399	34873481	ENSG00000131069.20	gene|regulatory|transcript	82
chr20	50568975	50569057	ENSG00000196396.10	gene|regulatory|transcript	82
chr20	48717537	48717619	ENSG00000124126.14	gene|regulatory|transcript	82
chr20	47355367	47355449	ENSG00000101040.20	gene|regulatory|transcript	82
chr20	38764400	38764482	ENSG00000101442.10	gene|regulatory|transcript	82
chr20	35698398	35698480	ENSG00000244005.13	gene|regulatory|transcript	82
chr20	50662291	50662373	ENSG00000042062.13	gene|regulatory|transcript	82
chr20	44966789	44966871	ENSG00000101109.13|ENSG00000227477.2	gene|regulatory|transcript	82
chr20	37207449	37207531	ENSG00000118705.18	gene|regulatory|transcript	82
chr20	419779	419861	ENSG00000125826.22	gene|regulatory|transcript	82
chr20	62716241	62716323	ENSG00000101188.5	gene|regulatory|transcript	82
chr20	17560578	17560660	ENSG00000125864.14	gene|regulatory|transcript	82
chr20	38900498	38900580	ENSG00000101445.10	gene|regulatory|transcript	82
chr20	31823582	31823664	ENSG00000101306.11	gene|regulatory|transcript	82
chr20	33815965	33816047	ENSG00000101421.4	gene|regulatory|transcript	82
chr20	36157621	36157703	ENSG00000088367.23	gene|regulatory|transcript	82
chr20	50745918	50746000	ENSG00000124171.9	gene|regulatory|transcript	82
chr20	881842	881924	ENSG00000101280.8	gene|regulatory|transcript	82
chr20	38109011	38109093	ENSG00000101413.12	gene|regulatory|transcript	82
chr20	3804486	3804568	ENSG00000101224.18	gene|regulatory|transcript	82
chr20	46351423	46351505	ENSG00000080189.15	gene|regulatory|transcript	82
chr20	63773148	63773230	ENSG00000130584.12	gene|regulatory|transcript	82
chr20	47259667	47259749	ENSG00000101040.20	gene|regulatory|transcript	82
chr20	48814674	48814756	ENSG00000124126.14	gene|regulatory|transcript	82
chr20	63362222	63362304	ENSG00000101204.18|ENSG00000203900.2	gene|regulatory|transcript	82
chr20	31561538	31561620	ENSG00000101294.19	gene|regulatory|transcript	82
chr20	34873001	34873083	ENSG00000131069.20	gene|regulatory|transcript	82
chr20	46431446	46431528	ENSG00000062598.18|ENSG00000293461.1	gene|regulatory|transcript	82
chr20	45293825	45293907	ENSG00000124159.17	gene|regulatory|transcript	82
chr20	37915690	37915772	ENSG00000132821.12	gene|regulatory|transcript	82
chr20	36481663	36481745	ENSG00000080845.19	gene|regulatory|transcript	82
chr20	47727812	47727894	ENSG00000196562.16	gene|regulatory|transcript	82
chr20	10659755	10659836	ENSG00000101384.12	gene|regulatory|transcript	81
chr20	444406	444487	ENSG00000125875.15	gene|regulatory|transcript	81
chr20	61746486	61746567	ENSG00000179242.16|ENSG00000225106.1	gene|regulatory|transcript	81
chr20	37044250	37044331	ENSG00000080839.12	gene|regulatory|transcript	81
chr20	57498701	57498782	ENSG00000124092.13	gene|regulatory|transcript	81
chr20	36605105	36605186	ENSG00000259399.1	gene|regulatory|transcript	81
chr20	38108614	38108695	ENSG00000101413.12	gene|regulatory|transcript	81
chr20	38117682	38117763	ENSG00000101413.12	gene|regulatory|transcript	81
chr20	17501085	17501166	ENSG00000125864.14	gene|regulatory|transcript	81
chr20	48770315	48770396	ENSG00000124126.14	gene|regulatory|transcript	81
chr20	41140983	41141064	ENSG00000124181.15	gene|regulatory|transcript	81
chr20	62338150	62338231	ENSG00000130702.15	gene|regulatory|transcript	81
chr20	33739623	33739704	ENSG00000131061.15	gene|regulatory|transcript	81
chr20	35305265	35305346	ENSG00000101019.22	gene|regulatory|transcript	81
chr20	25486021	25486102	ENSG00000101004.16	gene|regulatory|transcript	81
chr20	36809487	36809568	ENSG00000149639.15	gene|regulatory|transcript	81
chr20	21705998	21706079	ENSG00000125813.15	gene|regulatory|transcript	81
chr20	51456178	51456259	ENSG00000101096.20	gene|regulatory|transcript	81
chr20	609631	609712	ENSG00000125878.7	gene|regulatory|transcript	81
chr20	37232214	37232295	ENSG00000118705.18	gene|regulatory|transcript	81
chr20	31984750	31984831	ENSG00000260903.3	gene|regulatory|transcript	81
chr20	41533570	41533651	ENSG00000124177.16	gene|regulatory|transcript	81
chr20	63735699	63735780	ENSG00000197114.12|ENSG00000273154.3	gene|regulatory|transcript	81
chr20	3473544	3473625	ENSG00000088812.18	gene|regulatory|transcript	81
chr20	31552493	31552574	ENSG00000101294.19	gene|regulatory|transcript	81
chr20	48753053	48753134	ENSG00000124126.14	gene|regulatory|transcript	81
chr20	44533091	44533172	ENSG00000168734.14	gene|regulatory|transcript	81
chr20	1336457	1336538	ENSG00000234684.8|ENSG00000274322.1	gene|regulatory|transcript	81
chr20	33778101	33778182	ENSG00000131061.15	gene|regulatory|transcript	81
chr20	45338313	45338394	ENSG00000124145.6	gene|regulatory|transcript	81
chr20	53955000	53955081	ENSG00000064787.14	gene|regulatory|transcript	81
chr20	45949718	45949799	ENSG00000198026.8	gene|regulatory|transcript	81
chr20	5152763	5152844	ENSG00000101290.14	gene|regulatory|transcript	81
chr20	31573060	31573141	ENSG00000101294.19|ENSG00000230613.1	gene|regulatory|transcript	81
chr20	32682599	32682680	ENSG00000285382.1	gene|regulatory|transcript	81
chr20	44405976	44406057	ENSG00000101076.20	gene|regulatory|transcript	81
chr20	34921462	34921543	ENSG00000131069.20	gene|regulatory|transcript	81
chr20	36477392	36477472	ENSG00000080845.19	gene|regulatory|transcript	80
chr20	46351739	46351819	ENSG00000080189.15	gene|regulatory|transcript	80
chr20	5594630	5594710	ENSG00000125772.14	gene|regulatory|transcript	80
chr20	36028473	36028553	ENSG00000149646.12	gene|regulatory|transcript	80
chr20	32481871	32481951	ENSG00000197183.15	gene|regulatory|transcript	80
chr20	3234002	3234082	ENSG00000088836.14	gene|regulatory|transcript	80
chr20	62161580	62161660	ENSG00000184402.15	gene|regulatory|transcript	80
chr20	36143182	36143262	ENSG00000088367.23	gene|regulatory|transcript	80
chr20	9287892	9287972	ENSG00000101333.19	gene|regulatory|transcript	80
chr20	833968	834048	ENSG00000125898.13	gene|regulatory|transcript	80
chr20	8019099	8019179	ENSG00000125827.9	gene|regulatory|transcript	80
chr20	35021109	35021189	ENSG00000100991.12	gene|regulatory|transcript	80
chr20	38355265	38355345	ENSG00000129988.6	gene|regulatory|transcript	80
chr20	13247559	13247639	ENSG00000101230.6	gene|regulatory|transcript	80
chr20	32529325	32529405	ENSG00000197183.15	gene|regulatory|transcript	80
chr20	19474937	19475017	ENSG00000185052.13	gene|regulatory|transcript	80
chr20	44247514	44247594	ENSG00000124194.17	gene|regulatory|transcript	80
chr20	48627467	48627547	ENSG00000124126.14	gene|regulatory|transcript	80
chr20	45970306	45970386	ENSG00000198026.8	gene|regulatory|transcript	80
chr20	57707052	57707132	ENSG00000124225.16	gene|regulatory|transcript	80
chr20	51486698	51486778	ENSG00000101096.20	gene|regulatory|transcript	80
chr20	32160111	32160191	ENSG00000101337.16	gene|regulatory|transcript	80
chr20	33662931	33663011	ENSG00000125967.17|ENSG00000149609.6	gene|regulatory|transcript	80
chr20	1326722	1326802	ENSG00000125775.15|ENSG00000234684.8|ENSG00000274322.1	gene|regulatory|transcript	80
chr20	62838089	62838169	ENSG00000092758.18	gene|regulatory|transcript	80
chr20	42709004	42709084	ENSG00000196090.14	gene|regulatory|transcript	80
chr20	38142939	38143019	ENSG00000198959.12	gene|regulatory|transcript	80
chr20	32284750	32284830	ENSG00000101350.8	gene|regulatory|transcript	80
chr20	44542266	44542346	ENSG00000168734.14	gene|regulatory|transcript	80
chr20	2288927	2289007	ENSG00000286022.1	gene|regulatory|transcript	80
chr20	884743	884823	ENSG00000101280.8	gene|regulatory|transcript	80
chr20	8807497	8807577	ENSG00000182621.19	gene|regulatory|transcript	80
chr20	62337509	62337589	ENSG00000130702.15	gene|regulatory|transcript	80
chr20	11891447	11891527	ENSG00000132640.15	gene|regulatory|transcript	80
chr20	53231533	53231613	ENSG00000182463.17	gene|regulatory|transcript	80
chr20	36576120	36576200	ENSG00000118707.11|ENSG00000259399.1	gene|regulatory|transcript	80
chr20	10658321	10658401	ENSG00000101384.12	gene|regulatory|transcript	80
chr20	41053008	41053088	ENSG00000198900.7	gene|regulatory|transcript	80
chr20	36248035	36248115	ENSG00000131043.13	gene|regulatory|transcript	80
chr20	49354747	49354827	ENSG00000158445.10|ENSG00000290421.1	gene|regulatory|transcript	80
chr20	33400994	33401074	ENSG00000101391.21	gene|regulatory|transcript	80
chr20	41232318	41232398	ENSG00000174306.22	gene|regulatory|transcript	80
chr20	61976335	61976415	ENSG00000130699.20	gene|regulatory|transcript	80
chr20	64008065	64008145	ENSG00000101161.8	gene|regulatory|transcript	80
chr20	36645585	36645665	ENSG00000101082.14	gene|regulatory|transcript	80
chr20	31475127	31475207	ENSG00000180383.4	gene|regulatory|transcript	80
chr20	62351623	62351703	ENSG00000130702.15	gene|regulatory|transcript	80
chr20	20038260	20038340	ENSG00000101343.15	gene|regulatory|transcript	80
chr20	9075915	9075994	ENSG00000101333.19	gene|regulatory|transcript	79
chr20	31740881	31740960	ENSG00000088325.16	gene|regulatory|transcript	79
chr20	25526804	25526883	ENSG00000101004.16	gene|regulatory|transcript	79
chr20	873167	873246	ENSG00000101280.8	gene|regulatory|transcript	79
chr20	62266891	62266970	ENSG00000130703.17	gene|regulatory|transcript	79
chr20	34256947	34257026	ENSG00000101440.10|ENSG00000250917.1	gene|regulatory|transcript	79
chr20	63943669	63943748	ENSG00000198276.16	gene|regulatory|transcript	79
chr20	42493027	42493106	ENSG00000196090.14	gene|regulatory|transcript	79
chr20	49185774	49185853	ENSG00000124214.21	gene|regulatory|transcript	79
chr20	50817713	50817792	ENSG00000124243.19	gene|regulatory|transcript	79
chr20	25034016	25034095	ENSG00000154930.15	gene|regulatory|transcript	79
chr20	47565280	47565359	ENSG00000124151.19	gene|regulatory|transcript	79
chr20	24973565	24973644	ENSG00000101474.12	gene|regulatory|transcript	79
chr20	42911147	42911226	ENSG00000196090.14	gene|regulatory|transcript	79
chr20	36943457	36943536	ENSG00000101347.11	gene|regulatory|transcript	79
chr20	37345332	37345411	ENSG00000197122.13	gene|regulatory|transcript	79
chr20	34904164	34904243	ENSG00000131069.20	gene|regulatory|transcript	79
chr20	36121286	36121365	ENSG00000088367.23	gene|regulatory|transcript	79
chr20	4811494	4811573	ENSG00000101265.16	gene|regulatory|transcript	79
chr20	34447190	34447269	ENSG00000078747.17|ENSG00000289720.1	gene|regulatory|transcript	79
chr20	10218644	10218723	ENSG00000132639.15|ENSG00000227906.10	gene|regulatory|transcript	79
chr20	5002137	5002216	ENSG00000089057.15	gene|regulatory|transcript	79
chr20	34376149	34376228	ENSG00000078747.17|ENSG00000289720.1	gene|regulatory|transcript	79
chr20	10591191	10591270	ENSG00000149346.15	gene|regulatory|transcript	79
chr20	52111118	52111197	ENSG00000020256.20	gene|regulatory|transcript	79
chr20	10601819	10601898	ENSG00000149346.15	gene|regulatory|transcript	79
chr20	49867610	49867689	ENSG00000197818.12	gene|regulatory|transcript	79
chr20	53268775	53268854	ENSG00000182463.17|ENSG00000271774.1	gene|regulatory|transcript	79
chr20	32316874	32316953	ENSG00000101350.8	gene|regulatory|transcript	79
chr20	13992024	13992103	ENSG00000101251.13	gene|regulatory|transcript	79
chr20	57619396	57619475	ENSG00000124256.15	gene|regulatory|transcript	79
chr20	49684866	49684945	ENSG00000158470.5	gene|regulatory|transcript	79
chr20	50550597	50550676	ENSG00000196396.10	gene|regulatory|transcript	79
chr20	652896	652975	ENSG00000270299.1|ENSG00000271303.2	gene|regulatory|transcript	79
chr20	17721690	17721769	ENSG00000125888.15	gene|regulatory|transcript	79
chr20	3674693	3674772	ENSG00000149451.19	gene|regulatory|transcript	79
chr20	43604922	43605001	ENSG00000101052.13	gene|regulatory|transcript	79
chr20	36142824	36142903	ENSG00000088367.23	gene|regulatory|transcript	79
chr20	63688050	63688129	ENSG00000026036.23|ENSG00000258366.12	gene|regulatory|transcript	79
chr20	31523637	31523716	ENSG00000101294.19	gene|regulatory|transcript	79
chr20	34738202	34738281	ENSG00000198646.14	gene|regulatory|transcript	79
chr20	44531978	44532057	ENSG00000168734.14	gene|regulatory|transcript	79
chr20	8408616	8408695	ENSG00000182621.19	gene|regulatory|transcript	79
chr20	56382900	56382979	ENSG00000087586.18	gene|regulatory|transcript	79
chr20	33367728	33367807	ENSG00000101391.21	gene|regulatory|transcript	79
chr20	36641378	36641457	ENSG00000101082.14	gene|regulatory|transcript	79
chr20	37159603	37159682	ENSG00000101353.16	gene|regulatory|transcript	79
chr20	33279291	33279370	ENSG00000125999.11	gene|regulatory|transcript	79
chr20	2873760	2873839	ENSG00000132670.21	gene|regulatory|transcript	79
chr20	47276831	47276910	ENSG00000101040.20	gene|regulatory|transcript	79
chr20	50943273	50943351	ENSG00000000419.14|ENSG00000259456.4	gene|regulatory|transcript	78
chr20	47143958	47144036	ENSG00000064655.19	gene|regulatory|transcript	78
chr20	1894796	1894874	ENSG00000198053.12	gene|regulatory|transcript	78
chr20	47713401	47713479	ENSG00000196562.16	gene|regulatory|transcript	78
chr20	47694990	47695068	ENSG00000196562.16	gene|regulatory|transcript	78
chr20	32159064	32159142	ENSG00000101337.16	gene|regulatory|transcript	78
chr20	42749647	42749725	ENSG00000196090.14	gene|regulatory|transcript	78
chr20	1312508	1312586	ENSG00000125775.15	gene|regulatory|transcript	78
chr20	44064255	44064333	ENSG00000124191.18	gene|regulatory|transcript	78
chr20	38877611	38877689	ENSG00000101445.10	gene|regulatory|transcript	78
chr20	9180772	9180850	ENSG00000101333.19	gene|regulatory|transcript	78
chr20	25342322	25342400	ENSG00000100997.20	gene|regulatory|transcript	78
chr20	59931811	59931889	ENSG00000196074.13	gene|regulatory|transcript	78
chr20	34675653	34675731	ENSG00000101464.11	gene|regulatory|transcript	78
chr20	15700275	15700353	ENSG00000172264.19	gene|regulatory|transcript	78
chr20	58407673	58407751	ENSG00000124164.16	gene|regulatory|transcript	78
chr20	62914989	62915067	ENSG00000101191.17	gene|regulatory|transcript	78
chr20	43963404	43963482	ENSG00000124191.18	gene|regulatory|transcript	78
chr20	2751353	2751431	ENSG00000088881.22	gene|regulatory|transcript	78
chr20	36644890	36644968	ENSG00000101082.14	gene|regulatory|transcript	78
chr20	15177962	15178040	ENSG00000172264.19	gene|regulatory|transcript	78
chr20	48762007	48762085	ENSG00000124126.14	gene|regulatory|transcript	78
chr20	19861272	19861350	ENSG00000132669.14	gene|regulatory|transcript	78
chr20	62245392	62245470	ENSG00000130703.17	gene|regulatory|transcript	78
chr20	35021924	35022002	ENSG00000100991.12	gene|regulatory|transcript	78
chr20	34089905	34089983	ENSG00000125970.12|ENSG00000125977.7	gene|regulatory|transcript	78
chr20	64011206	64011284	ENSG00000101161.8	gene|regulatory|transcript	78
chr20	1275079	1275157	ENSG00000101298.15|ENSG00000244588.6	gene|regulatory|transcript	78
chr20	18496563	18496641	ENSG00000089050.16	gene|regulatory|transcript	78
chr20	35909419	35909497	ENSG00000025293.17	gene|regulatory|transcript	78
chr20	49986765	49986843	ENSG00000124216.4	gene|regulatory|transcript	78
chr20	50645141	50645219	ENSG00000042062.13	gene|regulatory|transcript	78
chr20	44356382	44356460	ENSG00000101076.20	gene|regulatory|transcript	78
chr20	63445159	63445237	ENSG00000075043.21	gene|regulatory|transcript	78
chr20	36927985	36928063	ENSG00000101347.11	gene|regulatory|transcript	78
chr20	54650336	54650414	ENSG00000101134.12	gene|regulatory|transcript	78
chr20	14523146	14523224	ENSG00000172264.19|ENSG00000287062.1	gene|regulatory|transcript	78
chr20	18524856	18524934	ENSG00000101310.17	gene|regulatory|transcript	78
chr20	3294629	3294707	ENSG00000088854.13	gene|regulatory|transcript	78
chr20	62150385	62150463	ENSG00000184402.15	gene|regulatory|transcript	78
chr20	43563635	43563712	ENSG00000101049.18|ENSG00000277611.1	gene|regulatory|transcript	77
chr20	32544628	32544705	ENSG00000197183.15	gene|regulatory|transcript	77
chr20	62309910	62309987	ENSG00000130702.15	gene|regulatory|transcript	77
chr20	16506190	16506267	ENSG00000089177.20	gene|regulatory|transcript	77
chr20	8901342	8901419	ENSG00000182621.19	gene|regulatory|transcript	77
chr20	34620830	34620907	ENSG00000101464.11	gene|regulatory|transcript	77
chr20	17533467	17533544	ENSG00000125864.14	gene|regulatory|transcript	77
chr20	45419395	45419472	ENSG00000124155.19	gene|regulatory|transcript	77
chr20	51008983	51009060	ENSG00000026559.14|ENSG00000232358.1	gene|regulatory|transcript	77
chr20	20051587	20051664	ENSG00000101343.15	gene|regulatory|transcript	77
chr20	42099387	42099464	ENSG00000196090.14	gene|regulatory|transcript	77
chr20	19951831	19951908	ENSG00000132669.14	gene|regulatory|transcript	77
chr20	34993256	34993333	ENSG00000078814.19	gene|regulatory|transcript	77
chr20	44580245	44580322	ENSG00000168734.14	gene|regulatory|transcript	77
chr20	16329685	16329762	ENSG00000089177.20	gene|regulatory|transcript	77
chr20	49876038	49876115	ENSG00000197818.12	gene|regulatory|transcript	77
chr20	17705068	17705145	ENSG00000125888.15	gene|regulatory|transcript	77
chr20	41287901	41287978	ENSG00000174306.22	gene|regulatory|transcript	77
chr20	45905938	45906015	ENSG00000100979.15	gene|regulatory|transcript	77
chr20	46262793	46262870	ENSG00000149654.11	gene|regulatory|transcript	77
chr20	62666010	62666087	ENSG00000101187.16|ENSG00000232803.1	gene|regulatory|transcript	77
chr20	1330616	1330693	ENSG00000234684.8|ENSG00000274322.1	gene|regulatory|transcript	77
chr20	2653201	2653278	ENSG00000101361.17	gene|regulatory|transcript	77
chr20	37353729	37353806	ENSG00000197122.13	gene|regulatory|transcript	77
chr20	50104298	50104375	ENSG00000124208.16|ENSG00000244687.13	gene|regulatory|transcript	77
chr20	62183904	62183981	ENSG00000101181.18	gene|regulatory|transcript	77
chr20	32478110	32478187	ENSG00000197183.15	gene|regulatory|transcript	77
chr20	36155254	36155331	ENSG00000088367.23|ENSG00000232406.8	gene|regulatory|transcript	77
chr20	35238194	35238271	ENSG00000125966.10|ENSG00000126005.17	gene|regulatory|transcript	77
chr20	24651202	24651279	ENSG00000101463.6	gene|regulatory|transcript	77
chr20	834089	834166	ENSG00000125898.13	gene|regulatory|transcript	77
chr20	61416948	61417025	ENSG00000179242.16	gene|regulatory|transcript	77
chr20	51562482	51562559	ENSG00000101096.20	gene|regulatory|transcript	77
chr20	34029927	34030004	ENSG00000125970.12	gene|regulatory|transcript	77
chr20	3673496	3673573	ENSG00000149451.19	gene|regulatory|transcript	77
chr20	10408180	10408257	ENSG00000125863.20	gene|regulatory|transcript	77
chr20	10408550	10408627	ENSG00000125863.20	gene|regulatory|transcript	77
chr20	3679158	3679235	ENSG00000149451.19	gene|regulatory|transcript	77
chr20	38765324	38765401	ENSG00000101442.10	gene|regulatory|transcript	77
chr20	19602452	19602529	ENSG00000185052.13	gene|regulatory|transcript	77
chr20	43952740	43952817	ENSG00000124191.18	gene|regulatory|transcript	77
chr20	54623031	54623108	ENSG00000101134.12	gene|regulatory|transcript	77
chr20	34216272	34216349	ENSG00000101440.10	gene|regulatory|transcript	77
chr20	32540931	32541008	ENSG00000197183.15	gene|regulatory|transcript	77
chr20	35772386	35772463	ENSG00000025293.17	gene|regulatory|transcript	77
chr20	3210331	3210408	ENSG00000125877.13	gene|regulatory|transcript	77
chr20	62811384	62811461	ENSG00000060491.17	gene|regulatory|transcript	77
chr20	13278190	13278267	ENSG00000101230.6	gene|regulatory|transcript	77
chr20	44392654	44392730	ENSG00000101076.20|ENSG00000229005.2	gene|regulatory|transcript	76
chr20	278429	278505	ENSG00000196476.12	gene|regulatory|transcript	76
chr20	37121565	37121641	ENSG00000101353.16	gene|regulatory|transcript	76
chr20	47661357	47661433	ENSG00000196562.16	gene|regulatory|transcript	76
chr20	64215193	64215269	ENSG00000196132.14	gene|regulatory|transcript	76
chr20	10511528	10511604	ENSG00000149346.15	gene|regulatory|transcript	76
chr20	49260386	49260462	ENSG00000124201.15	gene|regulatory|transcript	76
chr20	652214	652290	ENSG00000270299.1|ENSG00000271303.2	gene|regulatory|transcript	76
chr20	64081007	64081083	ENSG00000125510.18	gene|regulatory|transcript	76
chr20	36179299	36179375	ENSG00000088367.23	gene|regulatory|transcript	76
chr20	38146894	38146970	ENSG00000198959.12	gene|regulatory|transcript	76
chr20	21175463	21175539	ENSG00000088970.16|ENSG00000232712.6	gene|regulatory|transcript	76
chr20	21214700	21214776	ENSG00000088970.16|ENSG00000232712.6	gene|regulatory|transcript	76
chr20	35088357	35088433	ENSG00000100991.12	gene|regulatory|transcript	76
chr20	35085901	35085977	ENSG00000100991.12	gene|regulatory|transcript	76
chr20	45952521	45952597	ENSG00000198026.8	gene|regulatory|transcript	76
chr20	38035253	38035329	ENSG00000101413.12	gene|regulatory|transcript	76
chr20	62337727	62337803	ENSG00000130702.15	gene|regulatory|transcript	76
chr20	8332279	8332355	ENSG00000182621.19	gene|regulatory|transcript	76
chr20	3592978	3593054	ENSG00000088812.18	gene|regulatory|transcript	76
chr20	48642033	48642109	ENSG00000124126.14	gene|regulatory|transcript	76
chr20	19785152	19785228	ENSG00000132669.14	gene|regulatory|transcript	76
chr20	38355145	38355221	ENSG00000129988.6	gene|regulatory|transcript	76
chr20	59632699	59632775	ENSG00000087495.17	gene|regulatory|transcript	76
chr20	36237586	36237662	ENSG00000131043.13	gene|regulatory|transcript	76
chr20	62412753	62412829	ENSG00000130701.4	gene|regulatory|transcript	76
chr20	5597240	5597316	ENSG00000125772.14	gene|regulatory|transcript	76
chr20	14746788	14746864	ENSG00000172264.19	gene|regulatory|transcript	76
chr20	50746048	50746124	ENSG00000124171.9	gene|regulatory|transcript	76
chr20	2693782	2693858	ENSG00000088881.22	gene|regulatory|transcript	76
chr20	2303978	2304054	ENSG00000125780.12|ENSG00000286022.1	gene|regulatory|transcript	76
chr20	9068008	9068084	ENSG00000101333.19	gene|regulatory|transcript	76
chr20	41560326	41560402	ENSG00000124177.16	gene|regulatory|transcript	76
chr20	1462451	1462527	ENSG00000088833.18	gene|regulatory|transcript	76
chr20	47317667	47317743	ENSG00000101040.20	gene|regulatory|transcript	76
chr20	14523314	14523390	ENSG00000172264.19	gene|regulatory|transcript	76
chr20	17973653	17973729	ENSG00000125850.11|ENSG00000125871.14	gene|regulatory|transcript	76
chr20	42744918	42744994	ENSG00000196090.14	gene|regulatory|transcript	76
chr20	44418083	44418159	ENSG00000101076.20	gene|regulatory|transcript	76
chr20	19284596	19284672	ENSG00000185052.13	gene|regulatory|transcript	76
chr20	42960702	42960778	ENSG00000196090.14	gene|regulatory|transcript	76
chr20	59178389	59178465	ENSG00000124203.7	gene|regulatory|transcript	76
chr20	35277932	35278008	ENSG00000126005.17|ENSG00000261582.1	gene|regulatory|transcript	76
chr20	1342890	1342966	ENSG00000234684.8|ENSG00000274322.1	gene|regulatory|transcript	76
chr20	44750052	44750128	ENSG00000124249.7	gene|regulatory|transcript	76
chr20	63830917	63830993	ENSG00000130584.12	gene|regulatory|transcript	76
chr20	48963189	48963265	ENSG00000124198.10	gene|regulatory|transcript	76
chr20	43667303	43667379	ENSG00000101057.16	gene|regulatory|transcript	76
chr20	48653497	48653572	ENSG00000124126.14	gene|regulatory|transcript	75
chr20	32288501	32288576	ENSG00000101350.8	gene|regulatory|transcript	75
chr20	57397341	57397416	ENSG00000132819.17	gene|regulatory|transcript	75
chr20	45826969	45827044	ENSG00000101470.10	gene|regulatory|transcript	75
chr20	846805	846880	ENSG00000125898.13	gene|regulatory|transcript	75
chr20	46363964	46364039	ENSG00000080189.15	gene|regulatory|transcript	75
chr20	49641913	49641988	ENSG00000158470.5	gene|regulatory|transcript	75
chr20	49048023	49048098	ENSG00000124207.17	gene|regulatory|transcript	75
chr20	63535517	63535592	ENSG00000101213.7	gene|regulatory|transcript	75
chr20	32121119	32121194	ENSG00000101337.16	gene|regulatory|transcript	75
chr20	35982058	35982133	ENSG00000149646.12	gene|regulatory|transcript	75
chr20	47327296	47327371	ENSG00000101040.20	gene|regulatory|transcript	75
chr20	35466204	35466279	ENSG00000126001.17	gene|regulatory|transcript	75
chr20	53581385	53581460	ENSG00000171940.14	gene|regulatory|transcript	75
chr20	63534315	63534390	ENSG00000101213.7	gene|regulatory|transcript	75
chr20	47312840	47312915	ENSG00000101040.20	gene|regulatory|transcript	75
chr20	34009660	34009735	ENSG00000125970.12	gene|regulatory|transcript	75
chr20	45404953	45405028	ENSG00000124251.11|ENSG00000254806.5	gene|regulatory|transcript	75
chr20	62796735	62796810	ENSG00000101189.7	gene|regulatory|transcript	75
chr20	45427580	45427655	ENSG00000124155.19	gene|regulatory|transcript	75
chr20	53996197	53996272	ENSG00000064787.14	gene|regulatory|transcript	75
chr20	36213463	36213538	ENSG00000088367.23	gene|regulatory|transcript	75
chr20	37160021	37160096	ENSG00000101353.16	gene|regulatory|transcript	75
chr20	48794992	48795067	ENSG00000124126.14	gene|regulatory|transcript	75
chr20	50850110	50850185	ENSG00000124243.19	gene|regulatory|transcript	75
chr20	53110194	53110269	ENSG00000182463.17	gene|regulatory|transcript	75
chr20	37207197	37207272	ENSG00000118705.18	gene|regulatory|transcript	75
chr20	34416585	34416660	ENSG00000078747.17|ENSG00000289720.1	gene|regulatory|transcript	75
chr20	45376892	45376967	ENSG00000124251.11|ENSG00000254806.5	gene|regulatory|transcript	75
chr20	25328103	25328178	ENSG00000100997.20	gene|regulatory|transcript	75
chr20	51801415	51801490	ENSG00000101115.13	gene|regulatory|transcript	75
chr20	49684573	49684648	ENSG00000158470.5	gene|regulatory|transcript	75
chr20	32767350	32767425	ENSG00000088305.19	gene|regulatory|transcript	75
chr20	1287632	1287706	ENSG00000101298.15|ENSG00000244588.6	gene|regulatory|transcript	74
chr20	8019303	8019377	ENSG00000125827.9|ENSG00000229766.7	gene|regulatory|transcript	74
chr20	41457189	41457263	ENSG00000124177.16	gene|regulatory|transcript	74
chr20	21313222	21313296	ENSG00000088930.8	gene|regulatory|transcript	74
chr20	36200081	36200155	ENSG00000088367.23	gene|regulatory|transcript	74
chr20	17652579	17652653	ENSG00000125844.17	gene|regulatory|transcript	74
chr20	50527273	50527347	ENSG00000196396.10	gene|regulatory|transcript	74
chr20	965399	965473	ENSG00000101282.9	gene|regulatory|transcript	74
chr20	51740353	51740427	ENSG00000054793.14	gene|regulatory|transcript	74
chr20	410025	410099	ENSG00000125826.22	gene|regulatory|transcript	74
chr20	659056	659130	ENSG00000270299.1	gene|regulatory|transcript	74
chr20	15061618	15061692	ENSG00000172264.19	gene|regulatory|transcript	74
chr20	54158882	54158956	ENSG00000019186.10	gene|regulatory|transcript	74
chr20	14991547	14991621	ENSG00000172264.19	gene|regulatory|transcript	74
chr20	4180458	4180532	ENSG00000088826.18	gene|regulatory|transcript	74
chr20	61576069	61576143	ENSG00000179242.16	gene|regulatory|transcript	74
chr20	49319347	49319421	ENSG00000158445.10|ENSG00000283529.2|ENSG00000290421.1	gene|regulatory|transcript	74
chr20	3399507	3399581	ENSG00000088854.13	gene|regulatory|transcript	74
chr20	50558701	50558775	ENSG00000196396.10	gene|regulatory|transcript	74
chr20	13397227	13397301	ENSG00000089123.16	gene|regulatory|transcript	74
chr20	54170812	54170886	ENSG00000019186.10	gene|regulatory|transcript	74
chr20	19775779	19775853	ENSG00000132669.14	gene|regulatory|transcript	74
chr20	1911775	1911849	ENSG00000198053.12	gene|regulatory|transcript	74
chr20	41173577	41173651	ENSG00000124181.15	gene|regulatory|transcript	74
chr20	31521227	31521301	ENSG00000101294.19	gene|regulatory|transcript	74
chr20	42734947	42735021	ENSG00000196090.14	gene|regulatory|transcript	74
chr20	63569665	63569739	ENSG00000130589.16	gene|regulatory|transcript	74
chr20	2873875	2873949	ENSG00000132670.21	gene|regulatory|transcript	74
chr20	38222374	38222448	ENSG00000149633.12	gene|regulatory|transcript	74
chr20	56362171	56362245	ENSG00000124098.10	gene|regulatory|transcript	74
chr20	37865399	37865473	ENSG00000132792.21	gene|regulatory|transcript	74
chr20	49440113	49440187	ENSG00000158445.10|ENSG00000290421.1	gene|regulatory|transcript	74
chr20	5313546	5313620	ENSG00000101292.8	gene|regulatory|transcript	74
chr20	41029455	41029529	ENSG00000198900.7	gene|regulatory|transcript	74
chr20	53954737	53954811	ENSG00000064787.14	gene|regulatory|transcript	74
chr20	56637337	56637411	ENSG00000087510.7	gene|regulatory|transcript	74
chr20	9577689	9577763	ENSG00000101349.17	gene|regulatory|transcript	74
chr20	41512771	41512845	ENSG00000124177.16	gene|regulatory|transcript	74
chr20	36876207	36876281	ENSG00000101342.10	gene|regulatory|transcript	74
chr20	2103365	2103439	ENSG00000125834.13	gene|regulatory|transcript	74
chr20	36821161	36821235	ENSG00000149639.15	gene|regulatory|transcript	74
chr20	49275261	49275335	ENSG00000124201.15	gene|regulatory|transcript	74
chr20	44579362	44579436	ENSG00000168734.14	gene|regulatory|transcript	74
chr20	57391938	57392012	ENSG00000132819.17|ENSG00000218018.4	gene|regulatory|transcript	74
chr20	4226247	4226321	ENSG00000171873.8	gene|regulatory|transcript	74
chr20	37067158	37067232	ENSG00000080839.12	gene|regulatory|transcript	74
chr20	36595459	36595533	ENSG00000259399.1	gene|regulatory|transcript	74
chr20	36745743	36745816	ENSG00000101079.21	gene|regulatory|transcript	73
chr20	45252419	45252492	ENSG00000124107.5	gene|regulatory|transcript	73
chr20	64203416	64203489	ENSG00000196132.14	gene|regulatory|transcript	73
chr20	41054729	41054802	ENSG00000198900.7	gene|regulatory|transcript	73
chr20	48748199	48748272	ENSG00000124126.14	gene|regulatory|transcript	73
chr20	2839933	2840006	ENSG00000132635.17	gene|regulatory|transcript	73
chr20	34300999	34301072	ENSG00000101444.13	gene|regulatory|transcript	73
chr20	49400887	49400960	ENSG00000158445.10|ENSG00000290421.1	gene|regulatory|transcript	73
chr20	9068543	9068616	ENSG00000101333.19	gene|regulatory|transcript	73
chr20	37704722	37704795	ENSG00000132792.21	gene|regulatory|transcript	73
chr20	4857204	4857277	ENSG00000089057.15	gene|regulatory|transcript	73
chr20	49565235	49565308	ENSG00000124212.6	gene|regulatory|transcript	73
chr20	37072512	37072585	ENSG00000080839.12	gene|regulatory|transcript	73
chr20	3615444	3615517	ENSG00000088812.18	gene|regulatory|transcript	73
chr20	48990496	48990569	ENSG00000124198.10	gene|regulatory|transcript	73
chr20	17506356	17506429	ENSG00000125864.14	gene|regulatory|transcript	73
chr20	10218992	10219065	ENSG00000132639.15|ENSG00000227906.10	gene|regulatory|transcript	73
chr20	45834468	45834541	ENSG00000124104.19	gene|regulatory|transcript	73
chr20	17722090	17722163	ENSG00000125888.15	gene|regulatory|transcript	73
chr20	6102706	6102779	ENSG00000101311.17	gene|regulatory|transcript	73
chr20	32694331	32694404	ENSG00000285382.1	gene|regulatory|transcript	73
chr20	47734167	47734240	ENSG00000196562.16	gene|regulatory|transcript	73
chr20	834753	834826	ENSG00000125898.13	gene|regulatory|transcript	73
chr20	881286	881359	ENSG00000101280.8	gene|regulatory|transcript	73
chr20	32448970	32449043	ENSG00000197183.15	gene|regulatory|transcript	73
chr20	50146431	50146504	ENSG00000124208.16|ENSG00000240849.11	gene|regulatory|transcript	73
chr20	38125404	38125477	ENSG00000101413.12	gene|regulatory|transcript	73
chr20	38837041	38837114	ENSG00000101445.10	gene|regulatory|transcript	73
chr20	4961017	4961090	ENSG00000089057.15	gene|regulatory|transcript	73
chr20	409047	409120	ENSG00000125826.22	gene|regulatory|transcript	73
chr20	46730109	46730182	ENSG00000197496.6	gene|regulatory|transcript	73
chr20	45175305	45175378	ENSG00000124102.5	gene|regulatory|transcript	73
chr20	37350653	37350726	ENSG00000197122.13	gene|regulatory|transcript	73
chr20	47168488	47168561	ENSG00000064655.19	gene|regulatory|transcript	73
chr20	8449257	8449330	ENSG00000182621.19	gene|regulatory|transcript	73
chr20	58403019	58403092	ENSG00000124164.16	gene|regulatory|transcript	73
chr20	63931391	63931464	ENSG00000101152.12	gene|regulatory|transcript	73
chr20	3710845	3710918	ENSG00000088827.14	gene|regulatory|transcript	73
chr20	14393661	14393734	ENSG00000172264.19	gene|regulatory|transcript	73
chr20	33994131	33994204	ENSG00000125970.12|ENSG00000285230.3	gene|regulatory|transcript	73
chr20	25254955	25255028	ENSG00000100994.12	gene|regulatory|transcript	73
chr20	58889549	58889622	ENSG00000087460.29	gene|regulatory|transcript	73
chr20	3697342	3697415	ENSG00000088827.14	gene|regulatory|transcript	73
chr20	45946384	45946456	ENSG00000100982.12	gene|regulatory|transcript	72
chr20	5991861	5991933	ENSG00000125885.13|ENSG00000278719.1|ENSG00000286235.1	gene|regulatory|transcript	72
chr20	49115867	49115939	ENSG00000124214.21	gene|regulatory|transcript	72
chr20	32228595	32228667	ENSG00000101346.15	gene|regulatory|transcript	72
chr20	44644158	44644230	ENSG00000196839.14	gene|regulatory|transcript	72
chr20	41262564	41262636	ENSG00000174306.22	gene|regulatory|transcript	72
chr20	45824406	45824478	ENSG00000101470.10	gene|regulatory|transcript	72
chr20	32079877	32079949	ENSG00000101336.18	gene|regulatory|transcript	72
chr20	63433540	63433612	ENSG00000075043.21	gene|regulatory|transcript	72
chr20	24598565	24598637	ENSG00000101463.6	gene|regulatory|transcript	72
chr20	8018188	8018260	ENSG00000125827.9	gene|regulatory|transcript	72
chr20	61912758	61912830	ENSG00000179242.16	gene|regulatory|transcript	72
chr20	58850457	58850529	ENSG00000087460.29|ENSG00000235590.9	gene|regulatory|transcript	72
chr20	37256321	37256393	ENSG00000118702.11	gene|regulatory|transcript	72
chr20	64134115	64134187	ENSG00000196132.14	gene|regulatory|transcript	72
chr20	47134223	47134295	ENSG00000064655.19	gene|regulatory|transcript	72
chr20	63815919	63815991	ENSG00000130584.12|ENSG00000231208.4	gene|regulatory|transcript	72
chr20	31760907	31760979	ENSG00000088325.16	gene|regulatory|transcript	72
chr20	33995876	33995948	ENSG00000125970.12	gene|regulatory|transcript	72
chr20	25361325	25361397	ENSG00000100997.20	gene|regulatory|transcript	72
chr20	43537126	43537198	ENSG00000185513.18|ENSG00000288000.1	gene|regulatory|transcript	72
chr20	44766073	44766145	ENSG00000101098.13	gene|regulatory|transcript	72
chr20	46619765	46619837	ENSG00000158296.14	gene|regulatory|transcript	72
chr20	35173798	35173870	ENSG00000101000.6	gene|regulatory|transcript	72
chr20	5000280	5000352	ENSG00000089057.15	gene|regulatory|transcript	72
chr20	38258934	38259006	ENSG00000149633.12	gene|regulatory|transcript	72
chr20	43557546	43557618	ENSG00000277611.1	gene|regulatory|transcript	72
chr20	62907502	62907574	ENSG00000101191.17	gene|regulatory|transcript	72
chr20	53463733	53463805	ENSG00000182463.17|ENSG00000259723.1|ENSG00000271774.1	gene|regulatory|transcript	72
chr20	25301378	25301450	ENSG00000100997.20	gene|regulatory|transcript	72
chr20	62310829	62310901	ENSG00000130702.15	gene|regulatory|transcript	72
chr20	41530192	41530264	ENSG00000124177.16	gene|regulatory|transcript	72
chr20	31862498	31862570	ENSG00000149599.16	gene|regulatory|transcript	72
chr20	33824879	33824951	ENSG00000101421.4	gene|regulatory|transcript	72
chr20	5001333	5001405	ENSG00000089057.15	gene|regulatory|transcript	72
chr20	35398678	35398750	ENSG00000101019.22	gene|regulatory|transcript	72
chr20	4987857	4987929	ENSG00000089057.15	gene|regulatory|transcript	72
chr20	25532851	25532923	ENSG00000101004.16	gene|regulatory|transcript	72
chr20	45344918	45344990	ENSG00000124145.6	gene|regulatory|transcript	72
chr20	41112499	41112571	ENSG00000198900.7|ENSG00000226648.2	gene|regulatory|transcript	72
chr20	54215453	54215525	ENSG00000101132.10	gene|regulatory|transcript	72
chr20	20139579	20139651	ENSG00000089101.19	gene|regulatory|transcript	72
chr20	25453642	25453714	ENSG00000101004.16	gene|regulatory|transcript	72
chr20	2637401	2637473	ENSG00000149488.14	gene|regulatory|transcript	72
chr20	15205743	15205815	ENSG00000172264.19	gene|regulatory|transcript	72
chr20	53075477	53075549	ENSG00000182463.17	gene|regulatory|transcript	72
chr20	32664824	32664896	ENSG00000198547.10|ENSG00000285382.1	gene|regulatory|transcript	72
chr20	49693203	49693275	ENSG00000158470.5	gene|regulatory|transcript	72
chr20	32717760	32717831	ENSG00000149600.12|ENSG00000285382.1	gene|regulatory|transcript	71
chr20	44172409	44172480	ENSG00000149596.7	gene|regulatory|transcript	71
chr20	672317	672388	ENSG00000215397.4|ENSG00000270299.1	gene|regulatory|transcript	71
chr20	38165821	38165892	ENSG00000198959.12	gene|regulatory|transcript	71
chr20	54540397	54540468	ENSG00000101134.12	gene|regulatory|transcript	71
chr20	14992956	14993027	ENSG00000172264.19	gene|regulatory|transcript	71
chr20	31644696	31644767	ENSG00000131055.5	gene|regulatory|transcript	71
chr20	34391052	34391123	ENSG00000078747.17|ENSG00000289720.1	gene|regulatory|transcript	71
chr20	50085241	50085312	ENSG00000124208.16|ENSG00000244687.13	gene|regulatory|transcript	71
chr20	2211057	2211128	ENSG00000226644.5|ENSG00000286022.1	gene|regulatory|transcript	71
chr20	47326959	47327030	ENSG00000101040.20	gene|regulatory|transcript	71
chr20	37821911	37821982	ENSG00000132792.21	gene|regulatory|transcript	71
chr20	44910336	44910407	ENSG00000101104.13	gene|regulatory|transcript	71
chr20	1465095	1465166	ENSG00000088833.18	gene|regulatory|transcript	71
chr20	56469941	56470012	ENSG00000022277.13	gene|regulatory|transcript	71
chr20	14521912	14521983	ENSG00000172264.19	gene|regulatory|transcript	71
chr20	53949226	53949297	ENSG00000064787.14	gene|regulatory|transcript	71
chr20	9344888	9344959	ENSG00000101333.19	gene|regulatory|transcript	71
chr20	47134095	47134166	ENSG00000064655.19	gene|regulatory|transcript	71
chr20	37350332	37350403	ENSG00000197122.13	gene|regulatory|transcript	71
chr20	64120138	64120209	ENSG00000196132.14	gene|regulatory|transcript	71
chr20	34955655	34955726	ENSG00000100983.12	gene|regulatory|transcript	71
chr20	41309212	41309283	ENSG00000174306.22	gene|regulatory|transcript	71
chr20	8161524	8161595	ENSG00000182621.19	gene|regulatory|transcript	71
chr20	43978188	43978259	ENSG00000124191.18	gene|regulatory|transcript	71
chr20	10467190	10467261	ENSG00000149346.15	gene|regulatory|transcript	71
chr20	57398353	57398424	ENSG00000132819.17	gene|regulatory|transcript	71
chr20	61575942	61576013	ENSG00000179242.16	gene|regulatory|transcript	71
chr20	8231150	8231221	ENSG00000182621.19	gene|regulatory|transcript	71
chr20	62350916	62350987	ENSG00000130702.15	gene|regulatory|transcript	71
chr20	36862586	36862657	ENSG00000149639.15	gene|regulatory|transcript	71
chr20	13717968	13718039	ENSG00000089048.15	gene|regulatory|transcript	71
chr20	34916041	34916112	ENSG00000131069.20	gene|regulatory|transcript	71
chr20	61520240	61520311	ENSG00000179242.16	gene|regulatory|transcript	71
chr20	62666724	62666795	ENSG00000101187.16	gene|regulatory|transcript	71
chr20	33748368	33748439	ENSG00000131061.15	gene|regulatory|transcript	71
chr20	58495486	58495557	ENSG00000198768.11	gene|regulatory|transcript	71
chr20	5981144	5981215	ENSG00000125885.13|ENSG00000286235.1	gene|regulatory|transcript	71
chr20	13996443	13996514	ENSG00000172264.19	gene|regulatory|transcript	71
chr20	49876237	49876308	ENSG00000197818.12	gene|regulatory|transcript	71
chr20	45515402	45515473	ENSG00000101446.8	gene|regulatory|transcript	71
chr20	2578737	2578807	ENSG00000149488.14	gene|regulatory|transcript	70
chr20	62892962	62893032	ENSG00000101191.17	gene|regulatory|transcript	70
chr20	14304338	14304408	ENSG00000172264.19	gene|regulatory|transcript	70
chr20	46933277	46933347	ENSG00000064655.19	gene|regulatory|transcript	70
chr20	51639272	51639342	ENSG00000054793.14	gene|regulatory|transcript	70
chr20	36855368	36855438	ENSG00000149639.15	gene|regulatory|transcript	70
chr20	34926390	34926460	ENSG00000131069.20	gene|regulatory|transcript	70
chr20	59724555	59724625	ENSG00000087495.17	gene|regulatory|transcript	70
chr20	8408972	8409042	ENSG00000182621.19	gene|regulatory|transcript	70
chr20	25037255	25037325	ENSG00000154930.15	gene|regulatory|transcript	70
chr20	53366775	53366845	ENSG00000182463.17|ENSG00000271774.1	gene|regulatory|transcript	70
chr20	46056272	46056342	ENSG00000124140.15	gene|regulatory|transcript	70
chr20	10568054	10568124	ENSG00000149346.15	gene|regulatory|transcript	70
chr20	62183057	62183127	ENSG00000101181.18	gene|regulatory|transcript	70
chr20	32539273	32539343	ENSG00000197183.15	gene|regulatory|transcript	70
chr20	35305018	35305088	ENSG00000101019.22	gene|regulatory|transcript	70
chr20	9517368	9517438	ENSG00000125869.10	gene|regulatory|transcript	70
chr20	5090464	5090534	ENSG00000089063.15	gene|regulatory|transcript	70
chr20	45867846	45867916	ENSG00000132801.7	gene|regulatory|transcript	70
chr20	34979319	34979389	ENSG00000078814.19	gene|regulatory|transcript	70
chr20	3316652	3316722	ENSG00000088854.13	gene|regulatory|transcript	70
chr20	32228455	32228525	ENSG00000101346.15	gene|regulatory|transcript	70
chr20	32452437	32452507	ENSG00000197183.15|ENSG00000236772.1	gene|regulatory|transcript	70
chr20	47677830	47677900	ENSG00000196562.16	gene|regulatory|transcript	70
chr20	9616135	9616205	ENSG00000101349.17	gene|regulatory|transcript	70
chr20	48690876	48690946	ENSG00000124126.14	gene|regulatory|transcript	70
chr20	44638019	44638089	ENSG00000196839.14	gene|regulatory|transcript	70
chr20	46959673	46959743	ENSG00000064655.19	gene|regulatory|transcript	70
chr20	57397831	57397901	ENSG00000132819.17	gene|regulatory|transcript	70
chr20	61912948	61913018	ENSG00000179242.16	gene|regulatory|transcript	70
chr20	35630304	35630374	ENSG00000214078.13	gene|regulatory|transcript	70
chr20	51688993	51689063	ENSG00000054793.14	gene|regulatory|transcript	70
chr20	63281347	63281417	ENSG00000101199.13	gene|regulatory|transcript	70
chr20	44603478	44603548	ENSG00000168734.14|ENSG00000196839.14	gene|regulatory|transcript	70
chr20	56430106	56430176	ENSG00000087589.17	gene|regulatory|transcript	70
chr20	34241489	34241559	ENSG00000101440.10|ENSG00000250917.1	gene|regulatory|transcript	70
chr20	18428486	18428556	ENSG00000089091.17	gene|regulatory|transcript	70
chr20	37713143	37713213	ENSG00000132792.21	gene|regulatory|transcript	70
chr20	3749318	3749388	ENSG00000132622.11	gene|regulatory|transcript	70
chr20	2255711	2255781	ENSG00000286022.1	gene|regulatory|transcript	70
chr20	25354383	25354453	ENSG00000100997.20	gene|regulatory|transcript	70
chr20	19704785	19704855	ENSG00000185052.13	gene|regulatory|transcript	70
chr20	45971139	45971209	ENSG00000198026.8	gene|regulatory|transcript	70
chr20	15986801	15986871	ENSG00000172264.19	gene|regulatory|transcript	70
chr20	14801639	14801709	ENSG00000172264.19	gene|regulatory|transcript	70
chr20	34015159	34015229	ENSG00000125970.12|ENSG00000228386.2	gene|regulatory|transcript	70
chr20	49642584	49642654	ENSG00000158470.5	gene|regulatory|transcript	70
chr20	37865563	37865633	ENSG00000132792.21	gene|regulatory|transcript	70
chr20	25321458	25321528	ENSG00000100997.20	gene|regulatory|transcript	70
chr20	38228539	38228608	ENSG00000149633.12	gene|regulatory|transcript	69
chr20	20558738	20558807	ENSG00000188559.16	gene|regulatory|transcript	69
chr20	3679422	3679491	ENSG00000149451.19	gene|regulatory|transcript	69
chr20	61496794	61496863	ENSG00000179242.16	gene|regulatory|transcript	69
chr20	64189993	64190062	ENSG00000196132.14	gene|regulatory|transcript	69
chr20	49660976	49661045	ENSG00000158470.5	gene|regulatory|transcript	69
chr20	48820846	48820915	ENSG00000124126.14	gene|regulatory|transcript	69
chr20	53961694	53961763	ENSG00000064787.14	gene|regulatory|transcript	69
chr20	36594837	36594906	ENSG00000259399.1	gene|regulatory|transcript	69
chr20	9262903	9262972	ENSG00000101333.19	gene|regulatory|transcript	69
chr20	53949135	53949204	ENSG00000064787.14	gene|regulatory|transcript	69
chr20	25526338	25526407	ENSG00000101004.16	gene|regulatory|transcript	69
chr20	62254621	62254690	ENSG00000130703.17	gene|regulatory|transcript	69
chr20	63775401	63775470	ENSG00000130584.12	gene|regulatory|transcript	69
chr20	37732629	37732698	ENSG00000132792.21	gene|regulatory|transcript	69
chr20	50850435	50850504	ENSG00000124243.19	gene|regulatory|transcript	69
chr20	44205134	44205203	ENSG00000132823.11	gene|regulatory|transcript	69
chr20	62003661	62003730	ENSG00000130699.20	gene|regulatory|transcript	69
chr20	45835400	45835469	ENSG00000124104.19	gene|regulatory|transcript	69
chr20	24950306	24950375	ENSG00000077984.6	gene|regulatory|transcript	69
chr20	64024693	64024762	ENSG00000101161.8	gene|regulatory|transcript	69
chr20	24645561	24645630	ENSG00000101463.6	gene|regulatory|transcript	69
chr20	7936434	7936503	ENSG00000101323.5	gene|regulatory|transcript	69
chr20	17594330	17594399	ENSG00000125868.16	gene|regulatory|transcript	69
chr20	10434038	10434107	ENSG00000125863.20|ENSG00000285508.2|ENSG00000285723.2	gene|regulatory|transcript	69
chr20	3380342	3380411	ENSG00000088854.13	gene|regulatory|transcript	69
chr20	44566061	44566130	ENSG00000168734.14	gene|regulatory|transcript	69
chr20	5183807	5183876	ENSG00000101290.14	gene|regulatory|transcript	69
chr20	19974584	19974653	ENSG00000132669.14	gene|regulatory|transcript	69
chr20	5570077	5570146	ENSG00000125772.14	gene|regulatory|transcript	69
chr20	38239725	38239794	ENSG00000149633.12	gene|regulatory|transcript	69
chr20	508660	508729	ENSG00000101266.19	gene|regulatory|transcript	69
chr20	38219768	38219837	ENSG00000149633.12	gene|regulatory|transcript	69
chr20	3738566	3738635	ENSG00000132622.11	gene|regulatory|transcript	69
chr20	50930683	50930752	ENSG00000101126.18	gene|regulatory|transcript	69
chr20	50619460	50619529	ENSG00000042062.13	gene|regulatory|transcript	69
chr20	8364770	8364839	ENSG00000182621.19	gene|regulatory|transcript	69
chr20	59743616	59743685	ENSG00000087495.17	gene|regulatory|transcript	69
chr20	45796573	45796642	ENSG00000101457.13	gene|regulatory|transcript	69
chr20	25031756	25031825	ENSG00000154930.15	gene|regulatory|transcript	69
chr20	36492129	36492198	ENSG00000080845.19	gene|regulatory|transcript	69
chr20	17605752	17605820	ENSG00000125868.16	gene|regulatory|transcript	68
chr20	57253020	57253088	ENSG00000101144.13	gene|regulatory|transcript	68
chr20	23412308	23412376	ENSG00000125814.17	gene|regulatory|transcript	68
chr20	884950	885018	ENSG00000101280.8	gene|regulatory|transcript	68
chr20	63412259	63412327	ENSG00000075043.21	gene|regulatory|transcript	68
chr20	34999906	34999974	ENSG00000078814.19	gene|regulatory|transcript	68
chr20	11892543	11892611	ENSG00000132640.15	gene|regulatory|transcript	68
chr20	842824	842892	ENSG00000125898.13	gene|regulatory|transcript	68
chr20	36745976	36746044	ENSG00000101079.21	gene|regulatory|transcript	68
chr20	9161323	9161391	ENSG00000101333.19	gene|regulatory|transcript	68
chr20	34459766	34459834	ENSG00000078747.17|ENSG00000289720.1	gene|regulatory|transcript	68
chr20	58693050	58693118	ENSG00000215440.12|ENSG00000254995.4	gene|regulatory|transcript	68
chr20	58330697	58330765	ENSG00000124209.4	gene|regulatory|transcript	68
chr20	4819363	4819431	ENSG00000101265.16	gene|regulatory|transcript	68
chr20	10642294	10642362	ENSG00000101384.12	gene|regulatory|transcript	68
chr20	41157136	41157204	ENSG00000124181.15	gene|regulatory|transcript	68
chr20	3679571	3679639	ENSG00000149451.19	gene|regulatory|transcript	68
chr20	31784515	31784583	ENSG00000088325.16	gene|regulatory|transcript	68
chr20	41509596	41509664	ENSG00000124177.16	gene|regulatory|transcript	68
chr20	57493586	57493654	ENSG00000124097.8	gene|regulatory|transcript	68
chr20	47740759	47740827	ENSG00000196562.16	gene|regulatory|transcript	68
chr20	17544985	17545053	ENSG00000125864.14	gene|regulatory|transcript	68
chr20	43681126	43681194	ENSG00000101057.16	gene|regulatory|transcript	68
chr20	51536240	51536308	ENSG00000101096.20	gene|regulatory|transcript	68
chr20	36128238	36128306	ENSG00000088367.23	gene|regulatory|transcript	68
chr20	49854817	49854885	ENSG00000197818.12	gene|regulatory|transcript	68
chr20	62652848	62652916	ENSG00000101187.16	gene|regulatory|transcript	68
chr20	25078952	25079020	ENSG00000100987.15	gene|regulatory|transcript	68
chr20	25055295	25055363	ENSG00000154930.15	gene|regulatory|transcript	68
chr20	53948598	53948666	ENSG00000064787.14	gene|regulatory|transcript	68
chr20	56419397	56419465	ENSG00000087589.17	gene|regulatory|transcript	68
chr20	15045651	15045719	ENSG00000172264.19	gene|regulatory|transcript	68
chr20	61369810	61369878	ENSG00000179242.16	gene|regulatory|transcript	68
chr20	25622598	25622666	ENSG00000170191.5	gene|regulatory|transcript	68
chr20	62303781	62303849	ENSG00000130706.13	gene|regulatory|transcript	68
chr20	48748009	48748077	ENSG00000124126.14	gene|regulatory|transcript	68
chr20	2387421	2387489	ENSG00000166948.10	gene|regulatory|transcript	68
chr20	2470018	2470086	ENSG00000125835.20|ENSG00000256566.1	gene|regulatory|transcript	68
chr20	18144562	18144630	ENSG00000149474.15	gene|regulatory|transcript	68
chr20	36796354	36796422	ENSG00000149639.15	gene|regulatory|transcript	68
chr20	51617421	51617489	ENSG00000054793.14	gene|regulatory|transcript	68
chr20	64010062	64010130	ENSG00000101161.8	gene|regulatory|transcript	68
chr20	50150219	50150287	ENSG00000124208.16|ENSG00000240849.11	gene|regulatory|transcript	68
chr20	46973911	46973979	ENSG00000064655.19	gene|regulatory|transcript	68
chr20	63422786	63422854	ENSG00000075043.21|ENSG00000280936.1	gene|regulatory|transcript	68
chr20	41366373	41366441	ENSG00000183798.5	gene|regulatory|transcript	68
chr20	34945832	34945900	ENSG00000100983.12	gene|regulatory|transcript	68
chr20	35463631	35463699	ENSG00000126001.17	gene|regulatory|transcript	68
chr20	58437632	58437700	ENSG00000124164.16	gene|regulatory|transcript	68
chr20	38001407	38001475	ENSG00000101407.13	gene|regulatory|transcript	68
chr20	50625460	50625528	ENSG00000042062.13	gene|regulatory|transcript	68
chr20	63471110	63471178	ENSG00000075043.21	gene|regulatory|transcript	68
chr20	33440832	33440900	ENSG00000101400.6	gene|regulatory|transcript	68
chr20	34956704	34956772	ENSG00000078814.19	gene|regulatory|transcript	68
chr20	33419583	33419651	ENSG00000101400.6	gene|regulatory|transcript	68
chr20	24955378	24955446	ENSG00000077984.6	gene|regulatory|transcript	68
chr20	33681337	33681405	ENSG00000101412.13	gene|regulatory|transcript	68
chr20	25041275	25041343	ENSG00000154930.15	gene|regulatory|transcript	68
chr20	15487213	15487280	ENSG00000172264.19	gene|regulatory|transcript	67
chr20	52192478	52192545	ENSG00000020256.20|ENSG00000234948.2	gene|regulatory|transcript	67
chr20	54168224	54168291	ENSG00000019186.10	gene|regulatory|transcript	67
chr20	31573999	31574066	ENSG00000101294.19	gene|regulatory|transcript	67
chr20	35881942	35882009	ENSG00000025293.17	gene|regulatory|transcript	67
chr20	37814525	37814592	ENSG00000132792.21	gene|regulatory|transcript	67
chr20	37821330	37821397	ENSG00000132792.21	gene|regulatory|transcript	67
chr20	25318340	25318407	ENSG00000100997.20	gene|regulatory|transcript	67
chr20	36644672	36644739	ENSG00000101082.14	gene|regulatory|transcript	67
chr20	49887376	49887443	ENSG00000197818.12	gene|regulatory|transcript	67
chr20	3754158	3754225	ENSG00000101220.18	gene|regulatory|transcript	67
chr20	56448158	56448225	ENSG00000087589.17	gene|regulatory|transcript	67
chr20	34110283	34110350	ENSG00000125977.7	gene|regulatory|transcript	67
chr20	44993994	44994061	ENSG00000101109.13	gene|regulatory|transcript	67
chr20	57200967	57201034	ENSG00000101144.13	gene|regulatory|transcript	67
chr20	38153175	38153242	ENSG00000198959.12	gene|regulatory|transcript	67
chr20	49382198	49382265	ENSG00000158445.10|ENSG00000290421.1	gene|regulatory|transcript	67
chr20	20582045	20582112	ENSG00000188559.16	gene|regulatory|transcript	67
chr20	46009064	46009131	ENSG00000100985.7	gene|regulatory|transcript	67
chr20	41618056	41618123	ENSG00000124177.16	gene|regulatory|transcript	67
chr20	41214457	41214524	ENSG00000174306.22	gene|regulatory|transcript	67
chr20	44616982	44617049	ENSG00000168734.14|ENSG00000196839.14	gene|regulatory|transcript	67
chr20	8449406	8449473	ENSG00000182621.19	gene|regulatory|transcript	67
chr20	1248071	1248138	ENSG00000244588.6	gene|regulatory|transcript	67
chr20	25023092	25023159	ENSG00000154930.15	gene|regulatory|transcript	67
chr20	50635809	50635876	ENSG00000042062.13	gene|regulatory|transcript	67
chr20	4012063	4012130	ENSG00000101236.17	gene|regulatory|transcript	67
chr20	63940306	63940373	ENSG00000198276.16	gene|regulatory|transcript	67
chr20	17722237	17722304	ENSG00000125888.15	gene|regulatory|transcript	67
chr20	49346699	49346766	ENSG00000158445.10|ENSG00000290421.1	gene|regulatory|transcript	67
chr20	17647106	17647173	ENSG00000125844.17	gene|regulatory|transcript	67
chr20	51610165	51610232	ENSG00000054793.14	gene|regulatory|transcript	67
chr20	61659049	61659116	ENSG00000179242.16	gene|regulatory|transcript	67
chr20	58872479	58872546	ENSG00000087460.29|ENSG00000225806.8	gene|regulatory|transcript	67
chr20	38126321	38126388	ENSG00000101413.12	gene|regulatory|transcript	67
chr20	46963719	46963786	ENSG00000064655.19	gene|regulatory|transcript	67
chr20	44598548	44598615	ENSG00000168734.14|ENSG00000196839.14	gene|regulatory|transcript	67
chr20	51665752	51665819	ENSG00000054793.14	gene|regulatory|transcript	67
chr20	48680966	48681033	ENSG00000124126.14	gene|regulatory|transcript	67
chr20	10491037	10491104	ENSG00000149346.15	gene|regulatory|transcript	67
chr20	49642364	49642431	ENSG00000158470.5	gene|regulatory|transcript	67
chr20	841965	842032	ENSG00000125898.13	gene|regulatory|transcript	67
chr20	53138505	53138572	ENSG00000182463.17|ENSG00000286865.1	gene|regulatory|transcript	67
chr20	37315720	37315787	ENSG00000101363.13	gene|regulatory|transcript	67
chr20	36146217	36146284	ENSG00000088367.23	gene|regulatory|transcript	67
chr20	44208874	44208941	ENSG00000132823.11	gene|regulatory|transcript	67
chr20	44477252	44477318	ENSG00000124120.11	gene|regulatory|transcript	66
chr20	22583154	22583220	ENSG00000125798.15	gene|regulatory|transcript	66
chr20	10524815	10524881	ENSG00000149346.15	gene|regulatory|transcript	66
chr20	37168054	37168120	ENSG00000101353.16	gene|regulatory|transcript	66
chr20	36173530	36173596	ENSG00000088367.23	gene|regulatory|transcript	66
chr20	34952958	34953024	ENSG00000100983.12	gene|regulatory|transcript	66
chr20	3152132	3152198	ENSG00000185019.17|ENSG00000215251.5	gene|regulatory|transcript	66
chr20	36243913	36243979	ENSG00000131043.13	gene|regulatory|transcript	66
chr20	63463864	63463930	ENSG00000075043.21	gene|regulatory|transcript	66
chr20	50629642	50629708	ENSG00000042062.13	gene|regulatory|transcript	66
chr20	57247431	57247497	ENSG00000101144.13	gene|regulatory|transcript	66
chr20	57246463	57246529	ENSG00000101144.13	gene|regulatory|transcript	66
chr20	16555435	16555501	ENSG00000089177.20	gene|regulatory|transcript	66
chr20	45950386	45950452	ENSG00000198026.8	gene|regulatory|transcript	66
chr20	49882805	49882871	ENSG00000197818.12	gene|regulatory|transcript	66
chr20	35891028	35891094	ENSG00000025293.17	gene|regulatory|transcript	66
chr20	3800676	3800742	ENSG00000101224.18	gene|regulatory|transcript	66
chr20	63626852	63626918	ENSG00000101216.11	gene|regulatory|transcript	66
chr20	8811941	8812007	ENSG00000182621.19	gene|regulatory|transcript	66
chr20	20232926	20232992	ENSG00000089101.19	gene|regulatory|transcript	66
chr20	36717715	36717781	ENSG00000101079.21	gene|regulatory|transcript	66
chr20	34703474	34703540	ENSG00000198646.14	gene|regulatory|transcript	66
chr20	46383349	46383415	ENSG00000062598.18|ENSG00000273828.2	gene|regulatory|transcript	66
chr20	33490301	33490367	ENSG00000078699.22	gene|regulatory|transcript	66
chr20	36813798	36813864	ENSG00000149639.15	gene|regulatory|transcript	66
chr20	49864844	49864910	ENSG00000197818.12	gene|regulatory|transcript	66
chr20	36833159	36833225	ENSG00000149639.15	gene|regulatory|transcript	66
chr20	38253785	38253851	ENSG00000149633.12	gene|regulatory|transcript	66
chr20	43509708	43509774	ENSG00000185513.18|ENSG00000288000.1	gene|regulatory|transcript	66
chr20	33710211	33710277	ENSG00000101417.12	gene|regulatory|transcript	66
chr20	14708466	14708532	ENSG00000172264.19	gene|regulatory|transcript	66
chr20	47327744	47327810	ENSG00000101040.20	gene|regulatory|transcript	66
chr20	38985395	38985461	ENSG00000101452.15	gene|regulatory|transcript	66
chr20	38884316	38884382	ENSG00000101445.10	gene|regulatory|transcript	66
chr20	53323497	53323563	ENSG00000182463.17|ENSG00000271774.1	gene|regulatory|transcript	66
chr20	37349075	37349141	ENSG00000197122.13	gene|regulatory|transcript	66
chr20	35698590	35698656	ENSG00000244005.13	gene|regulatory|transcript	66
chr20	18744271	18744337	ENSG00000125821.13	gene|regulatory|transcript	66
chr20	64066538	64066604	ENSG00000171703.17	gene|regulatory|transcript	66
chr20	34085638	34085704	ENSG00000125970.12	gene|regulatory|transcript	66
chr20	36606065	36606131	ENSG00000101084.19|ENSG00000259399.1	gene|regulatory|transcript	66
chr20	63739103	63739169	ENSG00000273047.1	gene|regulatory|transcript	66
chr20	38162304	38162370	ENSG00000198959.12	gene|regulatory|transcript	66
chr20	9079563	9079629	ENSG00000101333.19	gene|regulatory|transcript	66
chr20	47300175	47300241	ENSG00000101040.20	gene|regulatory|transcript	66
chr20	3778319	3778385	ENSG00000101222.12	gene|regulatory|transcript	66
chr20	25294344	25294410	ENSG00000100994.12	gene|regulatory|transcript	66
chr20	16428388	16428454	ENSG00000089177.20	gene|regulatory|transcript	66
chr20	23630050	23630115	ENSG00000101439.9	gene|regulatory|transcript	65
chr20	45867669	45867734	ENSG00000132801.7	gene|regulatory|transcript	65
chr20	49230681	49230746	ENSG00000124228.15	gene|regulatory|transcript	65
chr20	23391839	23391904	ENSG00000125814.17	gene|regulatory|transcript	65
chr20	34978978	34979043	ENSG00000078814.19	gene|regulatory|transcript	65
chr20	52082640	52082705	ENSG00000020256.20|ENSG00000287511.1	gene|regulatory|transcript	65
chr20	48990728	48990793	ENSG00000124198.10	gene|regulatory|transcript	65
chr20	8190758	8190823	ENSG00000182621.19	gene|regulatory|transcript	65
chr20	10522060	10522125	ENSG00000149346.15	gene|regulatory|transcript	65
chr20	38809632	38809697	ENSG00000101445.10	gene|regulatory|transcript	65
chr20	19765318	19765383	ENSG00000132669.14	gene|regulatory|transcript	65
chr20	14698191	14698256	ENSG00000172264.19	gene|regulatory|transcript	65
chr20	43513410	43513475	ENSG00000185513.18|ENSG00000288000.1	gene|regulatory|transcript	65
chr20	51457600	51457665	ENSG00000101096.20	gene|regulatory|transcript	65
chr20	43538034	43538099	ENSG00000185513.18|ENSG00000288000.1	gene|regulatory|transcript	65
chr20	31556621	31556686	ENSG00000101294.19	gene|regulatory|transcript	65
chr20	33003147	33003212	ENSG00000167098.12	gene|regulatory|transcript	65
chr20	53159501	53159566	ENSG00000182463.17	gene|regulatory|transcript	65
chr20	35411874	35411939	ENSG00000101019.22	gene|regulatory|transcript	65
chr20	41039007	41039072	ENSG00000198900.7	gene|regulatory|transcript	65
chr20	53391596	53391661	ENSG00000182463.17|ENSG00000271774.1	gene|regulatory|transcript	65
chr20	35327528	35327593	ENSG00000101019.22	gene|regulatory|transcript	65
chr20	37350477	37350542	ENSG00000197122.13	gene|regulatory|transcript	65
chr20	43946038	43946103	ENSG00000124191.18	gene|regulatory|transcript	65
chr20	1566993	1567058	ENSG00000101307.16|ENSG00000260861.6	gene|regulatory|transcript	65
chr20	36587555	36587620	ENSG00000118707.11|ENSG00000259399.1	gene|regulatory|transcript	65
chr20	31541784	31541849	ENSG00000101294.19	gene|regulatory|transcript	65
chr20	31672083	31672148	ENSG00000171552.14	gene|regulatory|transcript	65
chr20	59041885	59041950	ENSG00000101166.16	gene|regulatory|transcript	65
chr20	35307763	35307828	ENSG00000101019.22	gene|regulatory|transcript	65
chr20	15257449	15257514	ENSG00000172264.19	gene|regulatory|transcript	65
chr20	48950083	48950148	ENSG00000124198.10	gene|regulatory|transcript	65
chr20	34745523	34745588	ENSG00000198646.14|ENSG00000286803.1	gene|regulatory|transcript	65
chr20	5602325	5602390	ENSG00000125772.14	gene|regulatory|transcript	65
chr20	47016297	47016362	ENSG00000064655.19	gene|regulatory|transcript	65
chr20	59634660	59634725	ENSG00000087495.17	gene|regulatory|transcript	65
chr20	45943864	45943929	ENSG00000100982.12	gene|regulatory|transcript	65
chr20	36455071	36455136	ENSG00000080845.19	gene|regulatory|transcript	65
chr20	25196088	25196153	ENSG00000197586.13	gene|regulatory|transcript	65
chr20	25220840	25220905	ENSG00000197586.13	gene|regulatory|transcript	65
chr20	21709156	21709221	ENSG00000125813.15	gene|regulatory|transcript	65
chr20	19565754	19565819	ENSG00000185052.13	gene|regulatory|transcript	65
chr20	3779130	3779195	ENSG00000101222.12	gene|regulatory|transcript	65
chr20	15438620	15438685	ENSG00000172264.19	gene|regulatory|transcript	65
chr20	62041295	62041360	ENSG00000130699.20	gene|regulatory|transcript	65
chr20	33061702	33061767	ENSG00000186190.8	gene|regulatory|transcript	65
chr20	51696027	51696092	ENSG00000054793.14	gene|regulatory|transcript	65
chr20	57690925	57690990	ENSG00000124225.16	gene|regulatory|transcript	65
chr20	45969385	45969450	ENSG00000198026.8	gene|regulatory|transcript	65
chr20	41532170	41532235	ENSG00000124177.16	gene|regulatory|transcript	65
chr20	48793597	48793662	ENSG00000124126.14	gene|regulatory|transcript	65
chr20	16508734	16508799	ENSG00000089177.20	gene|regulatory|transcript	65
chr20	62305286	62305351	ENSG00000130706.13	gene|regulatory|transcript	65
chr20	1934201	1934265	ENSG00000198053.12	gene|regulatory|transcript	64
chr20	14505514	14505578	ENSG00000172264.19	gene|regulatory|transcript	64
chr20	32364699	32364763	ENSG00000171456.22	gene|regulatory|transcript	64
chr20	17681815	17681879	ENSG00000125844.17	gene|regulatory|transcript	64
chr20	45856339	45856403	ENSG00000101473.17	gene|regulatory|transcript	64
chr20	45850872	45850936	ENSG00000101473.17	gene|regulatory|transcript	64
chr20	24533733	24533797	ENSG00000101463.6	gene|regulatory|transcript	64
chr20	47711165	47711229	ENSG00000196562.16	gene|regulatory|transcript	64
chr20	4953917	4953981	ENSG00000089057.15	gene|regulatory|transcript	64
chr20	53080153	53080217	ENSG00000182463.17	gene|regulatory|transcript	64
chr20	35774423	35774487	ENSG00000025293.17	gene|regulatory|transcript	64
chr20	24980443	24980507	ENSG00000101474.12	gene|regulatory|transcript	64
chr20	47087748	47087812	ENSG00000064655.19	gene|regulatory|transcript	64
chr20	32474112	32474176	ENSG00000197183.15	gene|regulatory|transcript	64
chr20	13159094	13159158	ENSG00000172296.13	gene|regulatory|transcript	64
chr20	24982541	24982605	ENSG00000101474.12	gene|regulatory|transcript	64
chr20	25015230	25015294	ENSG00000154930.15	gene|regulatory|transcript	64
chr20	24980214	24980278	ENSG00000101474.12	gene|regulatory|transcript	64
chr20	48994232	48994296	ENSG00000124198.10	gene|regulatory|transcript	64
chr20	3691600	3691664	ENSG00000088827.14	gene|regulatory|transcript	64
chr20	15252597	15252661	ENSG00000172264.19	gene|regulatory|transcript	64
chr20	45369382	45369446	ENSG00000204070.10|ENSG00000254806.5	gene|regulatory|transcript	64
chr20	63261715	63261779	ENSG00000101198.15	gene|regulatory|transcript	64
chr20	62303193	62303257	ENSG00000130706.13	gene|regulatory|transcript	64
chr20	48922010	48922074	ENSG00000124198.10	gene|regulatory|transcript	64
chr20	41185201	41185265	ENSG00000124181.15|ENSG00000174306.22	gene|regulatory|transcript	64
chr20	41604083	41604147	ENSG00000124177.16	gene|regulatory|transcript	64
chr20	14951304	14951368	ENSG00000172264.19	gene|regulatory|transcript	64
chr20	43012604	43012668	ENSG00000196090.14	gene|regulatory|transcript	64
chr20	2576384	2576448	ENSG00000149488.14	gene|regulatory|transcript	64
chr20	58223602	58223666	ENSG00000124227.6	gene|regulatory|transcript	64
chr20	407824	407888	ENSG00000125826.22	gene|regulatory|transcript	64
chr20	46564575	46564639	ENSG00000158296.14	gene|regulatory|transcript	64
chr20	35371631	35371695	ENSG00000101019.22	gene|regulatory|transcript	64
chr20	19880667	19880731	ENSG00000132669.14	gene|regulatory|transcript	64
chr20	46357334	46357398	ENSG00000080189.15	gene|regulatory|transcript	64
chr20	5072875	5072939	ENSG00000089063.15	gene|regulatory|transcript	64
chr20	9330416	9330480	ENSG00000101333.19	gene|regulatory|transcript	64
chr20	3209617	3209680	ENSG00000125877.13	gene|regulatory|transcript	63
chr20	34908100	34908163	ENSG00000131069.20	gene|regulatory|transcript	63
chr20	59747835	59747898	ENSG00000087495.17	gene|regulatory|transcript	63
chr20	45906204	45906267	ENSG00000100979.15	gene|regulatory|transcript	63
chr20	24533483	24533546	ENSG00000101463.6	gene|regulatory|transcript	63
chr20	49252830	49252893	ENSG00000124201.15	gene|regulatory|transcript	63
chr20	44419121	44419184	ENSG00000101076.20	gene|regulatory|transcript	63
chr20	17669603	17669666	ENSG00000125844.17	gene|regulatory|transcript	63
chr20	349454	349517	ENSG00000125841.13	gene|regulatory|transcript	63
chr20	50516281	50516344	ENSG00000196396.10	gene|regulatory|transcript	63
chr20	57505993	57506056	ENSG00000124092.13	gene|regulatory|transcript	63
chr20	36157235	36157298	ENSG00000088367.23	gene|regulatory|transcript	63
chr20	36642325	36642388	ENSG00000101082.14	gene|regulatory|transcript	63
chr20	63775192	63775255	ENSG00000130584.12	gene|regulatory|transcript	63
chr20	34240417	34240480	ENSG00000101440.10|ENSG00000250917.1	gene|regulatory|transcript	63
chr20	35865798	35865861	ENSG00000025293.17	gene|regulatory|transcript	63
chr20	58390395	58390458	ENSG00000124164.16	gene|regulatory|transcript	63
chr20	31543950	31544013	ENSG00000101294.19	gene|regulatory|transcript	63
chr20	47274918	47274981	ENSG00000101040.20	gene|regulatory|transcript	63
chr20	42577774	42577837	ENSG00000196090.14	gene|regulatory|transcript	63
chr20	8803087	8803150	ENSG00000182621.19	gene|regulatory|transcript	63
chr20	8646038	8646101	ENSG00000182621.19	gene|regulatory|transcript	63
chr20	56469110	56469173	ENSG00000022277.13	gene|regulatory|transcript	63
chr20	63566780	63566843	ENSG00000130589.16	gene|regulatory|transcript	63
chr20	20450715	20450778	ENSG00000188559.16	gene|regulatory|transcript	63
chr20	49408954	49409017	ENSG00000158445.10|ENSG00000290421.1	gene|regulatory|transcript	63
chr20	2755024	2755087	ENSG00000088881.22	gene|regulatory|transcript	63
chr20	14449489	14449552	ENSG00000172264.19	gene|regulatory|transcript	63
chr20	49508553	49508616	ENSG00000124212.6	gene|regulatory|transcript	63
chr20	4134965	4135028	ENSG00000088826.18	gene|regulatory|transcript	63
chr20	43591054	43591117	ENSG00000101052.13	gene|regulatory|transcript	63
chr20	18689522	18689585	ENSG00000125821.13|ENSG00000233993.1|ENSG00000284776.1	gene|regulatory|transcript	63
chr20	1326606	1326669	ENSG00000125775.15|ENSG00000234684.8|ENSG00000274322.1	gene|regulatory|transcript	63
chr20	35502326	35502389	ENSG00000126001.17	gene|regulatory|transcript	63
chr20	4222381	4222444	ENSG00000171873.8	gene|regulatory|transcript	63
chr20	32284950	32285013	ENSG00000101350.8	gene|regulatory|transcript	63
chr20	37347054	37347117	ENSG00000197122.13	gene|regulatory|transcript	63
chr20	48629123	48629186	ENSG00000124126.14	gene|regulatory|transcript	63
chr20	62027488	62027551	ENSG00000130699.20	gene|regulatory|transcript	63
chr20	47513747	47513810	ENSG00000124151.19	gene|regulatory|transcript	63
chr20	13037825	13037888	ENSG00000172296.13	gene|regulatory|transcript	63
chr20	37210165	37210228	ENSG00000118705.18	gene|regulatory|transcript	63
chr20	19771668	19771731	ENSG00000132669.14	gene|regulatory|transcript	63
chr20	10524658	10524721	ENSG00000149346.15	gene|regulatory|transcript	63
chr20	64219982	64220045	ENSG00000196132.14	gene|regulatory|transcript	63
chr20	32762699	32762761	ENSG00000088305.19	gene|regulatory|transcript	62
chr20	10523517	10523579	ENSG00000149346.15	gene|regulatory|transcript	62
chr20	10512958	10513020	ENSG00000149346.15	gene|regulatory|transcript	62
chr20	44135676	44135738	ENSG00000149596.7	gene|regulatory|transcript	62
chr20	33569837	33569899	ENSG00000078699.22	gene|regulatory|transcript	62
chr20	34405520	34405582	ENSG00000078747.17|ENSG00000289720.1	gene|regulatory|transcript	62
chr20	36682578	36682640	ENSG00000101079.21	gene|regulatory|transcript	62
chr20	45301039	45301101	ENSG00000124159.17	gene|regulatory|transcript	62
chr20	31674457	31674519	ENSG00000171552.14	gene|regulatory|transcript	62
chr20	45346788	45346850	ENSG00000124145.6	gene|regulatory|transcript	62
chr20	36699603	36699665	ENSG00000101079.21	gene|regulatory|transcript	62
chr20	42686085	42686147	ENSG00000196090.14|ENSG00000229042.2	gene|regulatory|transcript	62
chr20	14260379	14260441	ENSG00000172264.19	gene|regulatory|transcript	62
chr20	4905674	4905736	ENSG00000089057.15	gene|regulatory|transcript	62
chr20	49637442	49637504	ENSG00000158470.5	gene|regulatory|transcript	62
chr20	31862742	31862804	ENSG00000149599.16	gene|regulatory|transcript	62
chr20	1895221	1895283	ENSG00000198053.12	gene|regulatory|transcript	62
chr20	48684214	48684276	ENSG00000124126.14	gene|regulatory|transcript	62
chr20	35707057	35707119	ENSG00000131051.24	gene|regulatory|transcript	62
chr20	35698682	35698744	ENSG00000244005.13	gene|regulatory|transcript	62
chr20	20071004	20071066	ENSG00000089101.19	gene|regulatory|transcript	62
chr20	10643087	10643149	ENSG00000101384.12	gene|regulatory|transcript	62
chr20	44172260	44172322	ENSG00000149596.7	gene|regulatory|transcript	62
chr20	44167969	44168031	ENSG00000149596.7	gene|regulatory|transcript	62
chr20	46914846	46914908	ENSG00000064655.19	gene|regulatory|transcript	62
chr20	49346957	49347019	ENSG00000158445.10|ENSG00000290421.1	gene|regulatory|transcript	62
chr20	63249435	63249497	ENSG00000101198.15	gene|regulatory|transcript	62
chr20	63261615	63261677	ENSG00000101198.15	gene|regulatory|transcript	62
chr20	49508833	49508895	ENSG00000124212.6	gene|regulatory|transcript	62
chr20	18593668	18593730	ENSG00000125821.13|ENSG00000284776.1	gene|regulatory|transcript	62
chr20	34982055	34982117	ENSG00000078814.19	gene|regulatory|transcript	62
chr20	38033341	38033403	ENSG00000101407.13	gene|regulatory|transcript	62
chr20	37999125	37999187	ENSG00000101407.13	gene|regulatory|transcript	62
chr20	45405994	45406056	ENSG00000124251.11|ENSG00000254806.5	gene|regulatory|transcript	62
chr20	15922180	15922242	ENSG00000172264.19|ENSG00000286546.1	gene|regulatory|transcript	62
chr20	31565966	31566028	ENSG00000101294.19	gene|regulatory|transcript	62
chr20	17678562	17678624	ENSG00000125844.17	gene|regulatory|transcript	62
chr20	50521387	50521449	ENSG00000196396.10	gene|regulatory|transcript	62
chr20	63360169	63360231	ENSG00000101204.18|ENSG00000203900.2	gene|regulatory|transcript	62
chr20	49344765	49344827	ENSG00000158445.10|ENSG00000290421.1	gene|regulatory|transcript	62
chr20	35411427	35411489	ENSG00000101019.22	gene|regulatory|transcript	62
chr20	35269089	35269150	ENSG00000125966.10|ENSG00000126005.17|ENSG00000261582.1	gene|regulatory|transcript	61
chr20	59221885	59221946	ENSG00000124203.7	gene|regulatory|transcript	61
chr20	49435999	49436060	ENSG00000158445.10|ENSG00000290421.1	gene|regulatory|transcript	61
chr20	17966407	17966468	ENSG00000089006.17|ENSG00000125850.11	gene|regulatory|transcript	61
chr20	61892588	61892649	ENSG00000179242.16	gene|regulatory|transcript	61
chr20	44647067	44647128	ENSG00000196839.14	gene|regulatory|transcript	61
chr20	13515571	13515632	ENSG00000089123.16	gene|regulatory|transcript	61
chr20	62848080	62848141	ENSG00000101190.13	gene|regulatory|transcript	61
chr20	434301	434362	ENSG00000125875.15	gene|regulatory|transcript	61
chr20	47601399	47601460	ENSG00000124151.19	gene|regulatory|transcript	61
chr20	57605143	57605204	ENSG00000124256.15	gene|regulatory|transcript	61
chr20	32665005	32665066	ENSG00000198547.10|ENSG00000285382.1	gene|regulatory|transcript	61
chr20	41159544	41159605	ENSG00000124181.15	gene|regulatory|transcript	61
chr20	64256524	64256585	ENSG00000203880.13	gene|regulatory|transcript	61
chr20	35251843	35251904	ENSG00000125966.10|ENSG00000126005.17	gene|regulatory|transcript	61
chr20	42431014	42431075	ENSG00000196090.14	gene|regulatory|transcript	61
chr20	15807424	15807485	ENSG00000172264.19	gene|regulatory|transcript	61
chr20	45340037	45340098	ENSG00000124145.6	gene|regulatory|transcript	61
chr20	37725239	37725300	ENSG00000132792.21	gene|regulatory|transcript	61
chr20	34416464	34416525	ENSG00000078747.17|ENSG00000289720.1	gene|regulatory|transcript	61
chr20	19875619	19875680	ENSG00000132669.14	gene|regulatory|transcript	61
chr20	45294015	45294076	ENSG00000124159.17	gene|regulatory|transcript	61
chr20	36756785	36756846	ENSG00000149636.16	gene|regulatory|transcript	61
chr20	58423069	58423130	ENSG00000124164.16	gene|regulatory|transcript	61
chr20	53966844	53966905	ENSG00000064787.14	gene|regulatory|transcript	61
chr20	47317033	47317094	ENSG00000101040.20	gene|regulatory|transcript	61
chr20	46308193	46308254	ENSG00000149654.11	gene|regulatory|transcript	61
chr20	43460641	43460702	ENSG00000124193.16|ENSG00000288000.1	gene|regulatory|transcript	61
chr20	53594578	53594639	ENSG00000171940.14	gene|regulatory|transcript	61
chr20	51446570	51446631	ENSG00000101096.20	gene|regulatory|transcript	61
chr20	31794024	31794085	ENSG00000088325.16	gene|regulatory|transcript	61
chr20	14746625	14746686	ENSG00000172264.19	gene|regulatory|transcript	61
chr20	14406522	14406583	ENSG00000172264.19	gene|regulatory|transcript	61
chr20	36831962	36832023	ENSG00000149639.15	gene|regulatory|transcript	61
chr20	61417132	61417193	ENSG00000179242.16	gene|regulatory|transcript	61
chr20	33781387	33781448	ENSG00000131061.15	gene|regulatory|transcript	61
chr20	9344966	9345027	ENSG00000101333.19	gene|regulatory|transcript	61
chr20	32010745	32010806	ENSG00000101331.17|ENSG00000226239.2	gene|regulatory|transcript	61
chr20	48669941	48670002	ENSG00000124126.14	gene|regulatory|transcript	61
chr20	35617458	35617519	ENSG00000061656.11	gene|regulatory|transcript	61
chr20	49691531	49691592	ENSG00000158470.5	gene|regulatory|transcript	61
chr20	38818693	38818754	ENSG00000101445.10	gene|regulatory|transcript	61
chr20	48681904	48681965	ENSG00000124126.14	gene|regulatory|transcript	61
chr20	38061340	38061401	ENSG00000101413.12	gene|regulatory|transcript	61
chr20	50667717	50667778	ENSG00000042062.13	gene|regulatory|transcript	61
chr20	36460089	36460150	ENSG00000080845.19	gene|regulatory|transcript	61
chr20	8360373	8360434	ENSG00000182621.19	gene|regulatory|transcript	61
chr20	38126618	38126679	ENSG00000101413.12	gene|regulatory|transcript	61
chr20	62366887	62366948	ENSG00000130702.15	gene|regulatory|transcript	61
chr20	47146739	47146800	ENSG00000064655.19	gene|regulatory|transcript	61
chr20	45376812	45376873	ENSG00000124251.11|ENSG00000254806.5	gene|regulatory|transcript	61
chr20	45780739	45780800	ENSG00000124116.19	gene|regulatory|transcript	61
chr20	57683004	57683065	ENSG00000124225.16	gene|regulatory|transcript	61
chr20	38034098	38034159	ENSG00000101413.12	gene|regulatory|transcript	61
chr20	41408329	41408390	ENSG00000124177.16	gene|regulatory|transcript	61
chr20	34680490	34680551	ENSG00000101464.11	gene|regulatory|transcript	61
chr20	32493411	32493471	ENSG00000197183.15	gene|regulatory|transcript	60
chr20	53230289	53230349	ENSG00000182463.17	gene|regulatory|transcript	60
chr20	62003878	62003938	ENSG00000130699.20	gene|regulatory|transcript	60
chr20	44647458	44647518	ENSG00000196839.14	gene|regulatory|transcript	60
chr20	64012897	64012957	ENSG00000101161.8	gene|regulatory|transcript	60
chr20	33305787	33305847	ENSG00000125999.11	gene|regulatory|transcript	60
chr20	48653949	48654009	ENSG00000124126.14	gene|regulatory|transcript	60
chr20	32228789	32228849	ENSG00000101346.15	gene|regulatory|transcript	60
chr20	37116912	37116972	ENSG00000101353.16	gene|regulatory|transcript	60
chr20	31920316	31920376	ENSG00000131044.19	gene|regulatory|transcript	60
chr20	33678140	33678200	ENSG00000101412.13	gene|regulatory|transcript	60
chr20	35740887	35740947	ENSG00000131051.24	gene|regulatory|transcript	60
chr20	63977142	63977202	ENSG00000130590.14	gene|regulatory|transcript	60
chr20	15268047	15268107	ENSG00000172264.19	gene|regulatory|transcript	60
chr20	1911623	1911683	ENSG00000198053.12	gene|regulatory|transcript	60
chr20	43016426	43016486	ENSG00000196090.14	gene|regulatory|transcript	60
chr20	36802359	36802419	ENSG00000149639.15	gene|regulatory|transcript	60
chr20	37380023	37380083	ENSG00000197122.13	gene|regulatory|transcript	60
chr20	14934118	14934178	ENSG00000172264.19|ENSG00000237832.1	gene|regulatory|transcript	60
chr20	63651562	63651622	ENSG00000197457.10	gene|regulatory|transcript	60
chr20	2800340	2800400	ENSG00000088882.8	gene|regulatory|transcript	60
chr20	2664092	2664152	ENSG00000101365.21	gene|regulatory|transcript	60
chr20	36645462	36645522	ENSG00000101082.14	gene|regulatory|transcript	60
chr20	39027798	39027858	ENSG00000101452.15	gene|regulatory|transcript	60
chr20	34459609	34459669	ENSG00000078747.17|ENSG00000289720.1	gene|regulatory|transcript	60
chr20	45309692	45309752	ENSG00000124232.11	gene|regulatory|transcript	60
chr20	2610598	2610658	ENSG00000149488.14	gene|regulatory|transcript	60
chr20	5080839	5080899	ENSG00000089063.15	gene|regulatory|transcript	60
chr20	31705247	31705307	ENSG00000171552.14|ENSG00000236559.1	gene|regulatory|transcript	60
chr20	35328027	35328087	ENSG00000101019.22	gene|regulatory|transcript	60
chr20	35849483	35849543	ENSG00000025293.17	gene|regulatory|transcript	60
chr20	15977862	15977922	ENSG00000172264.19|ENSG00000286546.1	gene|regulatory|transcript	60
chr20	36594128	36594188	ENSG00000259399.1	gene|regulatory|transcript	60
chr20	57338375	57338435	ENSG00000054796.13	gene|regulatory|transcript	60
chr20	50659805	50659865	ENSG00000042062.13|ENSG00000234693.1	gene|regulatory|transcript	60
chr20	50562116	50562176	ENSG00000196396.10	gene|regulatory|transcript	60
chr20	34936882	34936942	ENSG00000100983.12	gene|regulatory|transcript	60
chr20	36391781	36391841	ENSG00000080845.19	gene|regulatory|transcript	60
chr20	36407651	36407711	ENSG00000080845.19	gene|regulatory|transcript	60
chr20	17530197	17530257	ENSG00000125864.14	gene|regulatory|transcript	60
chr20	35849328	35849388	ENSG00000025293.17	gene|regulatory|transcript	60
chr20	35278711	35278771	ENSG00000261582.1	gene|regulatory|transcript	60
chr20	49333819	49333879	ENSG00000158445.10|ENSG00000283529.2|ENSG00000290421.1	gene|regulatory|transcript	60
chr20	46015089	46015149	ENSG00000100985.7|ENSG00000204044.6	gene|regulatory|transcript	60
chr20	5946079	5946139	ENSG00000089195.15	gene|regulatory|transcript	60
chr20	50141112	50141172	ENSG00000124208.16|ENSG00000240849.11	gene|regulatory|transcript	60
chr20	38218183	38218243	ENSG00000149633.12	gene|regulatory|transcript	60
chr20	38165718	38165778	ENSG00000198959.12	gene|regulatory|transcript	60
chr20	50091343	50091403	ENSG00000124208.16|ENSG00000244687.13	gene|regulatory|transcript	60
chr20	3795894	3795954	ENSG00000101224.18	gene|regulatory|transcript	60
chr20	445964	446024	ENSG00000125875.15	gene|regulatory|transcript	60
chr20	46027117	46027176	ENSG00000124140.15	gene|regulatory|transcript	59
chr20	19997223	19997282	ENSG00000132669.14	gene|regulatory|transcript	59
chr20	13458921	13458980	ENSG00000089123.16	gene|regulatory|transcript	59
chr20	43948119	43948178	ENSG00000124191.18	gene|regulatory|transcript	59
chr20	11894370	11894429	ENSG00000132640.15	gene|regulatory|transcript	59
chr20	53154861	53154920	ENSG00000182463.17	gene|regulatory|transcript	59
chr20	32397828	32397887	ENSG00000171456.22	gene|regulatory|transcript	59
chr20	48660061	48660120	ENSG00000124126.14	gene|regulatory|transcript	59
chr20	9412499	9412558	ENSG00000101333.19	gene|regulatory|transcript	59
chr20	36857515	36857574	ENSG00000149639.15	gene|regulatory|transcript	59
chr20	53402839	53402898	ENSG00000182463.17|ENSG00000231703.2|ENSG00000271774.1	gene|regulatory|transcript	59
chr20	44644366	44644425	ENSG00000196839.14	gene|regulatory|transcript	59
chr20	51628920	51628979	ENSG00000054793.14	gene|regulatory|transcript	59
chr20	44633737	44633796	ENSG00000196839.14	gene|regulatory|transcript	59
chr20	10034816	10034875	ENSG00000132623.16|ENSG00000227906.10	gene|regulatory|transcript	59
chr20	9323708	9323767	ENSG00000101333.19	gene|regulatory|transcript	59
chr20	36847875	36847934	ENSG00000149639.15	gene|regulatory|transcript	59
chr20	58665383	58665442	ENSG00000124222.23|ENSG00000254995.4	gene|regulatory|transcript	59
chr20	57687242	57687301	ENSG00000124225.16	gene|regulatory|transcript	59
chr20	18508594	18508653	ENSG00000101310.17	gene|regulatory|transcript	59
chr20	34471715	34471774	ENSG00000078747.17|ENSG00000289720.1	gene|regulatory|transcript	59
chr20	19937732	19937791	ENSG00000132669.14	gene|regulatory|transcript	59
chr20	58899581	58899640	ENSG00000087460.29	gene|regulatory|transcript	59
chr20	63782107	63782166	ENSG00000130584.12	gene|regulatory|transcript	59
chr20	63897994	63898053	ENSG00000101152.12|ENSG00000290226.1	gene|regulatory|transcript	59
chr20	31759696	31759755	ENSG00000088325.16	gene|regulatory|transcript	59
chr20	54068610	54068669	ENSG00000064787.14	gene|regulatory|transcript	59
chr20	31706731	31706790	ENSG00000171552.14|ENSG00000236559.1	gene|regulatory|transcript	59
chr20	51434892	51434951	ENSG00000101096.20	gene|regulatory|transcript	59
chr20	34010862	34010921	ENSG00000125970.12	gene|regulatory|transcript	59
chr20	49699308	49699367	ENSG00000158470.5	gene|regulatory|transcript	59
chr20	62937334	62937393	ENSG00000101191.17	gene|regulatory|transcript	59
chr20	41058191	41058250	ENSG00000198900.7	gene|regulatory|transcript	59
chr20	3889932	3889991	ENSG00000125779.24	gene|regulatory|transcript	59
chr20	46206348	46206407	ENSG00000149654.11	gene|regulatory|transcript	59
chr20	32807702	32807761	ENSG00000088305.19	gene|regulatory|transcript	59
chr20	50153457	50153516	ENSG00000124208.16|ENSG00000240849.11	gene|regulatory|transcript	59
chr20	21709444	21709503	ENSG00000125813.15	gene|regulatory|transcript	59
chr20	17505197	17505256	ENSG00000125864.14	gene|regulatory|transcript	59
chr20	25320139	25320198	ENSG00000100997.20	gene|regulatory|transcript	59
chr20	5125806	5125865	ENSG00000132646.11	gene|regulatory|transcript	59
chr20	25364642	25364701	ENSG00000100997.20	gene|regulatory|transcript	59
chr20	15979432	15979491	ENSG00000172264.19|ENSG00000286546.1	gene|regulatory|transcript	59
chr20	46931181	46931240	ENSG00000064655.19	gene|regulatory|transcript	59
chr20	3787404	3787463	ENSG00000101224.18	gene|regulatory|transcript	59
chr20	35890911	35890970	ENSG00000025293.17	gene|regulatory|transcript	59
chr20	34559676	34559735	ENSG00000101460.13	gene|regulatory|transcript	59
chr20	34562709	34562768	ENSG00000101464.11	gene|regulatory|transcript	59
chr20	46228707	46228766	ENSG00000149654.11	gene|regulatory|transcript	59
chr20	33734228	33734286	ENSG00000131061.15	gene|regulatory|transcript	58
chr20	62123414	62123472	ENSG00000149657.20	gene|regulatory|transcript	58
chr20	53373477	53373535	ENSG00000182463.17|ENSG00000271774.1	gene|regulatory|transcript	58
chr20	51493336	51493394	ENSG00000101096.20	gene|regulatory|transcript	58
chr20	19774663	19774721	ENSG00000132669.14	gene|regulatory|transcript	58
chr20	11896065	11896123	ENSG00000132640.15	gene|regulatory|transcript	58
chr20	348528	348586	ENSG00000125841.13	gene|regulatory|transcript	58
chr20	64196825	64196883	ENSG00000196132.14	gene|regulatory|transcript	58
chr20	32583117	32583175	ENSG00000197183.15|ENSG00000228156.1	gene|regulatory|transcript	58
chr20	38805792	38805850	ENSG00000101445.10	gene|regulatory|transcript	58
chr20	19654003	19654061	ENSG00000185052.13	gene|regulatory|transcript	58
chr20	1265506	1265564	ENSG00000244588.6	gene|regulatory|transcript	58
chr20	32832965	32833023	ENSG00000101367.9	gene|regulatory|transcript	58
chr20	38515673	38515731	ENSG00000170471.15	gene|regulatory|transcript	58
chr20	36642197	36642255	ENSG00000101082.14	gene|regulatory|transcript	58
chr20	35451833	35451891	ENSG00000125965.9	gene|regulatory|transcript	58
chr20	58901903	58901961	ENSG00000087460.29	gene|regulatory|transcript	58
chr20	49852049	49852107	ENSG00000197818.12	gene|regulatory|transcript	58
chr20	50871918	50871976	ENSG00000124243.19	gene|regulatory|transcript	58
chr20	51008787	51008845	ENSG00000026559.14|ENSG00000232358.1	gene|regulatory|transcript	58
chr20	48771659	48771717	ENSG00000124126.14	gene|regulatory|transcript	58
chr20	45050174	45050232	ENSG00000101109.13	gene|regulatory|transcript	58
chr20	48740768	48740826	ENSG00000124126.14	gene|regulatory|transcript	58
chr20	14821546	14821604	ENSG00000172264.19	gene|regulatory|transcript	58
chr20	51449961	51450019	ENSG00000101096.20	gene|regulatory|transcript	58
chr20	14609839	14609897	ENSG00000172264.19|ENSG00000227927.2	gene|regulatory|transcript	58
chr20	19787475	19787533	ENSG00000132669.14	gene|regulatory|transcript	58
chr20	53942083	53942141	ENSG00000064787.14|ENSG00000236352.1	gene|regulatory|transcript	58
chr20	48760787	48760845	ENSG00000124126.14	gene|regulatory|transcript	58
chr20	63791811	63791869	ENSG00000130584.12	gene|regulatory|transcript	58
chr20	5112143	5112201	ENSG00000089063.15	gene|regulatory|transcript	58
chr20	59731981	59732039	ENSG00000087495.17	gene|regulatory|transcript	58
chr20	2920109	2920167	ENSG00000132670.21	gene|regulatory|transcript	58
chr20	50738920	50738978	ENSG00000124171.9	gene|regulatory|transcript	58
chr20	62303091	62303149	ENSG00000130706.13	gene|regulatory|transcript	58
chr20	63642299	63642357	ENSG00000197457.10	gene|regulatory|transcript	58
chr20	18683867	18683925	ENSG00000125821.13|ENSG00000233993.1|ENSG00000284776.1	gene|regulatory|transcript	58
chr20	34922720	34922778	ENSG00000131069.20	gene|regulatory|transcript	58
chr20	62405935	62405993	ENSG00000149679.12	gene|regulatory|transcript	58
chr20	6769648	6769706	ENSG00000125845.7	gene|regulatory|transcript	58
chr20	59321193	59321251	ENSG00000124205.18	gene|regulatory|transcript	58
chr20	23442198	23442256	ENSG00000125823.13	gene|regulatory|transcript	58
chr20	49314367	49314425	ENSG00000158445.10	gene|regulatory|transcript	58
chr20	52054244	52054302	ENSG00000020256.20	gene|regulatory|transcript	58
chr20	32776737	32776795	ENSG00000088305.19	gene|regulatory|transcript	58
chr20	376374	376432	ENSG00000101255.12	gene|regulatory|transcript	58
chr20	10668116	10668173	ENSG00000101384.12	gene|regulatory|transcript	57
chr20	10552331	10552388	ENSG00000149346.15	gene|regulatory|transcript	57
chr20	32521597	32521654	ENSG00000197183.15	gene|regulatory|transcript	57
chr20	1303306	1303363	ENSG00000101298.15	gene|regulatory|transcript	57
chr20	9616418	9616475	ENSG00000101349.17	gene|regulatory|transcript	57
chr20	32063869	32063926	ENSG00000101336.18	gene|regulatory|transcript	57
chr20	32742565	32742622	ENSG00000149600.12|ENSG00000285382.1	gene|regulatory|transcript	57
chr20	4246578	4246635	ENSG00000171873.8	gene|regulatory|transcript	57
chr20	31995010	31995067	ENSG00000260903.3	gene|regulatory|transcript	57
chr20	3550830	3550887	ENSG00000088812.18	gene|regulatory|transcript	57
chr20	3632835	3632892	ENSG00000088812.18	gene|regulatory|transcript	57
chr20	53401075	53401132	ENSG00000182463.17|ENSG00000231703.2|ENSG00000271774.1	gene|regulatory|transcript	57
chr20	53400948	53401005	ENSG00000182463.17|ENSG00000231703.2|ENSG00000271774.1	gene|regulatory|transcript	57
chr20	18031924	18031981	ENSG00000125850.11	gene|regulatory|transcript	57
chr20	17998110	17998167	ENSG00000125850.11	gene|regulatory|transcript	57
chr20	44793010	44793067	ENSG00000101098.13	gene|regulatory|transcript	57
chr20	14611031	14611088	ENSG00000172264.19|ENSG00000227927.2	gene|regulatory|transcript	57
chr20	35619746	35619803	ENSG00000061656.11	gene|regulatory|transcript	57
chr20	45881261	45881318	ENSG00000168612.5	gene|regulatory|transcript	57
chr20	6007410	6007467	ENSG00000088766.12|ENSG00000286235.1	gene|regulatory|transcript	57
chr20	36773104	36773161	ENSG00000149636.16	gene|regulatory|transcript	57
chr20	61331363	61331420	ENSG00000179242.16	gene|regulatory|transcript	57
chr20	41344212	41344269	ENSG00000132793.12	gene|regulatory|transcript	57
chr20	20086014	20086071	ENSG00000089101.19	gene|regulatory|transcript	57
chr20	38231325	38231382	ENSG00000149633.12	gene|regulatory|transcript	57
chr20	46990119	46990176	ENSG00000064655.19	gene|regulatory|transcript	57
chr20	1619811	1619868	ENSG00000101307.16|ENSG00000260861.6	gene|regulatory|transcript	57
chr20	57706704	57706761	ENSG00000124225.16	gene|regulatory|transcript	57
chr20	3234920	3234977	ENSG00000088836.14	gene|regulatory|transcript	57
chr20	382127	382184	ENSG00000101255.12	gene|regulatory|transcript	57
chr20	32581905	32581962	ENSG00000197183.15	gene|regulatory|transcript	57
chr20	48633060	48633117	ENSG00000124126.14	gene|regulatory|transcript	57
chr20	59195811	59195868	ENSG00000124203.7	gene|regulatory|transcript	57
chr20	2879418	2879475	ENSG00000132670.21	gene|regulatory|transcript	57
chr20	48922731	48922788	ENSG00000124198.10	gene|regulatory|transcript	57
chr20	44166110	44166167	ENSG00000149596.7	gene|regulatory|transcript	57
chr20	460247	460304	ENSG00000125875.15	gene|regulatory|transcript	57
chr20	38014168	38014225	ENSG00000101407.13	gene|regulatory|transcript	57
chr20	3159234	3159291	ENSG00000185019.17|ENSG00000215251.5	gene|regulatory|transcript	57
chr20	51715913	51715970	ENSG00000054793.14	gene|regulatory|transcript	57
chr20	20491206	20491263	ENSG00000188559.16	gene|regulatory|transcript	57
chr20	9147891	9147948	ENSG00000101333.19	gene|regulatory|transcript	57
chr20	53306360	53306417	ENSG00000182463.17|ENSG00000271774.1	gene|regulatory|transcript	57
chr20	51418242	51418299	ENSG00000101096.20	gene|regulatory|transcript	57
chr20	53369906	53369963	ENSG00000182463.17|ENSG00000271774.1	gene|regulatory|transcript	57
chr20	36349824	36349881	ENSG00000080845.19	gene|regulatory|transcript	57
chr20	58876534	58876591	ENSG00000087460.29|ENSG00000225806.8	gene|regulatory|transcript	57
chr20	53148450	53148507	ENSG00000182463.17	gene|regulatory|transcript	57
chr20	32476560	32476617	ENSG00000197183.15	gene|regulatory|transcript	57
chr20	3210019	3210076	ENSG00000125877.13	gene|regulatory|transcript	57
chr20	37393687	37393744	ENSG00000197122.13	gene|regulatory|transcript	57
chr20	3846903	3846960	ENSG00000088888.18	gene|regulatory|transcript	57
chr20	47275018	47275075	ENSG00000101040.20	gene|regulatory|transcript	57
chr20	46255734	46255791	ENSG00000149654.11	gene|regulatory|transcript	57
chr20	36608193	36608250	ENSG00000101084.19|ENSG00000259399.1	gene|regulatory|transcript	57
chr20	63706299	63706356	ENSG00000101246.20	gene|regulatory|transcript	57
chr20	47785649	47785706	ENSG00000196562.16	gene|regulatory|transcript	57
chr20	2663867	2663924	ENSG00000101365.21	gene|regulatory|transcript	57
chr20	50838022	50838079	ENSG00000124243.19	gene|regulatory|transcript	57
chr20	18681470	18681527	ENSG00000125821.13|ENSG00000233993.1|ENSG00000284776.1	gene|regulatory|transcript	57
chr20	24986653	24986709	ENSG00000101474.12	gene|regulatory|transcript	56
chr20	3749175	3749231	ENSG00000132622.11	gene|regulatory|transcript	56
chr20	11892021	11892077	ENSG00000132640.15	gene|regulatory|transcript	56
chr20	33680896	33680952	ENSG00000101412.13	gene|regulatory|transcript	56
chr20	57501296	57501352	ENSG00000124092.13	gene|regulatory|transcript	56
chr20	45909459	45909515	ENSG00000100979.15	gene|regulatory|transcript	56
chr20	37384403	37384459	ENSG00000197122.13	gene|regulatory|transcript	56
chr20	53593652	53593708	ENSG00000171940.14	gene|regulatory|transcript	56
chr20	13765378	13765434	ENSG00000089048.15	gene|regulatory|transcript	56
chr20	49864682	49864738	ENSG00000197818.12	gene|regulatory|transcript	56
chr20	37254329	37254385	ENSG00000118702.11	gene|regulatory|transcript	56
chr20	36329209	36329265	ENSG00000080845.19	gene|regulatory|transcript	56
chr20	20247349	20247405	ENSG00000089101.19	gene|regulatory|transcript	56
chr20	36092403	36092459	ENSG00000088367.23	gene|regulatory|transcript	56
chr20	3294471	3294527	ENSG00000088854.13	gene|regulatory|transcript	56
chr20	9360061	9360117	ENSG00000101333.19	gene|regulatory|transcript	56
chr20	9391569	9391625	ENSG00000101333.19	gene|regulatory|transcript	56
chr20	41053321	41053377	ENSG00000198900.7	gene|regulatory|transcript	56
chr20	35316482	35316538	ENSG00000101019.22	gene|regulatory|transcript	56
chr20	19962324	19962380	ENSG00000132669.14	gene|regulatory|transcript	56
chr20	42567750	42567806	ENSG00000196090.14	gene|regulatory|transcript	56
chr20	34892877	34892933	ENSG00000131069.20	gene|regulatory|transcript	56
chr20	37775532	37775588	ENSG00000132792.21	gene|regulatory|transcript	56
chr20	31568587	31568643	ENSG00000101294.19|ENSG00000230613.1	gene|regulatory|transcript	56
chr20	54068351	54068407	ENSG00000064787.14	gene|regulatory|transcript	56
chr20	13515348	13515404	ENSG00000089123.16	gene|regulatory|transcript	56
chr20	10035333	10035389	ENSG00000132623.16|ENSG00000227906.10	gene|regulatory|transcript	56
chr20	49149318	49149374	ENSG00000124214.21	gene|regulatory|transcript	56
chr20	37294883	37294939	ENSG00000101363.13	gene|regulatory|transcript	56
chr20	36102848	36102904	ENSG00000088367.23	gene|regulatory|transcript	56
chr20	44584512	44584568	ENSG00000168734.14	gene|regulatory|transcript	56
chr20	32497000	32497056	ENSG00000197183.15	gene|regulatory|transcript	56
chr20	62822753	62822809	ENSG00000092758.18	gene|regulatory|transcript	56
chr20	56503998	56504054	ENSG00000022277.13|ENSG00000124091.10	gene|regulatory|transcript	56
chr20	444993	445049	ENSG00000125875.15	gene|regulatory|transcript	56
chr20	20655629	20655685	ENSG00000188559.16	gene|regulatory|transcript	56
chr20	45362198	45362254	ENSG00000204070.10	gene|regulatory|transcript	56
chr20	9068961	9069017	ENSG00000101333.19	gene|regulatory|transcript	56
chr20	47024861	47024917	ENSG00000064655.19	gene|regulatory|transcript	56
chr20	13288683	13288739	ENSG00000101230.6	gene|regulatory|transcript	56
chr20	42703782	42703838	ENSG00000196090.14	gene|regulatory|transcript	56
chr20	63447994	63448050	ENSG00000075043.21	gene|regulatory|transcript	56
chr20	31714358	31714414	ENSG00000171552.14|ENSG00000236559.1	gene|regulatory|transcript	56
chr20	49566475	49566531	ENSG00000124212.6	gene|regulatory|transcript	56
chr20	19881747	19881803	ENSG00000132669.14	gene|regulatory|transcript	56
chr20	2610362	2610418	ENSG00000149488.14	gene|regulatory|transcript	56
chr20	49854561	49854617	ENSG00000197818.12	gene|regulatory|transcript	56
chr20	41151392	41151448	ENSG00000124181.15	gene|regulatory|transcript	56
chr20	45826323	45826378	ENSG00000101470.10	gene|regulatory|transcript	55
chr20	50734299	50734354	ENSG00000124171.9	gene|regulatory|transcript	55
chr20	31975517	31975572	ENSG00000260903.3	gene|regulatory|transcript	55
chr20	417619	417674	ENSG00000125826.22	gene|regulatory|transcript	55
chr20	1118902	1118957	ENSG00000125818.18	gene|regulatory|transcript	55
chr20	9374475	9374530	ENSG00000101333.19	gene|regulatory|transcript	55
chr20	35252021	35252076	ENSG00000125966.10|ENSG00000126005.17	gene|regulatory|transcript	55
chr20	33555269	33555324	ENSG00000078699.22	gene|regulatory|transcript	55
chr20	5821715	5821770	ENSG00000171984.15	gene|regulatory|transcript	55
chr20	17615375	17615430	ENSG00000125844.17	gene|regulatory|transcript	55
chr20	57670412	57670467	ENSG00000124225.16	gene|regulatory|transcript	55
chr20	20710135	20710190	ENSG00000188559.16	gene|regulatory|transcript	55
chr20	59896192	59896247	ENSG00000196074.13	gene|regulatory|transcript	55
chr20	33273654	33273709	ENSG00000125999.11	gene|regulatory|transcript	55
chr20	25338829	25338884	ENSG00000100997.20	gene|regulatory|transcript	55
chr20	34621018	34621073	ENSG00000101464.11	gene|regulatory|transcript	55
chr20	19914817	19914872	ENSG00000132669.14	gene|regulatory|transcript	55
chr20	41533763	41533818	ENSG00000124177.16	gene|regulatory|transcript	55
chr20	18588115	18588170	ENSG00000125821.13|ENSG00000284776.1	gene|regulatory|transcript	55
chr20	45346608	45346663	ENSG00000124145.6	gene|regulatory|transcript	55
chr20	50817275	50817330	ENSG00000124243.19	gene|regulatory|transcript	55
chr20	42577868	42577923	ENSG00000196090.14	gene|regulatory|transcript	55
chr20	54565585	54565640	ENSG00000101134.12	gene|regulatory|transcript	55
chr20	35871594	35871649	ENSG00000025293.17	gene|regulatory|transcript	55
chr20	50142162	50142217	ENSG00000124208.16|ENSG00000240849.11	gene|regulatory|transcript	55
chr20	33995622	33995677	ENSG00000125970.12	gene|regulatory|transcript	55
chr20	37251358	37251413	ENSG00000118702.11	gene|regulatory|transcript	55
chr20	58359550	58359605	ENSG00000124209.4	gene|regulatory|transcript	55
chr20	19519384	19519439	ENSG00000185052.13	gene|regulatory|transcript	55
chr20	17733409	17733464	ENSG00000125888.15	gene|regulatory|transcript	55
chr20	33517377	33517432	ENSG00000078699.22	gene|regulatory|transcript	55
chr20	18033733	18033788	ENSG00000125850.11	gene|regulatory|transcript	55
chr20	20078327	20078382	ENSG00000089101.19	gene|regulatory|transcript	55
chr20	34926281	34926336	ENSG00000131069.20	gene|regulatory|transcript	55
chr20	24564074	24564129	ENSG00000101463.6	gene|regulatory|transcript	55
chr20	53370186	53370241	ENSG00000182463.17|ENSG00000271774.1	gene|regulatory|transcript	55
chr20	20213844	20213899	ENSG00000089101.19	gene|regulatory|transcript	55
chr20	59993971	59994026	ENSG00000124215.17	gene|regulatory|transcript	55
chr20	62240326	62240381	ENSG00000130703.17	gene|regulatory|transcript	55
chr20	63738499	63738554	ENSG00000203896.10|ENSG00000273047.1|ENSG00000273154.3	gene|regulatory|transcript	55
chr20	37067297	37067352	ENSG00000080839.12	gene|regulatory|transcript	55
chr20	13031804	13031859	ENSG00000172296.13	gene|regulatory|transcript	55
chr20	36461691	36461746	ENSG00000080845.19	gene|regulatory|transcript	55
chr20	47061837	47061892	ENSG00000064655.19	gene|regulatory|transcript	55
chr20	51744461	51744516	ENSG00000054793.14	gene|regulatory|transcript	55
chr20	36463500	36463555	ENSG00000080845.19	gene|regulatory|transcript	55
chr20	36947350	36947405	ENSG00000101347.11	gene|regulatory|transcript	55
chr20	62736703	62736758	ENSG00000101188.5	gene|regulatory|transcript	55
chr20	9181137	9181191	ENSG00000101333.19	gene|regulatory|transcript	54
chr20	45855933	45855987	ENSG00000101473.17	gene|regulatory|transcript	54
chr20	21366589	21366643	ENSG00000088930.8	gene|regulatory|transcript	54
chr20	61730656	61730710	ENSG00000179242.16	gene|regulatory|transcript	54
chr20	45939339	45939393	ENSG00000100982.12	gene|regulatory|transcript	54
chr20	35972574	35972628	ENSG00000149646.12	gene|regulatory|transcript	54
chr20	1336191	1336245	ENSG00000234684.8|ENSG00000274322.1	gene|regulatory|transcript	54
chr20	5836666	5836720	ENSG00000171984.15	gene|regulatory|transcript	54
chr20	49220031	49220085	ENSG00000124228.15	gene|regulatory|transcript	54
chr20	53941841	53941895	ENSG00000064787.14|ENSG00000236352.1	gene|regulatory|transcript	54
chr20	46990486	46990540	ENSG00000064655.19	gene|regulatory|transcript	54
chr20	5970675	5970729	ENSG00000125885.13|ENSG00000286235.1	gene|regulatory|transcript	54
chr20	21131957	21132011	ENSG00000088970.16	gene|regulatory|transcript	54
chr20	20205792	20205846	ENSG00000089101.19	gene|regulatory|transcript	54
chr20	35215838	35215892	ENSG00000101000.6|ENSG00000126005.17	gene|regulatory|transcript	54
chr20	43558299	43558353	ENSG00000277611.1	gene|regulatory|transcript	54
chr20	19820807	19820861	ENSG00000132669.14	gene|regulatory|transcript	54
chr20	37507578	37507632	ENSG00000166619.15	gene|regulatory|transcript	54
chr20	43142849	43142903	ENSG00000196090.14	gene|regulatory|transcript	54
chr20	43458597	43458651	ENSG00000124193.16|ENSG00000288000.1	gene|regulatory|transcript	54
chr20	53142498	53142552	ENSG00000182463.17	gene|regulatory|transcript	54
chr20	47327077	47327131	ENSG00000101040.20	gene|regulatory|transcript	54
chr20	54208245	54208299	ENSG00000101132.10	gene|regulatory|transcript	54
chr20	31554829	31554883	ENSG00000101294.19	gene|regulatory|transcript	54
chr20	15512951	15513005	ENSG00000172264.19	gene|regulatory|transcript	54
chr20	53282533	53282587	ENSG00000182463.17|ENSG00000271774.1	gene|regulatory|transcript	54
chr20	3977881	3977935	ENSG00000101236.17	gene|regulatory|transcript	54
chr20	47087890	47087944	ENSG00000064655.19	gene|regulatory|transcript	54
chr20	19994888	19994942	ENSG00000132669.14	gene|regulatory|transcript	54
chr20	19991587	19991641	ENSG00000132669.14	gene|regulatory|transcript	54
chr20	13635687	13635741	ENSG00000089123.16	gene|regulatory|transcript	54
chr20	44019929	44019983	ENSG00000124191.18	gene|regulatory|transcript	54
chr20	13260712	13260766	ENSG00000101230.6	gene|regulatory|transcript	54
chr20	31565771	31565825	ENSG00000101294.19	gene|regulatory|transcript	54
chr20	51632443	51632497	ENSG00000054793.14	gene|regulatory|transcript	54
chr20	36460930	36460984	ENSG00000080845.19	gene|regulatory|transcript	54
chr20	38094392	38094446	ENSG00000101413.12	gene|regulatory|transcript	54
chr20	15141801	15141855	ENSG00000172264.19	gene|regulatory|transcript	54
chr20	8360152	8360206	ENSG00000182621.19	gene|regulatory|transcript	54
chr20	47577579	47577633	ENSG00000124151.19	gene|regulatory|transcript	54
chr20	45765634	45765688	ENSG00000124116.19	gene|regulatory|transcript	54
chr20	56513260	56513314	ENSG00000022277.13|ENSG00000124091.10	gene|regulatory|transcript	54
chr20	62345763	62345817	ENSG00000130702.15	gene|regulatory|transcript	54
chr20	41532348	41532402	ENSG00000124177.16	gene|regulatory|transcript	54
chr20	50644422	50644476	ENSG00000042062.13	gene|regulatory|transcript	54
chr20	51666344	51666398	ENSG00000054793.14	gene|regulatory|transcript	54
chr20	2984102	2984156	ENSG00000132670.21	gene|regulatory|transcript	54
chr20	36114225	36114279	ENSG00000088367.23	gene|regulatory|transcript	54
chr20	20611260	20611314	ENSG00000188559.16	gene|regulatory|transcript	54
chr20	51650199	51650253	ENSG00000054793.14	gene|regulatory|transcript	54
chr20	56395458	56395512	ENSG00000101138.12	gene|regulatory|transcript	54
chr20	16472499	16472553	ENSG00000089177.20	gene|regulatory|transcript	54
chr20	63268371	63268425	ENSG00000101198.15	gene|regulatory|transcript	54
chr20	41618211	41618265	ENSG00000124177.16	gene|regulatory|transcript	54
chr20	51534283	51534337	ENSG00000101096.20	gene|regulatory|transcript	54
chr20	50151888	50151941	ENSG00000124208.16|ENSG00000240849.11	gene|regulatory|transcript	53
chr20	21127670	21127723	ENSG00000088970.16	gene|regulatory|transcript	53
chr20	44203074	44203127	ENSG00000132823.11	gene|regulatory|transcript	53
chr20	50151158	50151211	ENSG00000124208.16|ENSG00000240849.11	gene|regulatory|transcript	53
chr20	46905346	46905399	ENSG00000064655.19	gene|regulatory|transcript	53
chr20	35283974	35284027	ENSG00000242372.9	gene|regulatory|transcript	53
chr20	2879198	2879251	ENSG00000132670.21	gene|regulatory|transcript	53
chr20	50130002	50130055	ENSG00000124208.16|ENSG00000240849.11	gene|regulatory|transcript	53
chr20	51619888	51619941	ENSG00000054793.14	gene|regulatory|transcript	53
chr20	44649677	44649730	ENSG00000196839.14	gene|regulatory|transcript	53
chr20	63979294	63979347	ENSG00000130590.14	gene|regulatory|transcript	53
chr20	58842546	58842599	ENSG00000087460.29|ENSG00000235590.9	gene|regulatory|transcript	53
chr20	59985129	59985182	ENSG00000124215.17	gene|regulatory|transcript	53
chr20	43923561	43923614	ENSG00000124191.18	gene|regulatory|transcript	53
chr20	34406323	34406376	ENSG00000078747.17|ENSG00000289720.1	gene|regulatory|transcript	53
chr20	3115466	3115519	ENSG00000185019.17|ENSG00000235958.5	gene|regulatory|transcript	53
chr20	58889046	58889099	ENSG00000087460.29	gene|regulatory|transcript	53
chr20	57659292	57659345	ENSG00000124225.16	gene|regulatory|transcript	53
chr20	5147191	5147244	ENSG00000101290.14	gene|regulatory|transcript	53
chr20	36703751	36703804	ENSG00000101079.21	gene|regulatory|transcript	53
chr20	23436576	23436629	ENSG00000125823.13	gene|regulatory|transcript	53
chr20	51697182	51697235	ENSG00000054793.14	gene|regulatory|transcript	53
chr20	33173076	33173129	ENSG00000131050.11	gene|regulatory|transcript	53
chr20	6034410	6034463	ENSG00000088766.12|ENSG00000286235.1	gene|regulatory|transcript	53
chr20	671413	671466	ENSG00000215397.4|ENSG00000270299.1	gene|regulatory|transcript	53
chr20	8519475	8519528	ENSG00000182621.19	gene|regulatory|transcript	53
chr20	48924174	48924227	ENSG00000124198.10	gene|regulatory|transcript	53
chr20	59222136	59222189	ENSG00000124203.7	gene|regulatory|transcript	53
chr20	45705036	45705089	ENSG00000168634.5	gene|regulatory|transcript	53
chr20	31867017	31867070	ENSG00000149599.16	gene|regulatory|transcript	53
chr20	35145283	35145336	ENSG00000088298.13	gene|regulatory|transcript	53
chr20	8361601	8361654	ENSG00000182621.19	gene|regulatory|transcript	53
chr20	15005527	15005580	ENSG00000172264.19	gene|regulatory|transcript	53
chr20	51416605	51416658	ENSG00000101096.20	gene|regulatory|transcript	53
chr20	2256857	2256910	ENSG00000286022.1	gene|regulatory|transcript	53
chr20	3779352	3779405	ENSG00000101222.12	gene|regulatory|transcript	53
chr20	62339510	62339563	ENSG00000130702.15	gene|regulatory|transcript	53
chr20	45826830	45826883	ENSG00000101470.10	gene|regulatory|transcript	53
chr20	44035484	44035537	ENSG00000124191.18	gene|regulatory|transcript	53
chr20	4986690	4986743	ENSG00000089057.15	gene|regulatory|transcript	53
chr20	24565682	24565735	ENSG00000101463.6	gene|regulatory|transcript	53
chr20	60010520	60010572	ENSG00000124215.17	gene|regulatory|transcript	52
chr20	46029129	46029181	ENSG00000124140.15	gene|regulatory|transcript	52
chr20	50958688	50958740	ENSG00000000419.14	gene|regulatory|transcript	52
chr20	44610390	44610442	ENSG00000168734.14|ENSG00000196839.14	gene|regulatory|transcript	52
chr20	63775625	63775677	ENSG00000130584.12	gene|regulatory|transcript	52
chr20	8261220	8261272	ENSG00000182621.19	gene|regulatory|transcript	52
chr20	37154762	37154814	ENSG00000101353.16	gene|regulatory|transcript	52
chr20	3621434	3621486	ENSG00000088812.18	gene|regulatory|transcript	52
chr20	10651694	10651746	ENSG00000101384.12	gene|regulatory|transcript	52
chr20	37813369	37813421	ENSG00000132792.21	gene|regulatory|transcript	52
chr20	42319106	42319158	ENSG00000196090.14	gene|regulatory|transcript	52
chr20	36588303	36588355	ENSG00000118707.11|ENSG00000259399.1	gene|regulatory|transcript	52
chr20	1326165	1326217	ENSG00000125775.15|ENSG00000234684.8|ENSG00000274322.1	gene|regulatory|transcript	52
chr20	13140280	13140332	ENSG00000172296.13	gene|regulatory|transcript	52
chr20	37344995	37345047	ENSG00000197122.13	gene|regulatory|transcript	52
chr20	35626853	35626905	ENSG00000214078.13	gene|regulatory|transcript	52
chr20	45905273	45905325	ENSG00000100979.15	gene|regulatory|transcript	52
chr20	49887776	49887828	ENSG00000197818.12	gene|regulatory|transcript	52
chr20	35315436	35315488	ENSG00000101019.22	gene|regulatory|transcript	52
chr20	48626602	48626654	ENSG00000124126.14	gene|regulatory|transcript	52
chr20	1478213	1478265	ENSG00000196209.13	gene|regulatory|transcript	52
chr20	3699459	3699511	ENSG00000088827.14	gene|regulatory|transcript	52
chr20	32057266	32057318	ENSG00000101336.18	gene|regulatory|transcript	52
chr20	57235421	57235473	ENSG00000101144.13	gene|regulatory|transcript	52
chr20	48963777	48963829	ENSG00000124198.10	gene|regulatory|transcript	52
chr20	38940031	38940083	ENSG00000101447.15	gene|regulatory|transcript	52
chr20	37345533	37345585	ENSG00000197122.13	gene|regulatory|transcript	52
chr20	2709823	2709875	ENSG00000088881.22	gene|regulatory|transcript	52
chr20	37699502	37699554	ENSG00000132792.21	gene|regulatory|transcript	52
chr20	2838478	2838530	ENSG00000132635.17	gene|regulatory|transcript	52
chr20	33848644	33848696	ENSG00000101421.4	gene|regulatory|transcript	52
chr20	45301224	45301276	ENSG00000124159.17	gene|regulatory|transcript	52
chr20	38259854	38259906	ENSG00000149633.12	gene|regulatory|transcript	52
chr20	13055582	13055634	ENSG00000172296.13	gene|regulatory|transcript	52
chr20	33513293	33513345	ENSG00000078699.22	gene|regulatory|transcript	52
chr20	9067937	9067989	ENSG00000101333.19	gene|regulatory|transcript	52
chr20	51450515	51450567	ENSG00000101096.20	gene|regulatory|transcript	52
chr20	14790243	14790295	ENSG00000172264.19	gene|regulatory|transcript	52
chr20	44584317	44584369	ENSG00000168734.14	gene|regulatory|transcript	52
chr20	36823381	36823433	ENSG00000149639.15	gene|regulatory|transcript	52
chr20	33301680	33301732	ENSG00000125999.11	gene|regulatory|transcript	52
chr20	62308470	62308522	ENSG00000130702.15|ENSG00000130706.13	gene|regulatory|transcript	52
chr20	51797573	51797625	ENSG00000101115.13	gene|regulatory|transcript	52
chr20	35180670	35180722	ENSG00000101000.6	gene|regulatory|transcript	52
chr20	47623253	47623305	ENSG00000124151.19	gene|regulatory|transcript	52
chr20	36516029	36516081	ENSG00000080845.19|ENSG00000232907.9	gene|regulatory|transcript	52
chr20	35232874	35232926	ENSG00000125966.10|ENSG00000126005.17	gene|regulatory|transcript	52
chr20	46987021	46987073	ENSG00000064655.19	gene|regulatory|transcript	52
chr20	59610830	59610882	ENSG00000087495.17	gene|regulatory|transcript	52
chr20	14583742	14583794	ENSG00000172264.19|ENSG00000227927.2	gene|regulatory|transcript	52
chr20	32284380	32284432	ENSG00000101350.8	gene|regulatory|transcript	52
chr20	9515625	9515677	ENSG00000125869.10	gene|regulatory|transcript	52
chr20	36008781	36008833	ENSG00000149646.12	gene|regulatory|transcript	52
chr20	50113714	50113766	ENSG00000124208.16|ENSG00000244687.13	gene|regulatory|transcript	52
chr20	53370021	53370073	ENSG00000182463.17|ENSG00000271774.1	gene|regulatory|transcript	52
chr20	1282690	1282742	ENSG00000101298.15|ENSG00000244588.6	gene|regulatory|transcript	52
chr20	32452183	32452235	ENSG00000197183.15|ENSG00000236772.1	gene|regulatory|transcript	52
chr20	3404731	3404783	ENSG00000088854.13	gene|regulatory|transcript	52
chr20	54565430	54565482	ENSG00000101134.12	gene|regulatory|transcript	52
chr20	34091876	34091928	ENSG00000125970.12|ENSG00000125977.7	gene|regulatory|transcript	52
chr20	59041755	59041807	ENSG00000101166.16	gene|regulatory|transcript	52
chr20	35507449	35507501	ENSG00000126001.17	gene|regulatory|transcript	52
chr20	44968450	44968502	ENSG00000101109.13	gene|regulatory|transcript	52
chr20	60007263	60007315	ENSG00000124215.17	gene|regulatory|transcript	52
chr20	43003798	43003850	ENSG00000196090.14	gene|regulatory|transcript	52
chr20	32213970	32214022	ENSG00000101346.15	gene|regulatory|transcript	52
chr20	34401114	34401166	ENSG00000078747.17|ENSG00000289720.1	gene|regulatory|transcript	52
chr20	43950034	43950086	ENSG00000124191.18	gene|regulatory|transcript	52
chr20	52175875	52175926	ENSG00000020256.20	gene|regulatory|transcript	51
chr20	37840199	37840250	ENSG00000132792.21	gene|regulatory|transcript	51
chr20	35054924	35054975	ENSG00000100991.12	gene|regulatory|transcript	51
chr20	51650922	51650973	ENSG00000054793.14	gene|regulatory|transcript	51
chr20	17734533	17734584	ENSG00000125888.15	gene|regulatory|transcript	51
chr20	2946956	2947007	ENSG00000132670.21	gene|regulatory|transcript	51
chr20	4863560	4863611	ENSG00000089057.15	gene|regulatory|transcript	51
chr20	1384051	1384102	ENSG00000088832.18|ENSG00000274322.1	gene|regulatory|transcript	51
chr20	19403809	19403860	ENSG00000185052.13	gene|regulatory|transcript	51
chr20	3082925	3082976	ENSG00000101200.5	gene|regulatory|transcript	51
chr20	61729935	61729986	ENSG00000179242.16	gene|regulatory|transcript	51
chr20	49340437	49340488	ENSG00000158445.10|ENSG00000290421.1	gene|regulatory|transcript	51
chr20	49647793	49647844	ENSG00000158470.5	gene|regulatory|transcript	51
chr20	43715082	43715133	ENSG00000101057.16	gene|regulatory|transcript	51
chr20	31765125	31765176	ENSG00000088325.16	gene|regulatory|transcript	51
chr20	35022065	35022116	ENSG00000100991.12	gene|regulatory|transcript	51
chr20	45538422	45538473	ENSG00000243543.10|ENSG00000249139.2|ENSG00000291238.1	gene|regulatory|transcript	51
chr20	57694783	57694834	ENSG00000124225.16	gene|regulatory|transcript	51
chr20	19880341	19880392	ENSG00000132669.14	gene|regulatory|transcript	51
chr20	34546916	34546967	ENSG00000101460.13	gene|regulatory|transcript	51
chr20	56359825	56359876	ENSG00000124098.10	gene|regulatory|transcript	51
chr20	46683095	46683146	ENSG00000158296.14	gene|regulatory|transcript	51
chr20	31541968	31542019	ENSG00000101294.19	gene|regulatory|transcript	51
chr20	42748284	42748335	ENSG00000196090.14	gene|regulatory|transcript	51
chr20	42649431	42649482	ENSG00000196090.14	gene|regulatory|transcript	51
chr20	5597649	5597700	ENSG00000125772.14	gene|regulatory|transcript	51
chr20	45957928	45957979	ENSG00000198026.8	gene|regulatory|transcript	51
chr20	49231568	49231619	ENSG00000124228.15	gene|regulatory|transcript	51
chr20	38258774	38258825	ENSG00000149633.12	gene|regulatory|transcript	51
chr20	31793796	31793847	ENSG00000088325.16	gene|regulatory|transcript	51
chr20	43938011	43938062	ENSG00000124191.18	gene|regulatory|transcript	51
chr20	3989523	3989574	ENSG00000101236.17	gene|regulatory|transcript	51
chr20	51742973	51743024	ENSG00000054793.14	gene|regulatory|transcript	51
chr20	19213477	19213528	ENSG00000185052.13	gene|regulatory|transcript	51
chr20	13265788	13265839	ENSG00000101230.6	gene|regulatory|transcript	51
chr20	53967073	53967124	ENSG00000064787.14	gene|regulatory|transcript	51
chr20	46608458	46608509	ENSG00000158296.14	gene|regulatory|transcript	51
chr20	57351998	57352049	ENSG00000101146.13	gene|regulatory|transcript	51
chr20	13131492	13131543	ENSG00000172296.13	gene|regulatory|transcript	51
chr20	36735674	36735725	ENSG00000101079.21	gene|regulatory|transcript	51
chr20	59988451	59988502	ENSG00000124215.17	gene|regulatory|transcript	51
chr20	10006329	10006380	ENSG00000132623.16|ENSG00000243961.2	gene|regulatory|transcript	51
chr20	46175077	46175128	ENSG00000149654.11	gene|regulatory|transcript	51
chr20	47016129	47016180	ENSG00000064655.19	gene|regulatory|transcript	51
chr20	62352360	62352411	ENSG00000130702.15	gene|regulatory|transcript	51
chr20	32218438	32218489	ENSG00000101346.15	gene|regulatory|transcript	51
chr20	33573420	33573471	ENSG00000078699.22	gene|regulatory|transcript	51
chr20	9458583	9458634	ENSG00000101333.19	gene|regulatory|transcript	51
chr20	46406043	46406094	ENSG00000062598.18	gene|regulatory|transcript	51
chr20	64179649	64179700	ENSG00000196132.14	gene|regulatory|transcript	51
chr20	44401985	44402035	ENSG00000101076.20	gene|regulatory|transcript	50
chr20	49141257	49141307	ENSG00000124214.21	gene|regulatory|transcript	50
chr20	33678353	33678403	ENSG00000101412.13	gene|regulatory|transcript	50
chr20	48769995	48770045	ENSG00000124126.14	gene|regulatory|transcript	50
chr20	37180046	37180096	ENSG00000118705.18	gene|regulatory|transcript	50
chr20	1324810	1324860	ENSG00000125775.15|ENSG00000274322.1	gene|regulatory|transcript	50
chr20	13984534	13984584	ENSG00000101251.13	gene|regulatory|transcript	50
chr20	38764623	38764673	ENSG00000101442.10	gene|regulatory|transcript	50
chr20	19692131	19692181	ENSG00000185052.13	gene|regulatory|transcript	50
chr20	13055323	13055373	ENSG00000172296.13	gene|regulatory|transcript	50
chr20	63741818	63741868	ENSG00000125520.14	gene|regulatory|transcript	50
chr20	8275287	8275337	ENSG00000182621.19	gene|regulatory|transcript	50
chr20	672666	672716	ENSG00000215397.4|ENSG00000270299.1	gene|regulatory|transcript	50
chr20	45471102	45471152	ENSG00000101443.18	gene|regulatory|transcript	50
chr20	36895036	36895086	ENSG00000101347.11	gene|regulatory|transcript	50
chr20	37863501	37863551	ENSG00000132792.21	gene|regulatory|transcript	50
chr20	16408022	16408072	ENSG00000089177.20	gene|regulatory|transcript	50
chr20	51560897	51560947	ENSG00000101096.20	gene|regulatory|transcript	50
chr20	33370629	33370679	ENSG00000101391.21	gene|regulatory|transcript	50
chr20	33387272	33387322	ENSG00000101391.21	gene|regulatory|transcript	50
chr20	3861504	3861554	ENSG00000088888.18	gene|regulatory|transcript	50
chr20	62359422	62359472	ENSG00000130702.15	gene|regulatory|transcript	50
chr20	47008136	47008186	ENSG00000064655.19	gene|regulatory|transcript	50
chr20	35325734	35325784	ENSG00000101019.22	gene|regulatory|transcript	50
chr20	25585404	25585454	ENSG00000101004.16	gene|regulatory|transcript	50
chr20	43570545	43570595	ENSG00000101049.18	gene|regulatory|transcript	50
chr20	61311219	61311269	ENSG00000179242.16	gene|regulatory|transcript	50
chr20	23630267	23630317	ENSG00000101439.9	gene|regulatory|transcript	50
chr20	42531900	42531950	ENSG00000196090.14	gene|regulatory|transcript	50
chr20	59984588	59984638	ENSG00000124215.17	gene|regulatory|transcript	50
chr20	9333010	9333060	ENSG00000101333.19	gene|regulatory|transcript	50
chr20	43458310	43458360	ENSG00000124193.16|ENSG00000288000.1	gene|regulatory|transcript	50
chr20	2536655	2536705	ENSG00000149488.14	gene|regulatory|transcript	50
chr20	51752327	51752377	ENSG00000054793.14	gene|regulatory|transcript	50
chr20	885027	885077	ENSG00000101280.8	gene|regulatory|transcript	50
chr20	17540781	17540831	ENSG00000125864.14	gene|regulatory|transcript	50
chr20	44056347	44056397	ENSG00000124191.18	gene|regulatory|transcript	50
chr20	47302844	47302894	ENSG00000101040.20	gene|regulatory|transcript	50
chr20	53159229	53159279	ENSG00000182463.17	gene|regulatory|transcript	50
chr20	64038448	64038498	ENSG00000196421.9	gene|regulatory|transcript	50
chr20	885325	885375	ENSG00000101280.8	gene|regulatory|transcript	50
chr20	36828254	36828304	ENSG00000149639.15	gene|regulatory|transcript	50
chr20	45904891	45904941	ENSG00000100979.15	gene|regulatory|transcript	50
chr20	3544435	3544485	ENSG00000088812.18	gene|regulatory|transcript	50
chr20	34709185	34709235	ENSG00000078804.13|ENSG00000198646.14	gene|regulatory|transcript	50
chr20	33812815	33812865	ENSG00000101421.4	gene|regulatory|transcript	50
chr20	25381956	25382006	ENSG00000100997.20	gene|regulatory|transcript	50
chr20	4962077	4962127	ENSG00000089057.15	gene|regulatory|transcript	50
chr20	543239	543289	ENSG00000101266.19	gene|regulatory|transcript	50
chr20	2917446	2917496	ENSG00000132670.21	gene|regulatory|transcript	50
chr20	31906063	31906113	ENSG00000131044.19	gene|regulatory|transcript	50
chr20	32737969	32738019	ENSG00000149600.12|ENSG00000285382.1	gene|regulatory|transcript	50
chr20	32708606	32708656	ENSG00000149600.12|ENSG00000285382.1	gene|regulatory|transcript	50
chr20	19670962	19671012	ENSG00000185052.13	gene|regulatory|transcript	50
chr20	50745806	50745856	ENSG00000124171.9	gene|regulatory|transcript	50
chr20	49645233	49645283	ENSG00000158470.5	gene|regulatory|transcript	50
chr20	19820653	19820703	ENSG00000132669.14	gene|regulatory|transcript	50
chr20	53263067	53263117	ENSG00000182463.17|ENSG00000271774.1	gene|regulatory|transcript	50
chr20	59307267	59307317	ENSG00000124205.18	gene|regulatory|transcript	50
chr20	63889268	63889318	ENSG00000101150.18|ENSG00000290226.1	gene|regulatory|transcript	50
chr20	46951743	46951792	ENSG00000064655.19	gene|regulatory|transcript	49
chr20	43691960	43692009	ENSG00000101057.16	gene|regulatory|transcript	49
chr20	47349988	47350037	ENSG00000101040.20	gene|regulatory|transcript	49
chr20	44650367	44650416	ENSG00000196839.14	gene|regulatory|transcript	49
chr20	417930	417979	ENSG00000125826.22	gene|regulatory|transcript	49
chr20	51532590	51532639	ENSG00000101096.20	gene|regulatory|transcript	49
chr20	37192230	37192279	ENSG00000118705.18	gene|regulatory|transcript	49
chr20	10582462	10582511	ENSG00000149346.15	gene|regulatory|transcript	49
chr20	44155105	44155154	ENSG00000149596.7	gene|regulatory|transcript	49
chr20	49168379	49168428	ENSG00000124214.21	gene|regulatory|transcript	49
chr20	63779192	63779241	ENSG00000130584.12	gene|regulatory|transcript	49
chr20	48774330	48774379	ENSG00000124126.14	gene|regulatory|transcript	49
chr20	34403548	34403597	ENSG00000078747.17|ENSG00000289720.1	gene|regulatory|transcript	49
chr20	44403639	44403688	ENSG00000101076.20	gene|regulatory|transcript	49
chr20	32676075	32676124	ENSG00000285382.1	gene|regulatory|transcript	49
chr20	62825767	62825816	ENSG00000092758.18	gene|regulatory|transcript	49
chr20	33770292	33770341	ENSG00000131061.15	gene|regulatory|transcript	49
chr20	31918740	31918789	ENSG00000131044.19	gene|regulatory|transcript	49
chr20	45406732	45406781	ENSG00000124251.11|ENSG00000244274.9|ENSG00000254806.5	gene|regulatory|transcript	49
chr20	32082768	32082817	ENSG00000101336.18	gene|regulatory|transcript	49
chr20	37813182	37813231	ENSG00000132792.21	gene|regulatory|transcript	49
chr20	50114114	50114163	ENSG00000124208.16|ENSG00000244687.13	gene|regulatory|transcript	49
chr20	53379051	53379100	ENSG00000182463.17|ENSG00000271774.1	gene|regulatory|transcript	49
chr20	47748960	47749009	ENSG00000196562.16	gene|regulatory|transcript	49
chr20	7885864	7885913	ENSG00000101323.5	gene|regulatory|transcript	49
chr20	31864656	31864705	ENSG00000149599.16	gene|regulatory|transcript	49
chr20	14885703	14885752	ENSG00000172264.19|ENSG00000235914.2	gene|regulatory|transcript	49
chr20	5785446	5785495	ENSG00000171984.15	gene|regulatory|transcript	49
chr20	8250740	8250789	ENSG00000182621.19|ENSG00000225479.1	gene|regulatory|transcript	49
chr20	57671911	57671960	ENSG00000124225.16	gene|regulatory|transcript	49
chr20	3046564	3046613	ENSG00000125901.6	gene|regulatory|transcript	49
chr20	45337352	45337401	ENSG00000124145.6	gene|regulatory|transcript	49
chr20	35542393	35542442	ENSG00000125991.21	gene|regulatory|transcript	49
chr20	48800414	48800463	ENSG00000124126.14	gene|regulatory|transcript	49
chr20	31475238	31475287	ENSG00000180383.4	gene|regulatory|transcript	49
chr20	56393193	56393242	ENSG00000101138.12	gene|regulatory|transcript	49
chr20	1651608	1651657	ENSG00000089012.14	gene|regulatory|transcript	49
chr20	35463525	35463574	ENSG00000126001.17	gene|regulatory|transcript	49
chr20	32142883	32142932	ENSG00000101337.16	gene|regulatory|transcript	49
chr20	31561830	31561879	ENSG00000101294.19	gene|regulatory|transcript	49
chr20	58652138	58652187	ENSG00000124222.23|ENSG00000254995.4	gene|regulatory|transcript	49
chr20	38884604	38884653	ENSG00000101445.10	gene|regulatory|transcript	49
chr20	43015618	43015667	ENSG00000196090.14	gene|regulatory|transcript	49
chr20	53224913	53224962	ENSG00000182463.17	gene|regulatory|transcript	49
chr20	51618612	51618661	ENSG00000054793.14	gene|regulatory|transcript	49
chr20	50686008	50686057	ENSG00000042062.13	gene|regulatory|transcript	49
chr20	41458856	41458905	ENSG00000124177.16	gene|regulatory|transcript	49
chr20	914856	914905	ENSG00000101280.8	gene|regulatory|transcript	49
chr20	47524693	47524742	ENSG00000124151.19	gene|regulatory|transcript	49
chr20	37236530	37236579	ENSG00000118705.18	gene|regulatory|transcript	49
chr20	8275388	8275436	ENSG00000182621.19	gene|regulatory|transcript	48
chr20	5189017	5189065	ENSG00000101290.14	gene|regulatory|transcript	48
chr20	34925649	34925697	ENSG00000131069.20	gene|regulatory|transcript	48
chr20	32078384	32078432	ENSG00000101336.18	gene|regulatory|transcript	48
chr20	32019409	32019457	ENSG00000101331.17|ENSG00000226239.2	gene|regulatory|transcript	48
chr20	391207	391255	ENSG00000101255.12	gene|regulatory|transcript	48
chr20	51528935	51528983	ENSG00000101096.20	gene|regulatory|transcript	48
chr20	46023071	46023119	ENSG00000124140.15	gene|regulatory|transcript	48
chr20	20073159	20073207	ENSG00000089101.19	gene|regulatory|transcript	48
chr20	46036640	46036688	ENSG00000124140.15	gene|regulatory|transcript	48
chr20	62235363	62235411	ENSG00000130703.17	gene|regulatory|transcript	48
chr20	36455354	36455402	ENSG00000080845.19	gene|regulatory|transcript	48
chr20	49465909	49465957	ENSG00000158445.10	gene|regulatory|transcript	48
chr20	43003578	43003626	ENSG00000196090.14	gene|regulatory|transcript	48
chr20	48782117	48782165	ENSG00000124126.14	gene|regulatory|transcript	48
chr20	3935891	3935939	ENSG00000101236.17	gene|regulatory|transcript	48
chr20	34216203	34216251	ENSG00000101440.10	gene|regulatory|transcript	48
chr20	33064943	33064991	ENSG00000186190.8	gene|regulatory|transcript	48
chr20	33515821	33515869	ENSG00000078699.22	gene|regulatory|transcript	48
chr20	59721714	59721762	ENSG00000087495.17	gene|regulatory|transcript	48
chr20	49822155	49822203	ENSG00000197818.12	gene|regulatory|transcript	48
chr20	59683383	59683431	ENSG00000087495.17	gene|regulatory|transcript	48
chr20	25032320	25032368	ENSG00000154930.15	gene|regulatory|transcript	48
chr20	18728971	18729019	ENSG00000125821.13|ENSG00000284776.1	gene|regulatory|transcript	48
chr20	49055301	49055349	ENSG00000124207.17	gene|regulatory|transcript	48
chr20	49053299	49053347	ENSG00000124207.17	gene|regulatory|transcript	48
chr20	49009465	49009513	ENSG00000124198.10	gene|regulatory|transcript	48
chr20	42475331	42475379	ENSG00000196090.14	gene|regulatory|transcript	48
chr20	58891865	58891913	ENSG00000087460.29	gene|regulatory|transcript	48
chr20	46214342	46214390	ENSG00000149654.11	gene|regulatory|transcript	48
chr20	20051723	20051771	ENSG00000101343.15	gene|regulatory|transcript	48
chr20	58982817	58982865	ENSG00000101158.15	gene|regulatory|transcript	48
chr20	31475366	31475414	ENSG00000088320.4|ENSG00000180383.4	gene|regulatory|transcript	48
chr20	15602041	15602089	ENSG00000172264.19	gene|regulatory|transcript	48
chr20	34560979	34561027	ENSG00000101464.11	gene|regulatory|transcript	48
chr20	59942309	59942357	ENSG00000196227.11	gene|regulatory|transcript	48
chr20	23363623	23363671	ENSG00000125812.16	gene|regulatory|transcript	48
chr20	43565286	43565334	ENSG00000101049.18|ENSG00000277611.1	gene|regulatory|transcript	48
chr20	3316484	3316532	ENSG00000088854.13	gene|regulatory|transcript	48
chr20	47276265	47276313	ENSG00000101040.20	gene|regulatory|transcript	48
chr20	47585343	47585391	ENSG00000124151.19	gene|regulatory|transcript	48
chr20	34817936	34817984	ENSG00000198646.14	gene|regulatory|transcript	48
chr20	62311094	62311142	ENSG00000130702.15	gene|regulatory|transcript	48
chr20	51666205	51666253	ENSG00000054793.14	gene|regulatory|transcript	48
chr20	38157851	38157899	ENSG00000198959.12	gene|regulatory|transcript	48
chr20	31911875	31911923	ENSG00000131044.19	gene|regulatory|transcript	48
chr20	46589255	46589303	ENSG00000158296.14	gene|regulatory|transcript	48
chr20	32278210	32278258	ENSG00000101350.8	gene|regulatory|transcript	48
chr20	33401379	33401427	ENSG00000101391.21	gene|regulatory|transcript	48
chr20	35307559	35307607	ENSG00000101019.22	gene|regulatory|transcript	48
chr20	1114136	1114184	ENSG00000125818.18|ENSG00000286787.3	gene|regulatory|transcript	48
chr20	43558599	43558647	ENSG00000277611.1	gene|regulatory|transcript	48
chr20	903609	903657	ENSG00000101280.8	gene|regulatory|transcript	48
chr20	46176460	46176508	ENSG00000149654.11	gene|regulatory|transcript	48
chr20	63626693	63626741	ENSG00000101216.11	gene|regulatory|transcript	48
chr20	31950263	31950311	ENSG00000088356.6	gene|regulatory|transcript	48
chr20	50805583	50805631	ENSG00000124243.19	gene|regulatory|transcript	48
chr20	10664014	10664062	ENSG00000101384.12	gene|regulatory|transcript	48
chr20	41293943	41293991	ENSG00000174306.22	gene|regulatory|transcript	48
chr20	32651685	32651732	ENSG00000198547.10|ENSG00000285382.1	gene|regulatory|transcript	47
chr20	37155015	37155062	ENSG00000101353.16	gene|regulatory|transcript	47
chr20	32535341	32535388	ENSG00000197183.15	gene|regulatory|transcript	47
chr20	32485101	32485148	ENSG00000197183.15	gene|regulatory|transcript	47
chr20	35697800	35697847	ENSG00000244005.13	gene|regulatory|transcript	47
chr20	35660669	35660716	ENSG00000214078.13|ENSG00000244462.8|ENSG00000272897.5	gene|regulatory|transcript	47
chr20	1325782	1325829	ENSG00000125775.15|ENSG00000234684.8|ENSG00000274322.1	gene|regulatory|transcript	47
chr20	53412910	53412957	ENSG00000182463.17|ENSG00000271774.1	gene|regulatory|transcript	47
chr20	31929195	31929242	ENSG00000131044.19	gene|regulatory|transcript	47
chr20	14595562	14595609	ENSG00000172264.19|ENSG00000227927.2	gene|regulatory|transcript	47
chr20	14408194	14408241	ENSG00000172264.19	gene|regulatory|transcript	47
chr20	9576710	9576757	ENSG00000101349.17|ENSG00000232738.1	gene|regulatory|transcript	47
chr20	4173052	4173099	ENSG00000088826.18	gene|regulatory|transcript	47
chr20	1490697	1490744	ENSG00000196209.13	gene|regulatory|transcript	47
chr20	38163242	38163289	ENSG00000198959.12	gene|regulatory|transcript	47
chr20	59152074	59152121	ENSG00000124203.7	gene|regulatory|transcript	47
chr20	51488566	51488613	ENSG00000101096.20	gene|regulatory|transcript	47
chr20	48753199	48753246	ENSG00000124126.14	gene|regulatory|transcript	47
chr20	9180892	9180939	ENSG00000101333.19	gene|regulatory|transcript	47
chr20	18413452	18413499	ENSG00000089091.17	gene|regulatory|transcript	47
chr20	45910823	45910870	ENSG00000100979.15	gene|regulatory|transcript	47
chr20	49185546	49185593	ENSG00000124214.21	gene|regulatory|transcript	47
chr20	17721027	17721074	ENSG00000125888.15	gene|regulatory|transcript	47
chr20	44411546	44411593	ENSG00000101076.20	gene|regulatory|transcript	47
chr20	3318241	3318288	ENSG00000088854.13	gene|regulatory|transcript	47
chr20	61917262	61917309	ENSG00000179242.16	gene|regulatory|transcript	47
chr20	47649205	47649252	ENSG00000124151.19	gene|regulatory|transcript	47
chr20	653915	653962	ENSG00000270299.1	gene|regulatory|transcript	47
chr20	3404533	3404580	ENSG00000088854.13	gene|regulatory|transcript	47
chr20	8434785	8434832	ENSG00000182621.19	gene|regulatory|transcript	47
chr20	37996953	37997000	ENSG00000101407.13	gene|regulatory|transcript	47
chr20	47061548	47061595	ENSG00000064655.19	gene|regulatory|transcript	47
chr20	36475165	36475212	ENSG00000080845.19	gene|regulatory|transcript	47
chr20	34921600	34921647	ENSG00000131069.20	gene|regulatory|transcript	47
chr20	25009222	25009269	ENSG00000154930.15	gene|regulatory|transcript	47
chr20	842204	842251	ENSG00000125898.13	gene|regulatory|transcript	47
chr20	17587230	17587277	ENSG00000125868.16	gene|regulatory|transcript	47
chr20	37987968	37988015	ENSG00000101407.13	gene|regulatory|transcript	47
chr20	47785787	47785834	ENSG00000196562.16	gene|regulatory|transcript	47
chr20	48933719	48933766	ENSG00000124198.10	gene|regulatory|transcript	47
chr20	50661973	50662020	ENSG00000042062.13|ENSG00000234693.1	gene|regulatory|transcript	47
chr20	3901652	3901699	ENSG00000125779.24	gene|regulatory|transcript	47
chr20	50655704	50655751	ENSG00000042062.13|ENSG00000234693.1	gene|regulatory|transcript	47
chr20	64081167	64081214	ENSG00000125510.18	gene|regulatory|transcript	47
chr20	47215658	47215705	ENSG00000101040.20	gene|regulatory|transcript	47
chr20	31514734	31514781	ENSG00000101294.19	gene|regulatory|transcript	47
chr20	31446533	31446580	ENSG00000180424.7	gene|regulatory|transcript	47
chr20	56386533	56386580	ENSG00000087586.18	gene|regulatory|transcript	47
chr20	45328738	45328785	ENSG00000124145.6	gene|regulatory|transcript	47
chr20	31559847	31559894	ENSG00000101294.19	gene|regulatory|transcript	47
chr20	45254151	45254198	ENSG00000124107.5	gene|regulatory|transcript	47
chr20	37527745	37527792	ENSG00000166619.15	gene|regulatory|transcript	47
chr20	64064352	64064399	ENSG00000171703.17	gene|regulatory|transcript	47
chr20	15487049	15487096	ENSG00000172264.19	gene|regulatory|transcript	47
chr20	54157298	54157345	ENSG00000019186.10	gene|regulatory|transcript	47
chr20	31681799	31681846	ENSG00000171552.14	gene|regulatory|transcript	47
chr20	9241342	9241389	ENSG00000101333.19	gene|regulatory|transcript	47
chr20	2261171	2261218	ENSG00000286022.1	gene|regulatory|transcript	47
chr20	2207901	2207948	ENSG00000226644.5|ENSG00000286022.1	gene|regulatory|transcript	47
chr20	43013660	43013707	ENSG00000196090.14	gene|regulatory|transcript	47
chr20	49566653	49566700	ENSG00000124212.6	gene|regulatory|transcript	47
chr20	3761283	3761330	ENSG00000101220.18	gene|regulatory|transcript	47
chr20	44175148	44175195	ENSG00000149596.7	gene|regulatory|transcript	47
chr20	41159823	41159869	ENSG00000124181.15	gene|regulatory|transcript	46
chr20	32558859	32558905	ENSG00000197183.15	gene|regulatory|transcript	46
chr20	35022454	35022500	ENSG00000100991.12	gene|regulatory|transcript	46
chr20	34995578	34995624	ENSG00000078814.19	gene|regulatory|transcript	46
chr20	11919836	11919882	ENSG00000132640.15	gene|regulatory|transcript	46
chr20	62406868	62406914	ENSG00000149679.12	gene|regulatory|transcript	46
chr20	36341662	36341708	ENSG00000080845.19	gene|regulatory|transcript	46
chr20	32545750	32545796	ENSG00000197183.15	gene|regulatory|transcript	46
chr20	348224	348270	ENSG00000125841.13|ENSG00000225377.6	gene|regulatory|transcript	46
chr20	32832761	32832807	ENSG00000101367.9	gene|regulatory|transcript	46
chr20	38115468	38115514	ENSG00000101413.12	gene|regulatory|transcript	46
chr20	32289947	32289993	ENSG00000101350.8	gene|regulatory|transcript	46
chr20	62672607	62672653	ENSG00000101187.16	gene|regulatory|transcript	46
chr20	36492336	36492382	ENSG00000080845.19	gene|regulatory|transcript	46
chr20	46961006	46961052	ENSG00000064655.19	gene|regulatory|transcript	46
chr20	17711866	17711912	ENSG00000125888.15	gene|regulatory|transcript	46
chr20	48922531	48922577	ENSG00000124198.10	gene|regulatory|transcript	46
chr20	15986246	15986292	ENSG00000172264.19	gene|regulatory|transcript	46
chr20	2917366	2917412	ENSG00000132670.21	gene|regulatory|transcript	46
chr20	25451155	25451201	ENSG00000101003.12	gene|regulatory|transcript	46
chr20	36092633	36092679	ENSG00000088367.23	gene|regulatory|transcript	46
chr20	1465977	1466023	ENSG00000088833.18	gene|regulatory|transcript	46
chr20	35955717	35955763	ENSG00000149646.12|ENSG00000171222.11	gene|regulatory|transcript	46
chr20	3738075	3738121	ENSG00000132622.11	gene|regulatory|transcript	46
chr20	31822538	31822584	ENSG00000101306.11	gene|regulatory|transcript	46
chr20	34017749	34017795	ENSG00000125970.12	gene|regulatory|transcript	46
chr20	59042038	59042084	ENSG00000101166.16	gene|regulatory|transcript	46
chr20	51460266	51460312	ENSG00000101096.20	gene|regulatory|transcript	46
chr20	1567495	1567541	ENSG00000101307.16|ENSG00000260861.6	gene|regulatory|transcript	46
chr20	49636774	49636820	ENSG00000158470.5	gene|regulatory|transcript	46
chr20	38810627	38810673	ENSG00000101445.10	gene|regulatory|transcript	46
chr20	32067552	32067598	ENSG00000101336.18	gene|regulatory|transcript	46
chr20	35791882	35791928	ENSG00000025293.17	gene|regulatory|transcript	46
chr20	423303	423349	ENSG00000125826.22	gene|regulatory|transcript	46
chr20	1302800	1302846	ENSG00000101298.15	gene|regulatory|transcript	46
chr20	44651071	44651117	ENSG00000196839.14	gene|regulatory|transcript	46
chr20	62150257	62150303	ENSG00000184402.15	gene|regulatory|transcript	46
chr20	31870953	31870999	ENSG00000131044.19	gene|regulatory|transcript	46
chr20	63264806	63264852	ENSG00000101198.15	gene|regulatory|transcript	46
chr20	62666333	62666379	ENSG00000101187.16|ENSG00000232803.1	gene|regulatory|transcript	46
chr20	34891504	34891550	ENSG00000131069.20	gene|regulatory|transcript	46
chr20	57216231	57216277	ENSG00000101144.13	gene|regulatory|transcript	46
chr20	17543716	17543762	ENSG00000125864.14	gene|regulatory|transcript	46
chr20	42099204	42099250	ENSG00000196090.14	gene|regulatory|transcript	46
chr20	2838549	2838595	ENSG00000132635.17	gene|regulatory|transcript	46
chr20	63701388	63701434	ENSG00000101246.20	gene|regulatory|transcript	46
chr20	47216865	47216911	ENSG00000101040.20	gene|regulatory|transcript	46
chr20	36604913	36604959	ENSG00000259399.1	gene|regulatory|transcript	46
chr20	50868807	50868853	ENSG00000124243.19	gene|regulatory|transcript	46
chr20	47221267	47221313	ENSG00000101040.20	gene|regulatory|transcript	46
chr20	15298273	15298319	ENSG00000172264.19	gene|regulatory|transcript	46
chr20	2302676	2302722	ENSG00000125780.12|ENSG00000286022.1	gene|regulatory|transcript	46
chr20	47546024	47546070	ENSG00000124151.19	gene|regulatory|transcript	46
chr20	34644226	34644272	ENSG00000101464.11	gene|regulatory|transcript	46
chr20	54533327	54533373	ENSG00000101134.12	gene|regulatory|transcript	46
chr20	43923339	43923385	ENSG00000124191.18	gene|regulatory|transcript	46
chr20	13638847	13638893	ENSG00000089123.16	gene|regulatory|transcript	46
chr20	64036090	64036136	ENSG00000196421.9	gene|regulatory|transcript	46
chr20	44428289	44428334	ENSG00000101076.20	gene|regulatory|transcript	45
chr20	32512301	32512346	ENSG00000197183.15|ENSG00000277301.1	gene|regulatory|transcript	45
chr20	58842387	58842432	ENSG00000087460.29|ENSG00000235590.9	gene|regulatory|transcript	45
chr20	651871	651916	ENSG00000270299.1|ENSG00000271303.2	gene|regulatory|transcript	45
chr20	37394527	37394572	ENSG00000197122.13	gene|regulatory|transcript	45
chr20	18429876	18429921	ENSG00000089091.17	gene|regulatory|transcript	45
chr20	53599653	53599698	ENSG00000171940.14	gene|regulatory|transcript	45
chr20	3694532	3694577	ENSG00000088827.14	gene|regulatory|transcript	45
chr20	38536638	38536683	ENSG00000170471.15	gene|regulatory|transcript	45
chr20	5772816	5772861	ENSG00000171984.15	gene|regulatory|transcript	45
chr20	43927413	43927458	ENSG00000124191.18	gene|regulatory|transcript	45
chr20	47352959	47353004	ENSG00000101040.20|ENSG00000231119.2|ENSG00000289329.1	gene|regulatory|transcript	45
chr20	35491005	35491050	ENSG00000126001.17	gene|regulatory|transcript	45
chr20	31861021	31861066	ENSG00000149599.16	gene|regulatory|transcript	45
chr20	33661023	33661068	ENSG00000125967.17	gene|regulatory|transcript	45
chr20	58694592	58694637	ENSG00000215440.12|ENSG00000254995.4	gene|regulatory|transcript	45
chr20	35617240	35617285	ENSG00000061656.11	gene|regulatory|transcript	45
chr20	31867153	31867198	ENSG00000149599.16	gene|regulatory|transcript	45
chr20	43631653	43631698	ENSG00000101052.13	gene|regulatory|transcript	45
chr20	43572137	43572182	ENSG00000101049.18	gene|regulatory|transcript	45
chr20	4869495	4869540	ENSG00000089057.15	gene|regulatory|transcript	45
chr20	51796567	51796612	ENSG00000101115.13	gene|regulatory|transcript	45
chr20	36804959	36805004	ENSG00000149639.15	gene|regulatory|transcript	45
chr20	48768941	48768986	ENSG00000124126.14	gene|regulatory|transcript	45
chr20	62819176	62819221	ENSG00000092758.18	gene|regulatory|transcript	45
chr20	51622492	51622537	ENSG00000054793.14	gene|regulatory|transcript	45
chr20	33513839	33513884	ENSG00000078699.22	gene|regulatory|transcript	45
chr20	1264091	1264136	ENSG00000244588.6	gene|regulatory|transcript	45
chr20	38218755	38218800	ENSG00000149633.12	gene|regulatory|transcript	45
chr20	20025311	20025356	ENSG00000173418.12	gene|regulatory|transcript	45
chr20	59987407	59987452	ENSG00000124215.17	gene|regulatory|transcript	45
chr20	5548794	5548839	ENSG00000125772.14	gene|regulatory|transcript	45
chr20	15333463	15333508	ENSG00000172264.19	gene|regulatory|transcript	45
chr20	44584615	44584660	ENSG00000168734.14	gene|regulatory|transcript	45
chr20	35399880	35399925	ENSG00000101019.22	gene|regulatory|transcript	45
chr20	34433672	34433717	ENSG00000078747.17|ENSG00000289720.1	gene|regulatory|transcript	45
chr20	37993129	37993174	ENSG00000101407.13	gene|regulatory|transcript	45
chr20	56362280	56362325	ENSG00000124098.10	gene|regulatory|transcript	45
chr20	56412214	56412259	ENSG00000087589.17	gene|regulatory|transcript	45
chr20	37526226	37526271	ENSG00000166619.15	gene|regulatory|transcript	45
chr20	31545999	31546044	ENSG00000101294.19	gene|regulatory|transcript	45
chr20	35117090	35117135	ENSG00000088298.13	gene|regulatory|transcript	45
chr20	51761042	51761087	ENSG00000054793.14	gene|regulatory|transcript	45
chr20	51758599	51758644	ENSG00000054793.14	gene|regulatory|transcript	45
chr20	63471649	63471694	ENSG00000075043.21	gene|regulatory|transcript	45
chr20	25280412	25280457	ENSG00000100994.12	gene|regulatory|transcript	45
chr20	59644414	59644459	ENSG00000087495.17	gene|regulatory|transcript	45
chr20	34824136	34824181	ENSG00000198646.14	gene|regulatory|transcript	45
chr20	25274029	25274074	ENSG00000100994.12	gene|regulatory|transcript	45
chr20	24985358	24985403	ENSG00000101474.12	gene|regulatory|transcript	45
chr20	32358920	32358965	ENSG00000171456.22	gene|regulatory|transcript	45
chr20	57353676	57353721	ENSG00000101146.13	gene|regulatory|transcript	45
chr20	6014054	6014099	ENSG00000088766.12|ENSG00000286235.1	gene|regulatory|transcript	45
chr20	57391818	57391863	ENSG00000132819.17|ENSG00000218018.4	gene|regulatory|transcript	45
chr20	57396759	57396804	ENSG00000132819.17	gene|regulatory|transcript	45
chr20	53137790	53137835	ENSG00000182463.17|ENSG00000286865.1	gene|regulatory|transcript	45
chr20	59626999	59627044	ENSG00000087495.17|ENSG00000238194.2	gene|regulatory|transcript	45
chr20	45864174	45864219	ENSG00000132801.7	gene|regulatory|transcript	45
chr20	35086034	35086079	ENSG00000100991.12	gene|regulatory|transcript	45
chr20	36142692	36142737	ENSG00000088367.23	gene|regulatory|transcript	45
chr20	63238523	63238568	ENSG00000101197.13	gene|regulatory|transcript	45
chr20	49867799	49867844	ENSG00000197818.12	gene|regulatory|transcript	45
chr20	671856	671901	ENSG00000215397.4|ENSG00000270299.1	gene|regulatory|transcript	45
chr20	44136092	44136137	ENSG00000149596.7	gene|regulatory|transcript	45
chr20	32541048	32541093	ENSG00000197183.15	gene|regulatory|transcript	45
chr20	21714425	21714470	ENSG00000125813.15	gene|regulatory|transcript	45
chr20	57610012	57610057	ENSG00000124256.15	gene|regulatory|transcript	45
chr20	46544614	46544659	ENSG00000149635.3	gene|regulatory|transcript	45
chr20	44157091	44157135	ENSG00000149596.7	gene|regulatory|transcript	44
chr20	41118736	41118780	ENSG00000198900.7|ENSG00000226648.2	gene|regulatory|transcript	44
chr20	49566712	49566756	ENSG00000124212.6	gene|regulatory|transcript	44
chr20	35887933	35887977	ENSG00000025293.17	gene|regulatory|transcript	44
chr20	32561179	32561223	ENSG00000197183.15|ENSG00000233293.1	gene|regulatory|transcript	44
chr20	45943765	45943809	ENSG00000100982.12	gene|regulatory|transcript	44
chr20	61583040	61583084	ENSG00000179242.16	gene|regulatory|transcript	44
chr20	38892141	38892185	ENSG00000101445.10	gene|regulatory|transcript	44
chr20	968187	968231	ENSG00000101282.9	gene|regulatory|transcript	44
chr20	61699044	61699088	ENSG00000179242.16	gene|regulatory|transcript	44
chr20	33782107	33782151	ENSG00000131061.15	gene|regulatory|transcript	44
chr20	31879897	31879941	ENSG00000131044.19	gene|regulatory|transcript	44
chr20	63309497	63309541	ENSG00000101203.17	gene|regulatory|transcript	44
chr20	43954934	43954978	ENSG00000124191.18	gene|regulatory|transcript	44
chr20	3710691	3710735	ENSG00000088827.14	gene|regulatory|transcript	44
chr20	10652250	10652294	ENSG00000101384.12	gene|regulatory|transcript	44
chr20	36628226	36628270	ENSG00000101082.14	gene|regulatory|transcript	44
chr20	36628375	36628419	ENSG00000101082.14	gene|regulatory|transcript	44
chr20	35010761	35010805	ENSG00000100991.12	gene|regulatory|transcript	44
chr20	36574508	36574552	ENSG00000118707.11	gene|regulatory|transcript	44
chr20	5118256	5118300	ENSG00000132646.11	gene|regulatory|transcript	44
chr20	655978	656022	ENSG00000270299.1	gene|regulatory|transcript	44
chr20	8932612	8932656	ENSG00000182621.19	gene|regulatory|transcript	44
chr20	44476874	44476918	ENSG00000124120.11	gene|regulatory|transcript	44
chr20	59988276	59988320	ENSG00000124215.17	gene|regulatory|transcript	44
chr20	48819701	48819745	ENSG00000124126.14	gene|regulatory|transcript	44
chr20	16555152	16555196	ENSG00000089177.20	gene|regulatory|transcript	44
chr20	44945259	44945303	ENSG00000025772.8|ENSG00000101104.13	gene|regulatory|transcript	44
chr20	18003951	18003995	ENSG00000125850.11	gene|regulatory|transcript	44
chr20	57216392	57216436	ENSG00000101144.13	gene|regulatory|transcript	44
chr20	13221914	13221958	ENSG00000101230.6	gene|regulatory|transcript	44
chr20	34876823	34876867	ENSG00000131069.20	gene|regulatory|transcript	44
chr20	46214247	46214291	ENSG00000149654.11	gene|regulatory|transcript	44
chr20	38259219	38259263	ENSG00000149633.12	gene|regulatory|transcript	44
chr20	14418396	14418440	ENSG00000172264.19	gene|regulatory|transcript	44
chr20	43005742	43005786	ENSG00000196090.14	gene|regulatory|transcript	44
chr20	8812261	8812305	ENSG00000182621.19	gene|regulatory|transcript	44
chr20	47244521	47244565	ENSG00000101040.20	gene|regulatory|transcript	44
chr20	34567829	34567873	ENSG00000101464.11	gene|regulatory|transcript	44
chr20	48718145	48718189	ENSG00000124126.14	gene|regulatory|transcript	44
chr20	24490444	24490488	ENSG00000101463.6	gene|regulatory|transcript	44
chr20	33624719	33624763	ENSG00000078699.22	gene|regulatory|transcript	44
chr20	33623070	33623114	ENSG00000078699.22	gene|regulatory|transcript	44
chr20	18139124	18139168	ENSG00000149474.15|ENSG00000232838.4	gene|regulatory|transcript	44
chr20	43690942	43690986	ENSG00000101057.16	gene|regulatory|transcript	44
chr20	45970590	45970634	ENSG00000198026.8	gene|regulatory|transcript	44
chr20	37349242	37349286	ENSG00000197122.13	gene|regulatory|transcript	44
chr20	49147222	49147266	ENSG00000124214.21	gene|regulatory|transcript	44
chr20	45378633	45378677	ENSG00000124251.11|ENSG00000254806.5	gene|regulatory|transcript	44
chr20	10218572	10218616	ENSG00000132639.15|ENSG00000227906.10	gene|regulatory|transcript	44
chr20	45044702	45044746	ENSG00000101109.13	gene|regulatory|transcript	44
chr20	46945128	46945172	ENSG00000064655.19	gene|regulatory|transcript	44
chr20	35782199	35782243	ENSG00000025293.17	gene|regulatory|transcript	44
chr20	54476012	54476056	ENSG00000101134.12	gene|regulatory|transcript	44
chr20	47009129	47009173	ENSG00000064655.19	gene|regulatory|transcript	44
chr20	34414779	34414823	ENSG00000078747.17|ENSG00000289720.1	gene|regulatory|transcript	44
chr20	19902465	19902508	ENSG00000132669.14	gene|regulatory|transcript	43
chr20	25258231	25258274	ENSG00000100994.12	gene|regulatory|transcript	43
chr20	3802100	3802143	ENSG00000101224.18	gene|regulatory|transcript	43
chr20	44521155	44521198	ENSG00000132824.14	gene|regulatory|transcript	43
chr20	367315	367358	ENSG00000101255.12	gene|regulatory|transcript	43
chr20	3797749	3797792	ENSG00000101224.18	gene|regulatory|transcript	43
chr20	44573567	44573610	ENSG00000168734.14	gene|regulatory|transcript	43
chr20	32781309	32781352	ENSG00000088305.19	gene|regulatory|transcript	43
chr20	8932827	8932870	ENSG00000182621.19	gene|regulatory|transcript	43
chr20	44419677	44419720	ENSG00000101076.20	gene|regulatory|transcript	43
chr20	19699461	19699504	ENSG00000185052.13	gene|regulatory|transcript	43
chr20	50577160	50577203	ENSG00000196396.10|ENSG00000232043.1	gene|regulatory|transcript	43
chr20	34065000	34065043	ENSG00000125970.12	gene|regulatory|transcript	43
chr20	62319112	62319155	ENSG00000130702.15	gene|regulatory|transcript	43
chr20	48709515	48709558	ENSG00000124126.14	gene|regulatory|transcript	43
chr20	3377953	3377996	ENSG00000088854.13	gene|regulatory|transcript	43
chr20	31860649	31860692	ENSG00000149599.16	gene|regulatory|transcript	43
chr20	1163086	1163129	ENSG00000125818.18	gene|regulatory|transcript	43
chr20	1150494	1150537	ENSG00000125818.18	gene|regulatory|transcript	43
chr20	5008866	5008909	ENSG00000089057.15	gene|regulatory|transcript	43
chr20	44646505	44646548	ENSG00000196839.14	gene|regulatory|transcript	43
chr20	41315659	41315702	ENSG00000174306.22	gene|regulatory|transcript	43
chr20	38063423	38063466	ENSG00000101413.12	gene|regulatory|transcript	43
chr20	46720345	46720388	ENSG00000197496.6	gene|regulatory|transcript	43
chr20	2402759	2402802	ENSG00000166948.10	gene|regulatory|transcript	43
chr20	45779385	45779428	ENSG00000124116.19	gene|regulatory|transcript	43
chr20	50595239	50595282	ENSG00000042062.13	gene|regulatory|transcript	43
chr20	46689083	46689126	ENSG00000172315.6	gene|regulatory|transcript	43
chr20	53586053	53586096	ENSG00000171940.14	gene|regulatory|transcript	43
chr20	17442829	17442872	ENSG00000125851.10	gene|regulatory|transcript	43
chr20	59686464	59686507	ENSG00000087495.17	gene|regulatory|transcript	43
chr20	15962411	15962454	ENSG00000172264.19|ENSG00000286546.1	gene|regulatory|transcript	43
chr20	32210526	32210569	ENSG00000101346.15	gene|regulatory|transcript	43
chr20	32202292	32202335	ENSG00000126003.7	gene|regulatory|transcript	43
chr20	42995082	42995125	ENSG00000196090.14	gene|regulatory|transcript	43
chr20	2524411	2524454	ENSG00000088876.13	gene|regulatory|transcript	43
chr20	9256148	9256191	ENSG00000101333.19	gene|regulatory|transcript	43
chr20	46549271	46549314	ENSG00000149635.3	gene|regulatory|transcript	43
chr20	50798723	50798766	ENSG00000124243.19	gene|regulatory|transcript	43
chr20	32277765	32277808	ENSG00000101350.8	gene|regulatory|transcript	43
chr20	34215892	34215935	ENSG00000101440.10	gene|regulatory|transcript	43
chr20	62846559	62846602	ENSG00000101190.13	gene|regulatory|transcript	43
chr20	51738378	51738421	ENSG00000054793.14	gene|regulatory|transcript	43
chr20	14785198	14785241	ENSG00000172264.19	gene|regulatory|transcript	43
chr20	1576330	1576373	ENSG00000101307.16|ENSG00000260861.6	gene|regulatory|transcript	43
chr20	15951263	15951306	ENSG00000172264.19|ENSG00000286546.1	gene|regulatory|transcript	43
chr20	35014915	35014958	ENSG00000100991.12	gene|regulatory|transcript	43
chr20	35145018	35145061	ENSG00000088298.13	gene|regulatory|transcript	43
chr20	34985022	34985065	ENSG00000078814.19	gene|regulatory|transcript	43
chr20	35187361	35187404	ENSG00000101000.6	gene|regulatory|transcript	43
chr20	32545296	32545338	ENSG00000197183.15	gene|regulatory|transcript	42
chr20	41119737	41119779	ENSG00000198900.7|ENSG00000226648.2	gene|regulatory|transcript	42
chr20	44415019	44415061	ENSG00000101076.20	gene|regulatory|transcript	42
chr20	35826687	35826729	ENSG00000025293.17	gene|regulatory|transcript	42
chr20	32824365	32824407	ENSG00000101367.9	gene|regulatory|transcript	42
chr20	43975323	43975365	ENSG00000124191.18	gene|regulatory|transcript	42
chr20	8537619	8537661	ENSG00000182621.19	gene|regulatory|transcript	42
chr20	34549862	34549904	ENSG00000101460.13	gene|regulatory|transcript	42
chr20	34951351	34951393	ENSG00000100983.12	gene|regulatory|transcript	42
chr20	41425394	41425436	ENSG00000124177.16	gene|regulatory|transcript	42
chr20	17720819	17720861	ENSG00000125888.15	gene|regulatory|transcript	42
chr20	32821447	32821489	ENSG00000101367.9	gene|regulatory|transcript	42
chr20	35902863	35902905	ENSG00000025293.17	gene|regulatory|transcript	42
chr20	3229452	3229494	ENSG00000088836.14	gene|regulatory|transcript	42
chr20	14407360	14407402	ENSG00000172264.19	gene|regulatory|transcript	42
chr20	49385065	49385107	ENSG00000158445.10|ENSG00000290421.1	gene|regulatory|transcript	42
chr20	19977423	19977465	ENSG00000132669.14	gene|regulatory|transcript	42
chr20	18429780	18429822	ENSG00000089091.17	gene|regulatory|transcript	42
chr20	33838263	33838305	ENSG00000101421.4	gene|regulatory|transcript	42
chr20	36943213	36943255	ENSG00000101347.11	gene|regulatory|transcript	42
chr20	38962407	38962449	ENSG00000101452.15	gene|regulatory|transcript	42
chr20	8304659	8304701	ENSG00000182621.19	gene|regulatory|transcript	42
chr20	61588943	61588985	ENSG00000179242.16	gene|regulatory|transcript	42
chr20	32997687	32997729	ENSG00000167098.12	gene|regulatory|transcript	42
chr20	45363693	45363735	ENSG00000204070.10|ENSG00000254806.5	gene|regulatory|transcript	42
chr20	53337028	53337070	ENSG00000182463.17|ENSG00000271774.1	gene|regulatory|transcript	42
chr20	41580668	41580710	ENSG00000124177.16	gene|regulatory|transcript	42
chr20	63682494	63682536	ENSG00000026036.23|ENSG00000258366.12	gene|regulatory|transcript	42
chr20	20691395	20691437	ENSG00000188559.16	gene|regulatory|transcript	42
chr20	38159165	38159207	ENSG00000198959.12	gene|regulatory|transcript	42
chr20	5818375	5818417	ENSG00000171984.15	gene|regulatory|transcript	42
chr20	38136068	38136110	ENSG00000198959.12	gene|regulatory|transcript	42
chr20	5823261	5823303	ENSG00000171984.15	gene|regulatory|transcript	42
chr20	49551702	49551744	ENSG00000124212.6	gene|regulatory|transcript	42
chr20	46980064	46980106	ENSG00000064655.19	gene|regulatory|transcript	42
chr20	38131323	38131365	ENSG00000198959.12	gene|regulatory|transcript	42
chr20	5999958	6000000	ENSG00000278719.1|ENSG00000286235.1	gene|regulatory|transcript	42
chr20	5946276	5946318	ENSG00000089195.15	gene|regulatory|transcript	42
chr20	63786462	63786503	ENSG00000130584.12	gene|regulatory|transcript	41
chr20	46415888	46415929	ENSG00000062598.18|ENSG00000293461.1	gene|regulatory|transcript	41
chr20	57681678	57681719	ENSG00000124225.16	gene|regulatory|transcript	41
chr20	6014363	6014404	ENSG00000088766.12|ENSG00000286235.1	gene|regulatory|transcript	41
chr20	37316105	37316146	ENSG00000101363.13	gene|regulatory|transcript	41
chr20	42472562	42472603	ENSG00000196090.14	gene|regulatory|transcript	41
chr20	3011651	3011692	ENSG00000132670.21	gene|regulatory|transcript	41
chr20	48761201	48761242	ENSG00000124126.14	gene|regulatory|transcript	41
chr20	15951374	15951415	ENSG00000172264.19|ENSG00000286546.1	gene|regulatory|transcript	41
chr20	17594764	17594805	ENSG00000125868.16	gene|regulatory|transcript	41
chr20	36676761	36676802	ENSG00000101079.21	gene|regulatory|transcript	41
chr20	43047289	43047330	ENSG00000196090.14	gene|regulatory|transcript	41
chr20	32512031	32512072	ENSG00000197183.15|ENSG00000277301.1	gene|regulatory|transcript	41
chr20	19977707	19977748	ENSG00000132669.14	gene|regulatory|transcript	41
chr20	35465997	35466038	ENSG00000126001.17	gene|regulatory|transcript	41
chr20	19848050	19848091	ENSG00000132669.14	gene|regulatory|transcript	41
chr20	50642082	50642123	ENSG00000042062.13	gene|regulatory|transcript	41
chr20	10652089	10652130	ENSG00000101384.12	gene|regulatory|transcript	41
chr20	51470857	51470898	ENSG00000101096.20	gene|regulatory|transcript	41
chr20	46010441	46010482	ENSG00000100985.7	gene|regulatory|transcript	41
chr20	47295397	47295438	ENSG00000101040.20	gene|regulatory|transcript	41
chr20	44716793	44716834	ENSG00000064205.11|ENSG00000244558.6	gene|regulatory|transcript	41
chr20	35226648	35226689	ENSG00000126005.17	gene|regulatory|transcript	41
chr20	57706856	57706897	ENSG00000124225.16	gene|regulatory|transcript	41
chr20	3544083	3544124	ENSG00000088812.18	gene|regulatory|transcript	41
chr20	25319927	25319968	ENSG00000100997.20	gene|regulatory|transcript	41
chr20	13785494	13785535	ENSG00000101247.18	gene|regulatory|transcript	41
chr20	44958295	44958336	ENSG00000025772.8|ENSG00000101104.13	gene|regulatory|transcript	41
chr20	25382147	25382188	ENSG00000100997.20	gene|regulatory|transcript	41
chr20	56504294	56504335	ENSG00000022277.13|ENSG00000124091.10	gene|regulatory|transcript	41
chr20	37312809	37312850	ENSG00000101363.13	gene|regulatory|transcript	41
chr20	10218788	10218829	ENSG00000132639.15|ENSG00000227906.10	gene|regulatory|transcript	41
chr20	34072330	34072371	ENSG00000125970.12	gene|regulatory|transcript	41
chr20	20466477	20466518	ENSG00000188559.16	gene|regulatory|transcript	41
chr20	36407300	36407341	ENSG00000080845.19	gene|regulatory|transcript	41
chr20	49563299	49563340	ENSG00000124212.6	gene|regulatory|transcript	41
chr20	10520792	10520833	ENSG00000149346.15	gene|regulatory|transcript	41
chr20	31517384	31517425	ENSG00000101294.19	gene|regulatory|transcript	41
chr20	64062388	64062429	ENSG00000171703.17	gene|regulatory|transcript	41
chr20	50871749	50871790	ENSG00000124243.19	gene|regulatory|transcript	41
chr20	56362361	56362402	ENSG00000124098.10	gene|regulatory|transcript	41
chr20	38068360	38068401	ENSG00000101413.12	gene|regulatory|transcript	41
chr20	50868701	50868742	ENSG00000124243.19	gene|regulatory|transcript	41
chr20	43947900	43947941	ENSG00000124191.18	gene|regulatory|transcript	41
chr20	51749824	51749865	ENSG00000054793.14	gene|regulatory|transcript	41
chr20	17504815	17504855	ENSG00000125864.14	gene|regulatory|transcript	40
chr20	15187110	15187150	ENSG00000172264.19	gene|regulatory|transcript	40
chr20	45313994	45314034	ENSG00000124232.11	gene|regulatory|transcript	40
chr20	38567232	38567272	ENSG00000170471.15	gene|regulatory|transcript	40
chr20	37522317	37522357	ENSG00000053438.11|ENSG00000166619.15	gene|regulatory|transcript	40
chr20	52161242	52161282	ENSG00000020256.20	gene|regulatory|transcript	40
chr20	49677694	49677734	ENSG00000158470.5	gene|regulatory|transcript	40
chr20	2113230	2113270	ENSG00000125834.13	gene|regulatory|transcript	40
chr20	51738330	51738370	ENSG00000054793.14	gene|regulatory|transcript	40
chr20	53269050	53269090	ENSG00000182463.17|ENSG00000271774.1	gene|regulatory|transcript	40
chr20	16556457	16556497	ENSG00000089177.20	gene|regulatory|transcript	40
chr20	32985903	32985943	ENSG00000167098.12	gene|regulatory|transcript	40
chr20	14758056	14758096	ENSG00000172264.19	gene|regulatory|transcript	40
chr20	9482427	9482467	ENSG00000101333.19	gene|regulatory|transcript	40
chr20	46399711	46399751	ENSG00000062598.18	gene|regulatory|transcript	40
chr20	49052573	49052613	ENSG00000124207.17	gene|regulatory|transcript	40
chr20	36624594	36624634	ENSG00000101082.14	gene|regulatory|transcript	40
chr20	38351487	38351527	ENSG00000129988.6	gene|regulatory|transcript	40
chr20	57682429	57682469	ENSG00000124225.16	gene|regulatory|transcript	40
chr20	36604589	36604629	ENSG00000259399.1	gene|regulatory|transcript	40
chr20	32583225	32583265	ENSG00000197183.15|ENSG00000228156.1	gene|regulatory|transcript	40
chr20	49868798	49868838	ENSG00000197818.12	gene|regulatory|transcript	40
chr20	50873030	50873070	ENSG00000124243.19	gene|regulatory|transcript	40
chr20	19219351	19219391	ENSG00000185052.13	gene|regulatory|transcript	40
chr20	57237058	57237098	ENSG00000101144.13	gene|regulatory|transcript	40
chr20	51401610	51401650	ENSG00000101096.20	gene|regulatory|transcript	40
chr20	892013	892053	ENSG00000101280.8	gene|regulatory|transcript	40
chr20	1336343	1336383	ENSG00000234684.8|ENSG00000274322.1	gene|regulatory|transcript	40
chr20	34363349	34363389	ENSG00000078747.17|ENSG00000289720.1	gene|regulatory|transcript	40
chr20	43939032	43939072	ENSG00000124191.18	gene|regulatory|transcript	40
chr20	13139732	13139772	ENSG00000172296.13	gene|regulatory|transcript	40
chr20	35438396	35438436	ENSG00000125965.9	gene|regulatory|transcript	40
chr20	382059	382099	ENSG00000101255.12	gene|regulatory|transcript	40
chr20	19767601	19767641	ENSG00000132669.14	gene|regulatory|transcript	40
chr20	19874510	19874550	ENSG00000132669.14	gene|regulatory|transcript	40
chr20	49447471	49447511	ENSG00000158445.10	gene|regulatory|transcript	40
chr20	34011023	34011063	ENSG00000125970.12	gene|regulatory|transcript	40
chr20	18395772	18395812	ENSG00000089091.17	gene|regulatory|transcript	40
chr20	32538078	32538118	ENSG00000197183.15	gene|regulatory|transcript	40
chr20	14708209	14708249	ENSG00000172264.19	gene|regulatory|transcript	40
chr20	3173034	3173074	ENSG00000088899.16	gene|regulatory|transcript	40
chr20	50101531	50101571	ENSG00000124208.16|ENSG00000244687.13	gene|regulatory|transcript	40
chr20	57338235	57338275	ENSG00000054796.13	gene|regulatory|transcript	40
chr20	14334703	14334743	ENSG00000125848.10|ENSG00000172264.19	gene|regulatory|transcript	40
chr20	50671547	50671587	ENSG00000042062.13	gene|regulatory|transcript	40
chr20	61588768	61588808	ENSG00000179242.16	gene|regulatory|transcript	40
chr20	51514316	51514356	ENSG00000101096.20	gene|regulatory|transcript	40
chr20	38612943	38612983	ENSG00000124143.11|ENSG00000289012.1	gene|regulatory|transcript	40
chr20	43490385	43490425	ENSG00000185513.18|ENSG00000288000.1	gene|regulatory|transcript	40
chr20	17572619	17572659	ENSG00000125868.16	gene|regulatory|transcript	40
chr20	47660769	47660809	ENSG00000196562.16	gene|regulatory|transcript	40
chr20	49831341	49831381	ENSG00000197818.12	gene|regulatory|transcript	40
chr20	5986131	5986170	ENSG00000125885.13|ENSG00000286235.1	gene|regulatory|transcript	39
chr20	31716576	31716615	ENSG00000171552.14|ENSG00000236559.1	gene|regulatory|transcript	39
chr20	15191494	15191533	ENSG00000172264.19	gene|regulatory|transcript	39
chr20	49226535	49226574	ENSG00000124228.15	gene|regulatory|transcript	39
chr20	64053939	64053978	ENSG00000171703.17	gene|regulatory|transcript	39
chr20	44165252	44165291	ENSG00000149596.7	gene|regulatory|transcript	39
chr20	10644315	10644354	ENSG00000101384.12	gene|regulatory|transcript	39
chr20	45970706	45970745	ENSG00000198026.8	gene|regulatory|transcript	39
chr20	34887039	34887078	ENSG00000131069.20	gene|regulatory|transcript	39
chr20	32673592	32673631	ENSG00000198547.10|ENSG00000285382.1	gene|regulatory|transcript	39
chr20	41172877	41172916	ENSG00000124181.15	gene|regulatory|transcript	39
chr20	61730488	61730527	ENSG00000179242.16	gene|regulatory|transcript	39
chr20	43942368	43942407	ENSG00000124191.18	gene|regulatory|transcript	39
chr20	34862774	34862813	ENSG00000131067.17	gene|regulatory|transcript	39
chr20	3861292	3861331	ENSG00000088888.18	gene|regulatory|transcript	39
chr20	35252444	35252483	ENSG00000125966.10|ENSG00000126005.17	gene|regulatory|transcript	39
chr20	61497440	61497479	ENSG00000179242.16	gene|regulatory|transcript	39
chr20	14441477	14441516	ENSG00000172264.19	gene|regulatory|transcript	39
chr20	46403378	46403417	ENSG00000062598.18	gene|regulatory|transcript	39
chr20	36644829	36644868	ENSG00000101082.14	gene|regulatory|transcript	39
chr20	50151315	50151354	ENSG00000124208.16|ENSG00000240849.11	gene|regulatory|transcript	39
chr20	53303617	53303656	ENSG00000182463.17|ENSG00000271774.1	gene|regulatory|transcript	39
chr20	50517558	50517597	ENSG00000196396.10	gene|regulatory|transcript	39
chr20	56438537	56438576	ENSG00000087589.17	gene|regulatory|transcript	39
chr20	45095817	45095856	ENSG00000124134.9	gene|regulatory|transcript	39
chr20	4926531	4926570	ENSG00000089057.15	gene|regulatory|transcript	39
chr20	35850918	35850957	ENSG00000025293.17	gene|regulatory|transcript	39
chr20	17595471	17595510	ENSG00000125868.16	gene|regulatory|transcript	39
chr20	2284027	2284066	ENSG00000286022.1	gene|regulatory|transcript	39
chr20	34993062	34993101	ENSG00000078814.19	gene|regulatory|transcript	39
chr20	36756511	36756550	ENSG00000149636.16	gene|regulatory|transcript	39
chr20	50562602	50562641	ENSG00000196396.10	gene|regulatory|transcript	39
chr20	1894517	1894556	ENSG00000198053.12	gene|regulatory|transcript	39
chr20	3071993	3072032	ENSG00000101405.3	gene|regulatory|transcript	39
chr20	1895526	1895565	ENSG00000198053.12	gene|regulatory|transcript	39
chr20	47259508	47259547	ENSG00000101040.20	gene|regulatory|transcript	39
chr20	47143149	47143188	ENSG00000064655.19	gene|regulatory|transcript	39
chr20	45787982	45788021	ENSG00000124116.19	gene|regulatory|transcript	39
chr20	34945913	34945952	ENSG00000100983.12	gene|regulatory|transcript	39
chr20	17679196	17679235	ENSG00000125844.17	gene|regulatory|transcript	39
chr20	1538983	1539022	ENSG00000125900.13|ENSG00000242324.1	gene|regulatory|transcript	39
chr20	46362582	46362621	ENSG00000080189.15	gene|regulatory|transcript	39
chr20	25324961	25325000	ENSG00000100997.20	gene|regulatory|transcript	39
chr20	41588192	41588231	ENSG00000124177.16	gene|regulatory|transcript	39
chr20	62238910	62238948	ENSG00000130703.17	gene|regulatory|transcript	38
chr20	35719331	35719369	ENSG00000131051.24	gene|regulatory|transcript	38
chr20	2300876	2300914	ENSG00000125780.12|ENSG00000286022.1	gene|regulatory|transcript	38
chr20	45305616	45305654	ENSG00000124159.17	gene|regulatory|transcript	38
chr20	376592	376630	ENSG00000101255.12	gene|regulatory|transcript	38
chr20	378414	378452	ENSG00000101255.12	gene|regulatory|transcript	38
chr20	36446658	36446696	ENSG00000080845.19	gene|regulatory|transcript	38
chr20	14882462	14882500	ENSG00000172264.19	gene|regulatory|transcript	38
chr20	38840661	38840699	ENSG00000101445.10	gene|regulatory|transcript	38
chr20	34110171	34110209	ENSG00000125977.7	gene|regulatory|transcript	38
chr20	48758183	48758221	ENSG00000124126.14	gene|regulatory|transcript	38
chr20	33409170	33409208	ENSG00000101400.6	gene|regulatory|transcript	38
chr20	63730991	63731029	ENSG00000197114.12|ENSG00000273154.3	gene|regulatory|transcript	38
chr20	36594437	36594475	ENSG00000259399.1	gene|regulatory|transcript	38
chr20	17316401	17316439	ENSG00000125851.10	gene|regulatory|transcript	38
chr20	14957924	14957962	ENSG00000172264.19	gene|regulatory|transcript	38
chr20	23411455	23411493	ENSG00000125814.17	gene|regulatory|transcript	38
chr20	43507550	43507588	ENSG00000185513.18|ENSG00000288000.1	gene|regulatory|transcript	38
chr20	63899171	63899209	ENSG00000101152.12|ENSG00000290226.1	gene|regulatory|transcript	38
chr20	51766521	51766559	ENSG00000054793.14	gene|regulatory|transcript	38
chr20	34776448	34776486	ENSG00000198646.14|ENSG00000286803.1	gene|regulatory|transcript	38
chr20	34719686	34719724	ENSG00000198646.14	gene|regulatory|transcript	38
chr20	62282838	62282876	ENSG00000130703.17	gene|regulatory|transcript	38
chr20	45944829	45944867	ENSG00000100982.12	gene|regulatory|transcript	38
chr20	61504471	61504509	ENSG00000179242.16	gene|regulatory|transcript	38
chr20	63365186	63365224	ENSG00000101204.18|ENSG00000203900.2	gene|regulatory|transcript	38
chr20	13930551	13930589	ENSG00000101251.13	gene|regulatory|transcript	38
chr20	17963491	17963529	ENSG00000089006.17|ENSG00000125850.11	gene|regulatory|transcript	38
chr20	50087553	50087591	ENSG00000124208.16|ENSG00000244687.13	gene|regulatory|transcript	38
chr20	49319459	49319497	ENSG00000158445.10|ENSG00000283529.2|ENSG00000290421.1	gene|regulatory|transcript	38
chr20	1342172	1342210	ENSG00000234684.8|ENSG00000274322.1	gene|regulatory|transcript	38
chr20	48725604	48725642	ENSG00000124126.14	gene|regulatory|transcript	38
chr20	48717459	48717497	ENSG00000124126.14	gene|regulatory|transcript	38
chr20	14985789	14985827	ENSG00000172264.19	gene|regulatory|transcript	38
chr20	4787105	4787143	ENSG00000101265.16	gene|regulatory|transcript	38
chr20	51450266	51450304	ENSG00000101096.20	gene|regulatory|transcript	38
chr20	38876272	38876310	ENSG00000101445.10	gene|regulatory|transcript	38
chr20	38049246	38049284	ENSG00000101413.12	gene|regulatory|transcript	38
chr20	34390405	34390443	ENSG00000078747.17|ENSG00000289720.1	gene|regulatory|transcript	38
chr20	58328808	58328846	ENSG00000124209.4	gene|regulatory|transcript	38
chr20	25077646	25077684	ENSG00000100987.15	gene|regulatory|transcript	38
chr20	11890954	11890992	ENSG00000132640.15	gene|regulatory|transcript	38
chr20	61691476	61691514	ENSG00000179242.16	gene|regulatory|transcript	38
chr20	33847437	33847475	ENSG00000101421.4	gene|regulatory|transcript	38
chr20	41234142	41234180	ENSG00000174306.22	gene|regulatory|transcript	38
chr20	13068885	13068923	ENSG00000172296.13	gene|regulatory|transcript	38
chr20	63272920	63272958	ENSG00000101199.13	gene|regulatory|transcript	38
chr20	32580377	32580415	ENSG00000197183.15	gene|regulatory|transcript	38
chr20	667100	667138	ENSG00000215397.4|ENSG00000270299.1	gene|regulatory|transcript	38
chr20	63253939	63253977	ENSG00000101198.15	gene|regulatory|transcript	38
chr20	18584801	18584839	ENSG00000284776.1	gene|regulatory|transcript	38
chr20	366273	366311	ENSG00000101255.12	gene|regulatory|transcript	38
chr20	37112446	37112484	ENSG00000101353.16	gene|regulatory|transcript	38
chr20	3787710	3787748	ENSG00000101224.18	gene|regulatory|transcript	38
chr20	44405485	44405523	ENSG00000101076.20	gene|regulatory|transcript	38
chr20	32562385	32562422	ENSG00000197183.15|ENSG00000233293.1	gene|regulatory|transcript	37
chr20	10666546	10666583	ENSG00000101384.12	gene|regulatory|transcript	37
chr20	25205090	25205127	ENSG00000197586.13	gene|regulatory|transcript	37
chr20	25301294	25301331	ENSG00000100997.20	gene|regulatory|transcript	37
chr20	45939177	45939214	ENSG00000100982.12	gene|regulatory|transcript	37
chr20	57197688	57197725	ENSG00000101144.13	gene|regulatory|transcript	37
chr20	45938119	45938156	ENSG00000100982.12	gene|regulatory|transcript	37
chr20	46351546	46351583	ENSG00000080189.15	gene|regulatory|transcript	37
chr20	38876627	38876664	ENSG00000101445.10	gene|regulatory|transcript	37
chr20	9281075	9281112	ENSG00000101333.19	gene|regulatory|transcript	37
chr20	9236158	9236195	ENSG00000101333.19	gene|regulatory|transcript	37
chr20	45470955	45470992	ENSG00000101443.18	gene|regulatory|transcript	37
chr20	36754850	36754887	ENSG00000149636.16	gene|regulatory|transcript	37
chr20	63613114	63613151	ENSG00000101216.11	gene|regulatory|transcript	37
chr20	63612300	63612337	ENSG00000101216.11	gene|regulatory|transcript	37
chr20	34978626	34978663	ENSG00000078814.19	gene|regulatory|transcript	37
chr20	36844700	36844737	ENSG00000149639.15	gene|regulatory|transcript	37
chr20	63543276	63543313	ENSG00000125508.4	gene|regulatory|transcript	37
chr20	41279283	41279320	ENSG00000174306.22	gene|regulatory|transcript	37
chr20	36765873	36765910	ENSG00000149636.16	gene|regulatory|transcript	37
chr20	35212262	35212299	ENSG00000101000.6|ENSG00000126005.17	gene|regulatory|transcript	37
chr20	64016845	64016882	ENSG00000101161.8	gene|regulatory|transcript	37
chr20	43584642	43584679	ENSG00000101049.18	gene|regulatory|transcript	37
chr20	35934417	35934454	ENSG00000025293.17	gene|regulatory|transcript	37
chr20	32538191	32538228	ENSG00000197183.15	gene|regulatory|transcript	37
chr20	38231164	38231201	ENSG00000149633.12	gene|regulatory|transcript	37
chr20	63978361	63978398	ENSG00000130590.14	gene|regulatory|transcript	37
chr20	62362552	62362589	ENSG00000130702.15	gene|regulatory|transcript	37
chr20	31520602	31520639	ENSG00000101294.19	gene|regulatory|transcript	37
chr20	52105855	52105892	ENSG00000020256.20	gene|regulatory|transcript	37
chr20	44124390	44124427	ENSG00000149596.7	gene|regulatory|transcript	37
chr20	18546268	18546305	ENSG00000101310.17	gene|regulatory|transcript	37
chr20	35815258	35815295	ENSG00000025293.17	gene|regulatory|transcript	37
chr20	43988546	43988583	ENSG00000124191.18	gene|regulatory|transcript	37
chr20	35722614	35722651	ENSG00000131051.24	gene|regulatory|transcript	37
chr20	59621129	59621166	ENSG00000087495.17	gene|regulatory|transcript	37
chr20	43161053	43161090	ENSG00000196090.14	gene|regulatory|transcript	37
chr20	20212770	20212807	ENSG00000089101.19	gene|regulatory|transcript	37
chr20	57695937	57695974	ENSG00000124225.16	gene|regulatory|transcript	37
chr20	38052928	38052965	ENSG00000101413.12	gene|regulatory|transcript	37
chr20	17968980	17969017	ENSG00000125850.11	gene|regulatory|transcript	37
chr20	43161192	43161229	ENSG00000196090.14	gene|regulatory|transcript	37
chr20	48963898	48963935	ENSG00000124198.10	gene|regulatory|transcript	37
chr20	46411239	46411276	ENSG00000062598.18	gene|regulatory|transcript	37
chr20	62237003	62237040	ENSG00000130703.17	gene|regulatory|transcript	37
chr20	37397501	37397538	ENSG00000197122.13	gene|regulatory|transcript	37
chr20	44971628	44971665	ENSG00000101109.13	gene|regulatory|transcript	37
chr20	16455345	16455382	ENSG00000089177.20	gene|regulatory|transcript	37
chr20	42679198	42679235	ENSG00000196090.14	gene|regulatory|transcript	37
chr20	42780180	42780217	ENSG00000196090.14	gene|regulatory|transcript	37
chr20	2611328	2611365	ENSG00000149488.14	gene|regulatory|transcript	37
chr20	21193158	21193194	ENSG00000088970.16|ENSG00000232712.6	gene|regulatory|transcript	36
chr20	42475533	42475569	ENSG00000196090.14	gene|regulatory|transcript	36
chr20	42572927	42572963	ENSG00000196090.14	gene|regulatory|transcript	36
chr20	63652111	63652147	ENSG00000197457.10	gene|regulatory|transcript	36
chr20	4815123	4815159	ENSG00000101265.16	gene|regulatory|transcript	36
chr20	4823451	4823487	ENSG00000101265.16	gene|regulatory|transcript	36
chr20	32199516	32199552	ENSG00000126003.7	gene|regulatory|transcript	36
chr20	33490675	33490711	ENSG00000078699.22	gene|regulatory|transcript	36
chr20	63435083	63435119	ENSG00000075043.21	gene|regulatory|transcript	36
chr20	50587332	50587368	ENSG00000042062.13	gene|regulatory|transcript	36
chr20	36837033	36837069	ENSG00000149639.15	gene|regulatory|transcript	36
chr20	38860514	38860550	ENSG00000101445.10	gene|regulatory|transcript	36
chr20	4015389	4015425	ENSG00000101236.17	gene|regulatory|transcript	36
chr20	34680737	34680773	ENSG00000101464.11	gene|regulatory|transcript	36
chr20	38610738	38610774	ENSG00000124143.11|ENSG00000289012.1	gene|regulatory|transcript	36
chr20	3110887	3110923	ENSG00000185019.17|ENSG00000235958.5	gene|regulatory|transcript	36
chr20	45858129	45858165	ENSG00000132801.7	gene|regulatory|transcript	36
chr20	3389449	3389485	ENSG00000088854.13	gene|regulatory|transcript	36
chr20	32053919	32053955	ENSG00000101336.18	gene|regulatory|transcript	36
chr20	32019671	32019707	ENSG00000101331.17|ENSG00000226239.2	gene|regulatory|transcript	36
chr20	45835706	45835742	ENSG00000124104.19	gene|regulatory|transcript	36
chr20	38884182	38884218	ENSG00000101445.10	gene|regulatory|transcript	36
chr20	64179756	64179792	ENSG00000196132.14	gene|regulatory|transcript	36
chr20	35474646	35474682	ENSG00000126001.17	gene|regulatory|transcript	36
chr20	13109748	13109784	ENSG00000172296.13	gene|regulatory|transcript	36
chr20	31870280	31870316	ENSG00000149599.16	gene|regulatory|transcript	36
chr20	46122358	46122394	ENSG00000101017.15	gene|regulatory|transcript	36
chr20	62959035	62959071	ENSG00000101194.18	gene|regulatory|transcript	36
chr20	46957301	46957337	ENSG00000064655.19	gene|regulatory|transcript	36
chr20	46221296	46221332	ENSG00000149654.11	gene|regulatory|transcript	36
chr20	57244055	57244091	ENSG00000101144.13	gene|regulatory|transcript	36
chr20	1930434	1930470	ENSG00000198053.12	gene|regulatory|transcript	36
chr20	44765227	44765263	ENSG00000101098.13	gene|regulatory|transcript	36
chr20	63940716	63940752	ENSG00000198276.16	gene|regulatory|transcript	36
chr20	1388739	1388775	ENSG00000088832.18|ENSG00000274322.1	gene|regulatory|transcript	36
chr20	37912219	37912255	ENSG00000132821.12	gene|regulatory|transcript	36
chr20	56373980	56374016	ENSG00000087586.18	gene|regulatory|transcript	36
chr20	17594475	17594511	ENSG00000125868.16	gene|regulatory|transcript	36
chr20	1935683	1935719	ENSG00000198053.12	gene|regulatory|transcript	36
chr20	59596723	59596759	ENSG00000087495.17	gene|regulatory|transcript	36
chr20	36362835	36362871	ENSG00000080845.19	gene|regulatory|transcript	36
chr20	42980231	42980267	ENSG00000196090.14	gene|regulatory|transcript	36
chr20	59830685	59830721	ENSG00000087495.17	gene|regulatory|transcript	36
chr20	15643852	15643888	ENSG00000172264.19	gene|regulatory|transcript	36
chr20	36574439	36574475	ENSG00000118707.11	gene|regulatory|transcript	36
chr20	47300306	47300342	ENSG00000101040.20	gene|regulatory|transcript	36
chr20	37397662	37397698	ENSG00000197122.13	gene|regulatory|transcript	36
chr20	36155374	36155410	ENSG00000088367.23|ENSG00000232406.8	gene|regulatory|transcript	36
chr20	35356398	35356434	ENSG00000101019.22	gene|regulatory|transcript	36
chr20	49914827	49914863	ENSG00000158480.11	gene|regulatory|transcript	36
chr20	35271968	35272004	ENSG00000125966.10|ENSG00000126005.17|ENSG00000261582.1	gene|regulatory|transcript	36
chr20	20070817	20070853	ENSG00000089101.19	gene|regulatory|transcript	36
chr20	18524670	18524706	ENSG00000101310.17	gene|regulatory|transcript	36
chr20	38242978	38243014	ENSG00000149633.12	gene|regulatory|transcript	36
chr20	34310746	34310782	ENSG00000101444.13	gene|regulatory|transcript	36
chr20	38053017	38053053	ENSG00000101413.12	gene|regulatory|transcript	36
chr20	35995001	35995037	ENSG00000149646.12	gene|regulatory|transcript	36
chr20	49277366	49277402	ENSG00000124201.15	gene|regulatory|transcript	36
chr20	58892595	58892631	ENSG00000087460.29	gene|regulatory|transcript	36
chr20	54215689	54215725	ENSG00000101132.10	gene|regulatory|transcript	36
chr20	47009086	47009122	ENSG00000064655.19	gene|regulatory|transcript	36
chr20	38113862	38113898	ENSG00000101413.12	gene|regulatory|transcript	36
chr20	7910943	7910979	ENSG00000101323.5	gene|regulatory|transcript	36
chr20	19921628	19921664	ENSG00000132669.14	gene|regulatory|transcript	36
chr20	58847785	58847820	ENSG00000087460.29|ENSG00000235590.9	gene|regulatory|transcript	35
chr20	44386788	44386823	ENSG00000101076.20|ENSG00000229005.2	gene|regulatory|transcript	35
chr20	32762861	32762896	ENSG00000088305.19	gene|regulatory|transcript	35
chr20	44649549	44649584	ENSG00000196839.14	gene|regulatory|transcript	35
chr20	38255572	38255607	ENSG00000149633.12	gene|regulatory|transcript	35
chr20	34268955	34268990	ENSG00000101440.10|ENSG00000250917.1	gene|regulatory|transcript	35
chr20	32538946	32538981	ENSG00000197183.15	gene|regulatory|transcript	35
chr20	37988134	37988169	ENSG00000101407.13	gene|regulatory|transcript	35
chr20	34559172	34559207	ENSG00000101460.13	gene|regulatory|transcript	35
chr20	32822551	32822586	ENSG00000101367.9	gene|regulatory|transcript	35
chr20	47351674	47351709	ENSG00000101040.20	gene|regulatory|transcript	35
chr20	50131209	50131244	ENSG00000124208.16|ENSG00000240849.11	gene|regulatory|transcript	35
chr20	56428201	56428236	ENSG00000087589.17	gene|regulatory|transcript	35
chr20	16556326	16556361	ENSG00000089177.20	gene|regulatory|transcript	35
chr20	50746335	50746370	ENSG00000124171.9	gene|regulatory|transcript	35
chr20	50811134	50811169	ENSG00000124243.19	gene|regulatory|transcript	35
chr20	50813340	50813375	ENSG00000124243.19	gene|regulatory|transcript	35
chr20	63826735	63826770	ENSG00000130584.12	gene|regulatory|transcript	35
chr20	43066740	43066775	ENSG00000196090.14	gene|regulatory|transcript	35
chr20	17731508	17731543	ENSG00000125888.15	gene|regulatory|transcript	35
chr20	20267948	20267983	ENSG00000089101.19	gene|regulatory|transcript	35
chr20	43559419	43559454	ENSG00000101049.18|ENSG00000277611.1	gene|regulatory|transcript	35
chr20	51767380	51767415	ENSG00000054793.14	gene|regulatory|transcript	35
chr20	17594219	17594254	ENSG00000125868.16	gene|regulatory|transcript	35
chr20	36226573	36226608	ENSG00000088367.23	gene|regulatory|transcript	35
chr20	57694510	57694545	ENSG00000124225.16	gene|regulatory|transcript	35
chr20	16533575	16533610	ENSG00000089177.20	gene|regulatory|transcript	35
chr20	32231411	32231446	ENSG00000101346.15	gene|regulatory|transcript	35
chr20	13285700	13285735	ENSG00000101230.6	gene|regulatory|transcript	35
chr20	36832109	36832144	ENSG00000149639.15	gene|regulatory|transcript	35
chr20	36947514	36947549	ENSG00000101347.11	gene|regulatory|transcript	35
chr20	35740989	35741024	ENSG00000131051.24	gene|regulatory|transcript	35
chr20	58841875	58841910	ENSG00000087460.29|ENSG00000235590.9	gene|regulatory|transcript	35
chr20	64210702	64210737	ENSG00000196132.14	gene|regulatory|transcript	35
chr20	58669453	58669488	ENSG00000124222.23|ENSG00000254995.4	gene|regulatory|transcript	35
chr20	61531110	61531145	ENSG00000179242.16	gene|regulatory|transcript	35
chr20	44209074	44209109	ENSG00000132823.11	gene|regulatory|transcript	35
chr20	13995333	13995368	ENSG00000101251.13	gene|regulatory|transcript	35
chr20	45967698	45967733	ENSG00000198026.8	gene|regulatory|transcript	35
chr20	44409551	44409586	ENSG00000101076.20	gene|regulatory|transcript	35
chr20	421031	421066	ENSG00000125826.22	gene|regulatory|transcript	35
chr20	36947441	36947476	ENSG00000101347.11	gene|regulatory|transcript	35
chr20	34959775	34959810	ENSG00000078814.19	gene|regulatory|transcript	35
chr20	34891206	34891241	ENSG00000131069.20	gene|regulatory|transcript	35
chr20	37202666	37202701	ENSG00000118705.18	gene|regulatory|transcript	35
chr20	10636478	10636513	ENSG00000149346.15	gene|regulatory|transcript	35
chr20	23401410	23401445	ENSG00000125814.17	gene|regulatory|transcript	35
chr20	47581327	47581362	ENSG00000124151.19	gene|regulatory|transcript	35
chr20	15107948	15107983	ENSG00000172264.19	gene|regulatory|transcript	35
chr20	61331163	61331198	ENSG00000179242.16	gene|regulatory|transcript	35
chr20	59994489	59994524	ENSG00000124215.17	gene|regulatory|transcript	35
chr20	47544281	47544316	ENSG00000124151.19	gene|regulatory|transcript	35
chr20	47665821	47665856	ENSG00000196562.16	gene|regulatory|transcript	35
chr20	57503601	57503636	ENSG00000124092.13	gene|regulatory|transcript	35
chr20	21202278	21202313	ENSG00000088970.16|ENSG00000232712.6	gene|regulatory|transcript	35
chr20	61717061	61717096	ENSG00000179242.16	gene|regulatory|transcript	35
chr20	34982555	34982590	ENSG00000078814.19	gene|regulatory|transcript	35
chr20	21202830	21202864	ENSG00000088970.16|ENSG00000232712.6	gene|regulatory|transcript	34
chr20	32227603	32227637	ENSG00000101346.15	gene|regulatory|transcript	34
chr20	9388719	9388753	ENSG00000101333.19	gene|regulatory|transcript	34
chr20	45362029	45362063	ENSG00000204070.10	gene|regulatory|transcript	34
chr20	3762830	3762864	ENSG00000101220.18	gene|regulatory|transcript	34
chr20	10636438	10636472	ENSG00000149346.15	gene|regulatory|transcript	34
chr20	47761303	47761337	ENSG00000196562.16	gene|regulatory|transcript	34
chr20	3699167	3699201	ENSG00000088827.14	gene|regulatory|transcript	34
chr20	41172645	41172679	ENSG00000124181.15	gene|regulatory|transcript	34
chr20	14859837	14859871	ENSG00000172264.19	gene|regulatory|transcript	34
chr20	56637467	56637501	ENSG00000087510.7	gene|regulatory|transcript	34
chr20	45610997	45611031	ENSG00000180205.4	gene|regulatory|transcript	34
chr20	37179588	37179622	ENSG00000118705.18	gene|regulatory|transcript	34
chr20	48770959	48770993	ENSG00000124126.14	gene|regulatory|transcript	34
chr20	37345768	37345802	ENSG00000197122.13	gene|regulatory|transcript	34
chr20	16017827	16017861	ENSG00000172264.19	gene|regulatory|transcript	34
chr20	41250072	41250106	ENSG00000174306.22	gene|regulatory|transcript	34
chr20	63273089	63273123	ENSG00000101199.13	gene|regulatory|transcript	34
chr20	44419609	44419643	ENSG00000101076.20	gene|regulatory|transcript	34
chr20	19823408	19823442	ENSG00000132669.14	gene|regulatory|transcript	34
chr20	36838609	36838643	ENSG00000149639.15	gene|regulatory|transcript	34
chr20	57335461	57335495	ENSG00000054796.13	gene|regulatory|transcript	34
chr20	53417595	53417629	ENSG00000182463.17|ENSG00000271774.1	gene|regulatory|transcript	34
chr20	50647005	50647039	ENSG00000042062.13|ENSG00000234693.1	gene|regulatory|transcript	34
chr20	45813290	45813324	ENSG00000175063.17	gene|regulatory|transcript	34
chr20	41348584	41348618	ENSG00000132793.12	gene|regulatory|transcript	34
chr20	57227126	57227160	ENSG00000101144.13	gene|regulatory|transcript	34
chr20	13079714	13079748	ENSG00000172296.13	gene|regulatory|transcript	34
chr20	46120010	46120044	ENSG00000101017.15	gene|regulatory|transcript	34
chr20	41151033	41151067	ENSG00000124181.15	gene|regulatory|transcript	34
chr20	45338741	45338775	ENSG00000124145.6	gene|regulatory|transcript	34
chr20	36755078	36755112	ENSG00000149636.16	gene|regulatory|transcript	34
chr20	50739002	50739036	ENSG00000124171.9	gene|regulatory|transcript	34
chr20	2637591	2637625	ENSG00000149488.14	gene|regulatory|transcript	34
chr20	59994734	59994768	ENSG00000124215.17	gene|regulatory|transcript	34
chr20	1491011	1491045	ENSG00000196209.13	gene|regulatory|transcript	34
chr20	20076574	20076608	ENSG00000089101.19	gene|regulatory|transcript	34
chr20	4987962	4987996	ENSG00000089057.15	gene|regulatory|transcript	34
chr20	25384428	25384462	ENSG00000100997.20	gene|regulatory|transcript	34
chr20	2289207	2289241	ENSG00000286022.1	gene|regulatory|transcript	34
chr20	47329216	47329250	ENSG00000101040.20	gene|regulatory|transcript	34
chr20	9321296	9321330	ENSG00000101333.19	gene|regulatory|transcript	34
chr20	32993888	32993922	ENSG00000167098.12	gene|regulatory|transcript	34
chr20	17543986	17544020	ENSG00000125864.14	gene|regulatory|transcript	34
chr20	59190843	59190877	ENSG00000124203.7	gene|regulatory|transcript	34
chr20	35225439	35225473	ENSG00000126005.17	gene|regulatory|transcript	34
chr20	44563492	44563526	ENSG00000168734.14	gene|regulatory|transcript	34
chr20	38307681	38307715	ENSG00000101425.14|ENSG00000206249.3	gene|regulatory|transcript	34
chr20	16318377	16318411	ENSG00000089177.20	gene|regulatory|transcript	34
chr20	666952	666986	ENSG00000215397.4|ENSG00000270299.1	gene|regulatory|transcript	34
chr20	64049124	64049158	ENSG00000203883.7	gene|regulatory|transcript	34
chr20	35278432	35278466	ENSG00000261582.1	gene|regulatory|transcript	34
chr20	35306415	35306449	ENSG00000101019.22	gene|regulatory|transcript	34
chr20	49915034	49915068	ENSG00000158480.11	gene|regulatory|transcript	34
chr20	43978087	43978121	ENSG00000124191.18	gene|regulatory|transcript	34
chr20	19984989	19985023	ENSG00000132669.14	gene|regulatory|transcript	34
chr20	44552112	44552146	ENSG00000168734.14	gene|regulatory|transcript	34
chr20	52057031	52057065	ENSG00000020256.20	gene|regulatory|transcript	34
chr20	32766508	32766542	ENSG00000088305.19	gene|regulatory|transcript	34
chr20	46992071	46992105	ENSG00000064655.19	gene|regulatory|transcript	34
chr20	18728290	18728324	ENSG00000125821.13|ENSG00000284776.1	gene|regulatory|transcript	34
chr20	35411275	35411309	ENSG00000101019.22	gene|regulatory|transcript	34
chr20	52190782	52190816	ENSG00000020256.20	gene|regulatory|transcript	34
chr20	50629842	50629876	ENSG00000042062.13	gene|regulatory|transcript	34
chr20	63286773	63286807	ENSG00000101199.13	gene|regulatory|transcript	34
chr20	44384404	44384438	ENSG00000101076.20|ENSG00000229005.2	gene|regulatory|transcript	34
chr20	34916187	34916221	ENSG00000131069.20	gene|regulatory|transcript	34
chr20	34982634	34982668	ENSG00000078814.19	gene|regulatory|transcript	34
chr20	9492103	9492137	ENSG00000101333.19	gene|regulatory|transcript	34
chr20	19765887	19765920	ENSG00000132669.14	gene|regulatory|transcript	33
chr20	3165463	3165496	ENSG00000088899.16	gene|regulatory|transcript	33
chr20	41286512	41286545	ENSG00000174306.22	gene|regulatory|transcript	33
chr20	48704020	48704053	ENSG00000124126.14	gene|regulatory|transcript	33
chr20	61588420	61588453	ENSG00000179242.16	gene|regulatory|transcript	33
chr20	13616823	13616856	ENSG00000089123.16	gene|regulatory|transcript	33
chr20	375570	375603	ENSG00000101255.12	gene|regulatory|transcript	33
chr20	10598641	10598674	ENSG00000149346.15	gene|regulatory|transcript	33
chr20	19881120	19881153	ENSG00000132669.14	gene|regulatory|transcript	33
chr20	10282045	10282078	ENSG00000132639.15|ENSG00000227906.10	gene|regulatory|transcript	33
chr20	48781788	48781821	ENSG00000124126.14	gene|regulatory|transcript	33
chr20	48922108	48922141	ENSG00000124198.10	gene|regulatory|transcript	33
chr20	4692037	4692070	ENSG00000171867.18	gene|regulatory|transcript	33
chr20	37349367	37349400	ENSG00000197122.13	gene|regulatory|transcript	33
chr20	50739131	50739164	ENSG00000124171.9	gene|regulatory|transcript	33
chr20	53283054	53283087	ENSG00000182463.17|ENSG00000271774.1	gene|regulatory|transcript	33
chr20	35052791	35052824	ENSG00000100991.12	gene|regulatory|transcript	33
chr20	34065169	34065202	ENSG00000125970.12	gene|regulatory|transcript	33
chr20	45807632	45807665	ENSG00000101457.13	gene|regulatory|transcript	33
chr20	34984946	34984979	ENSG00000078814.19	gene|regulatory|transcript	33
chr20	23632316	23632349	ENSG00000101439.9	gene|regulatory|transcript	33
chr20	37179792	37179825	ENSG00000118705.18	gene|regulatory|transcript	33
chr20	47705539	47705572	ENSG00000196562.16	gene|regulatory|transcript	33
chr20	33517643	33517676	ENSG00000078699.22	gene|regulatory|transcript	33
chr20	44519414	44519447	ENSG00000132824.14	gene|regulatory|transcript	33
chr20	63273170	63273203	ENSG00000101199.13	gene|regulatory|transcript	33
chr20	3340639	3340672	ENSG00000088854.13	gene|regulatory|transcript	33
chr20	17652163	17652196	ENSG00000125844.17	gene|regulatory|transcript	33
chr20	4942341	4942374	ENSG00000089057.15	gene|regulatory|transcript	33
chr20	5762991	5763024	ENSG00000171984.15	gene|regulatory|transcript	33
chr20	8901484	8901517	ENSG00000182621.19	gene|regulatory|transcript	33
chr20	50817439	50817472	ENSG00000124243.19	gene|regulatory|transcript	33
chr20	20051492	20051525	ENSG00000101343.15	gene|regulatory|transcript	33
chr20	46996509	46996542	ENSG00000064655.19	gene|regulatory|transcript	33
chr20	44130090	44130123	ENSG00000149596.7	gene|regulatory|transcript	33
chr20	44476502	44476535	ENSG00000124120.11	gene|regulatory|transcript	33
chr20	5991801	5991834	ENSG00000125885.13|ENSG00000278719.1|ENSG00000286235.1	gene|regulatory|transcript	33
chr20	32569516	32569549	ENSG00000197183.15|ENSG00000233293.1	gene|regulatory|transcript	33
chr20	49526197	49526230	ENSG00000124212.6	gene|regulatory|transcript	33
chr20	18046921	18046954	ENSG00000125850.11	gene|regulatory|transcript	33
chr20	49868576	49868609	ENSG00000197818.12	gene|regulatory|transcript	33
chr20	31685432	31685465	ENSG00000171552.14	gene|regulatory|transcript	33
chr20	36213588	36213621	ENSG00000088367.23	gene|regulatory|transcript	33
chr20	51725932	51725965	ENSG00000054793.14	gene|regulatory|transcript	33
chr20	50801991	50802024	ENSG00000124243.19	gene|regulatory|transcript	33
chr20	31677635	31677668	ENSG00000171552.14	gene|regulatory|transcript	33
chr20	32387306	32387339	ENSG00000171456.22	gene|regulatory|transcript	33
chr20	53196533	53196566	ENSG00000182463.17|ENSG00000227705.1	gene|regulatory|transcript	33
chr20	54169688	54169721	ENSG00000019186.10	gene|regulatory|transcript	33
chr20	9136172	9136205	ENSG00000101333.19	gene|regulatory|transcript	33
chr20	16553841	16553874	ENSG00000089177.20	gene|regulatory|transcript	33
chr20	33372424	33372457	ENSG00000101391.21	gene|regulatory|transcript	33
chr20	59672032	59672065	ENSG00000087495.17	gene|regulatory|transcript	33
chr20	9235940	9235973	ENSG00000101333.19	gene|regulatory|transcript	33
chr20	17675320	17675353	ENSG00000125844.17	gene|regulatory|transcript	33
chr20	63927202	63927235	ENSG00000101152.12|ENSG00000290226.1	gene|regulatory|transcript	33
chr20	50548073	50548106	ENSG00000196396.10	gene|regulatory|transcript	33
chr20	24988937	24988970	ENSG00000101474.12	gene|regulatory|transcript	33
chr20	42981347	42981379	ENSG00000196090.14	gene|regulatory|transcript	32
chr20	34709524	34709556	ENSG00000078804.13|ENSG00000198646.14	gene|regulatory|transcript	32
chr20	56439699	56439731	ENSG00000087589.17	gene|regulatory|transcript	32
chr20	20496095	20496127	ENSG00000188559.16	gene|regulatory|transcript	32
chr20	17577338	17577370	ENSG00000125868.16	gene|regulatory|transcript	32
chr20	33172899	33172931	ENSG00000131050.11	gene|regulatory|transcript	32
chr20	17442680	17442712	ENSG00000125851.10	gene|regulatory|transcript	32
chr20	17569138	17569170	ENSG00000125864.14	gene|regulatory|transcript	32
chr20	35146438	35146470	ENSG00000088298.13	gene|regulatory|transcript	32
chr20	38035159	38035191	ENSG00000101413.12	gene|regulatory|transcript	32
chr20	38163368	38163400	ENSG00000198959.12	gene|regulatory|transcript	32
chr20	17965340	17965372	ENSG00000089006.17|ENSG00000125850.11	gene|regulatory|transcript	32
chr20	44979578	44979610	ENSG00000101109.13	gene|regulatory|transcript	32
chr20	63904043	63904075	ENSG00000101152.12|ENSG00000290226.1	gene|regulatory|transcript	32
chr20	4924636	4924668	ENSG00000089057.15	gene|regulatory|transcript	32
chr20	58406217	58406249	ENSG00000124164.16	gene|regulatory|transcript	32
chr20	49545919	49545951	ENSG00000124212.6	gene|regulatory|transcript	32
chr20	664461	664493	ENSG00000215397.4|ENSG00000270299.1	gene|regulatory|transcript	32
chr20	58891176	58891208	ENSG00000087460.29	gene|regulatory|transcript	32
chr20	38148089	38148121	ENSG00000198959.12	gene|regulatory|transcript	32
chr20	46910472	46910504	ENSG00000064655.19	gene|regulatory|transcript	32
chr20	34300897	34300929	ENSG00000101444.13	gene|regulatory|transcript	32
chr20	34406493	34406525	ENSG00000078747.17|ENSG00000289720.1	gene|regulatory|transcript	32
chr20	47029888	47029920	ENSG00000064655.19	gene|regulatory|transcript	32
chr20	34302312	34302344	ENSG00000101444.13	gene|regulatory|transcript	32
chr20	5588512	5588544	ENSG00000125772.14	gene|regulatory|transcript	32
chr20	1266397	1266429	ENSG00000101298.15|ENSG00000244588.6	gene|regulatory|transcript	32
chr20	53109995	53110027	ENSG00000182463.17	gene|regulatory|transcript	32
chr20	20060589	20060621	ENSG00000089101.19	gene|regulatory|transcript	32
chr20	56391438	56391470	ENSG00000087586.18	gene|regulatory|transcript	32
chr20	62318810	62318842	ENSG00000130702.15	gene|regulatory|transcript	32
chr20	19309155	19309187	ENSG00000185052.13	gene|regulatory|transcript	32
chr20	289676	289708	ENSG00000196476.12	gene|regulatory|transcript	32
chr20	33178785	33178817	ENSG00000131050.11	gene|regulatory|transcript	32
chr20	57399056	57399088	ENSG00000132819.17	gene|regulatory|transcript	32
chr20	61871984	61872016	ENSG00000179242.16	gene|regulatory|transcript	32
chr20	3892996	3893028	ENSG00000125779.24	gene|regulatory|transcript	32
chr20	33828742	33828774	ENSG00000101421.4	gene|regulatory|transcript	32
chr20	63625895	63625927	ENSG00000101216.11	gene|regulatory|transcript	32
chr20	35018280	35018312	ENSG00000100991.12	gene|regulatory|transcript	32
chr20	59835820	59835852	ENSG00000087495.17	gene|regulatory|transcript	32
chr20	34110886	34110918	ENSG00000125977.7	gene|regulatory|transcript	32
chr20	16017710	16017742	ENSG00000172264.19	gene|regulatory|transcript	32
chr20	36666686	36666718	ENSG00000101079.21	gene|regulatory|transcript	32
chr20	2741799	2741831	ENSG00000088881.22	gene|regulatory|transcript	32
chr20	63241506	63241538	ENSG00000101198.15	gene|regulatory|transcript	32
chr20	21192448	21192480	ENSG00000088970.16|ENSG00000232712.6	gene|regulatory|transcript	32
chr20	34978896	34978928	ENSG00000078814.19	gene|regulatory|transcript	32
chr20	24950211	24950243	ENSG00000077984.6	gene|regulatory|transcript	32
chr20	57236930	57236962	ENSG00000101144.13	gene|regulatory|transcript	32
chr20	3275795	3275827	ENSG00000088854.13	gene|regulatory|transcript	32
chr20	63433476	63433508	ENSG00000075043.21	gene|regulatory|transcript	32
chr20	37095366	37095398	ENSG00000080839.12	gene|regulatory|transcript	32
chr20	47779098	47779130	ENSG00000196562.16	gene|regulatory|transcript	32
chr20	3391443	3391475	ENSG00000088854.13	gene|regulatory|transcript	32
chr20	48695332	48695364	ENSG00000124126.14	gene|regulatory|transcript	32
chr20	33748477	33748509	ENSG00000131061.15	gene|regulatory|transcript	32
chr20	41255021	41255053	ENSG00000174306.22	gene|regulatory|transcript	32
chr20	41291148	41291180	ENSG00000174306.22	gene|regulatory|transcript	32
chr20	49814601	49814633	ENSG00000197818.12	gene|regulatory|transcript	32
chr20	35490604	35490636	ENSG00000126001.17|ENSG00000230155.8	gene|regulatory|transcript	32
chr20	19898812	19898844	ENSG00000132669.14	gene|regulatory|transcript	32
chr20	19816376	19816408	ENSG00000132669.14	gene|regulatory|transcript	32
chr20	19441162	19441193	ENSG00000185052.13	gene|regulatory|transcript	31
chr20	5751270	5751301	ENSG00000171984.15	gene|regulatory|transcript	31
chr20	38155815	38155846	ENSG00000198959.12	gene|regulatory|transcript	31
chr20	53045919	53045950	ENSG00000182463.17	gene|regulatory|transcript	31
chr20	14566534	14566565	ENSG00000172264.19|ENSG00000227927.2	gene|regulatory|transcript	31
chr20	45912047	45912078	ENSG00000100979.15	gene|regulatory|transcript	31
chr20	32053719	32053750	ENSG00000101336.18	gene|regulatory|transcript	31
chr20	58981369	58981400	ENSG00000101158.15	gene|regulatory|transcript	31
chr20	18571618	18571649	ENSG00000284776.1	gene|regulatory|transcript	31
chr20	35238510	35238541	ENSG00000125966.10|ENSG00000126005.17	gene|regulatory|transcript	31
chr20	51022622	51022653	ENSG00000026559.14	gene|regulatory|transcript	31
chr20	8145434	8145465	ENSG00000182621.19	gene|regulatory|transcript	31
chr20	1131180	1131211	ENSG00000125818.18	gene|regulatory|transcript	31
chr20	64063126	64063157	ENSG00000171703.17	gene|regulatory|transcript	31
chr20	59130792	59130823	ENSG00000124203.7	gene|regulatory|transcript	31
chr20	1297773	1297804	ENSG00000101298.15	gene|regulatory|transcript	31
chr20	51788127	51788158	ENSG00000101115.13	gene|regulatory|transcript	31
chr20	18138554	18138585	ENSG00000149474.15|ENSG00000232838.4	gene|regulatory|transcript	31
chr20	18053772	18053803	ENSG00000125850.11	gene|regulatory|transcript	31
chr20	49400425	49400456	ENSG00000158445.10|ENSG00000290421.1	gene|regulatory|transcript	31
chr20	62304892	62304923	ENSG00000130706.13	gene|regulatory|transcript	31
chr20	47126697	47126728	ENSG00000064655.19	gene|regulatory|transcript	31
chr20	47142032	47142063	ENSG00000064655.19	gene|regulatory|transcript	31
chr20	20076735	20076766	ENSG00000089101.19	gene|regulatory|transcript	31
chr20	24565951	24565982	ENSG00000101463.6	gene|regulatory|transcript	31
chr20	34977680	34977711	ENSG00000078814.19	gene|regulatory|transcript	31
chr20	17960788	17960819	ENSG00000089006.17|ENSG00000125850.11	gene|regulatory|transcript	31
chr20	36204194	36204225	ENSG00000088367.23	gene|regulatory|transcript	31
chr20	47307580	47307611	ENSG00000101040.20	gene|regulatory|transcript	31
chr20	5074795	5074826	ENSG00000089063.15	gene|regulatory|transcript	31
chr20	54159689	54159720	ENSG00000019186.10	gene|regulatory|transcript	31
chr20	54170977	54171008	ENSG00000019186.10	gene|regulatory|transcript	31
chr20	36217094	36217125	ENSG00000088367.23	gene|regulatory|transcript	31
chr20	38537726	38537757	ENSG00000170471.15	gene|regulatory|transcript	31
chr20	37048150	37048181	ENSG00000080839.12	gene|regulatory|transcript	31
chr20	10659700	10659731	ENSG00000101384.12	gene|regulatory|transcript	31
chr20	34993470	34993501	ENSG00000078814.19	gene|regulatory|transcript	31
chr20	63434435	63434466	ENSG00000075043.21	gene|regulatory|transcript	31
chr20	17563095	17563126	ENSG00000125864.14	gene|regulatory|transcript	31
chr20	36463794	36463825	ENSG00000080845.19	gene|regulatory|transcript	31
chr20	45041613	45041644	ENSG00000101109.13	gene|regulatory|transcript	31
chr20	25372606	25372637	ENSG00000100997.20	gene|regulatory|transcript	31
chr20	9319885	9319916	ENSG00000101333.19	gene|regulatory|transcript	31
chr20	2313026	2313057	ENSG00000125780.12|ENSG00000286022.1	gene|regulatory|transcript	31
chr20	32234168	32234199	ENSG00000101346.15	gene|regulatory|transcript	31
chr20	62892742	62892773	ENSG00000101191.17	gene|regulatory|transcript	31
chr20	9742855	9742886	ENSG00000101349.17	gene|regulatory|transcript	31
chr20	63729329	63729360	ENSG00000197114.12|ENSG00000273154.3	gene|regulatory|transcript	31
chr20	45308111	45308142	ENSG00000124159.17|ENSG00000124232.11	gene|regulatory|transcript	31
chr20	34063178	34063209	ENSG00000125970.12	gene|regulatory|transcript	31
chr20	63621044	63621075	ENSG00000101216.11	gene|regulatory|transcript	31
chr20	51463574	51463605	ENSG00000101096.20	gene|regulatory|transcript	31
chr20	53608702	53608733	ENSG00000171940.14|ENSG00000235415.1	gene|regulatory|transcript	31
chr20	3765326	3765357	ENSG00000101220.18	gene|regulatory|transcript	31
chr20	2840671	2840702	ENSG00000132635.17	gene|regulatory|transcript	31
chr20	21352834	21352865	ENSG00000088930.8	gene|regulatory|transcript	31
chr20	46208046	46208077	ENSG00000149654.11	gene|regulatory|transcript	31
chr20	51435156	51435187	ENSG00000101096.20	gene|regulatory|transcript	31
chr20	47621195	47621226	ENSG00000124151.19	gene|regulatory|transcript	31
chr20	47649109	47649140	ENSG00000124151.19	gene|regulatory|transcript	31
chr20	47611174	47611205	ENSG00000124151.19	gene|regulatory|transcript	31
chr20	381169	381200	ENSG00000101255.12	gene|regulatory|transcript	31
chr20	391255	391286	ENSG00000101255.12	gene|regulatory|transcript	31
chr20	35803621	35803652	ENSG00000025293.17	gene|regulatory|transcript	31
chr20	348068	348099	ENSG00000125841.13|ENSG00000225377.6	gene|regulatory|transcript	31
chr20	19867162	19867193	ENSG00000132669.14	gene|regulatory|transcript	31
chr20	44496355	44496385	ENSG00000132824.14	gene|regulatory|transcript	30
chr20	49528299	49528329	ENSG00000124212.6	gene|regulatory|transcript	30
chr20	64222271	64222301	ENSG00000196132.14	gene|regulatory|transcript	30
chr20	61533220	61533250	ENSG00000179242.16	gene|regulatory|transcript	30
chr20	13865514	13865544	ENSG00000101251.13	gene|regulatory|transcript	30
chr20	5773043	5773073	ENSG00000171984.15	gene|regulatory|transcript	30
chr20	58708089	58708119	ENSG00000215440.12|ENSG00000254995.4	gene|regulatory|transcript	30
chr20	3910327	3910357	ENSG00000125779.24	gene|regulatory|transcript	30
chr20	23392035	23392065	ENSG00000125814.17	gene|regulatory|transcript	30
chr20	42483730	42483760	ENSG00000196090.14	gene|regulatory|transcript	30
chr20	45339898	45339928	ENSG00000124145.6	gene|regulatory|transcript	30
chr20	50689528	50689558	ENSG00000042062.13	gene|regulatory|transcript	30
chr20	50903686	50903716	ENSG00000101126.18	gene|regulatory|transcript	30
chr20	2280446	2280476	ENSG00000286022.1	gene|regulatory|transcript	30
chr20	2297777	2297807	ENSG00000125780.12|ENSG00000286022.1	gene|regulatory|transcript	30
chr20	34708072	34708102	ENSG00000078804.13|ENSG00000198646.14	gene|regulatory|transcript	30
chr20	48827611	48827641	ENSG00000124126.14|ENSG00000278231.1	gene|regulatory|transcript	30
chr20	10241930	10241960	ENSG00000132639.15|ENSG00000227906.10	gene|regulatory|transcript	30
chr20	36629951	36629981	ENSG00000101082.14	gene|regulatory|transcript	30
chr20	56500760	56500790	ENSG00000022277.13|ENSG00000124091.10	gene|regulatory|transcript	30
chr20	62003274	62003304	ENSG00000130699.20	gene|regulatory|transcript	30
chr20	45409706	45409736	ENSG00000244274.9|ENSG00000254806.5	gene|regulatory|transcript	30
chr20	53370808	53370838	ENSG00000182463.17|ENSG00000271774.1	gene|regulatory|transcript	30
chr20	36433615	36433645	ENSG00000080845.19	gene|regulatory|transcript	30
chr20	9140126	9140156	ENSG00000101333.19	gene|regulatory|transcript	30
chr20	17316711	17316741	ENSG00000125851.10	gene|regulatory|transcript	30
chr20	58390631	58390661	ENSG00000124164.16	gene|regulatory|transcript	30
chr20	53429302	53429332	ENSG00000182463.17|ENSG00000271774.1	gene|regulatory|transcript	30
chr20	44404441	44404471	ENSG00000101076.20	gene|regulatory|transcript	30
chr20	58852683	58852713	ENSG00000087460.29	gene|regulatory|transcript	30
chr20	58888818	58888848	ENSG00000087460.29	gene|regulatory|transcript	30
chr20	62391453	62391483	ENSG00000149679.12	gene|regulatory|transcript	30
chr20	50957429	50957459	ENSG00000000419.14	gene|regulatory|transcript	30
chr20	38156089	38156119	ENSG00000198959.12	gene|regulatory|transcript	30
chr20	890182	890212	ENSG00000101280.8	gene|regulatory|transcript	30
chr20	50645886	50645916	ENSG00000042062.13|ENSG00000234693.1	gene|regulatory|transcript	30
chr20	48626699	48626729	ENSG00000124126.14	gene|regulatory|transcript	30
chr20	3159735	3159765	ENSG00000185019.17|ENSG00000215251.5	gene|regulatory|transcript	30
chr20	35256880	35256910	ENSG00000125966.10|ENSG00000126005.17	gene|regulatory|transcript	30
chr20	36160619	36160649	ENSG00000088367.23	gene|regulatory|transcript	30
chr20	17716538	17716568	ENSG00000125888.15	gene|regulatory|transcript	30
chr20	59321573	59321603	ENSG00000124205.18	gene|regulatory|transcript	30
chr20	51766434	51766464	ENSG00000054793.14	gene|regulatory|transcript	30
chr20	44785051	44785081	ENSG00000101098.13	gene|regulatory|transcript	30
chr20	44947837	44947867	ENSG00000025772.8|ENSG00000101104.13	gene|regulatory|transcript	30
chr20	13115733	13115763	ENSG00000172296.13	gene|regulatory|transcript	30
chr20	54157138	54157168	ENSG00000019186.10	gene|regulatory|transcript	30
chr20	49237895	49237925	ENSG00000124228.15	gene|regulatory|transcript	30
chr20	5078768	5078798	ENSG00000089063.15	gene|regulatory|transcript	30
chr20	62817142	62817172	ENSG00000092758.18	gene|regulatory|transcript	30
chr20	53181036	53181066	ENSG00000182463.17	gene|regulatory|transcript	30
chr20	45705275	45705305	ENSG00000168634.5	gene|regulatory|transcript	30
chr20	54156868	54156898	ENSG00000019186.10	gene|regulatory|transcript	30
chr20	54058826	54058856	ENSG00000064787.14	gene|regulatory|transcript	30
chr20	50550744	50550774	ENSG00000196396.10	gene|regulatory|transcript	30
chr20	47215477	47215507	ENSG00000101040.20	gene|regulatory|transcript	30
chr20	1343662	1343692	ENSG00000234684.8|ENSG00000274322.1	gene|regulatory|transcript	30
chr20	20052054	20052084	ENSG00000101343.15	gene|regulatory|transcript	30
chr20	854883	854913	ENSG00000125898.13	gene|regulatory|transcript	30
chr20	48653785	48653815	ENSG00000124126.14	gene|regulatory|transcript	30
chr20	33838087	33838117	ENSG00000101421.4	gene|regulatory|transcript	30
chr20	51739084	51739113	ENSG00000054793.14	gene|regulatory|transcript	29
chr20	37392609	37392638	ENSG00000197122.13	gene|regulatory|transcript	29
chr20	44762805	44762834	ENSG00000101098.13	gene|regulatory|transcript	29
chr20	50637576	50637605	ENSG00000042062.13	gene|regulatory|transcript	29
chr20	50092337	50092366	ENSG00000124208.16|ENSG00000244687.13	gene|regulatory|transcript	29
chr20	24986091	24986120	ENSG00000101474.12	gene|regulatory|transcript	29
chr20	49669998	49670027	ENSG00000158470.5	gene|regulatory|transcript	29
chr20	54163033	54163062	ENSG00000019186.10	gene|regulatory|transcript	29
chr20	9068407	9068436	ENSG00000101333.19	gene|regulatory|transcript	29
chr20	57695766	57695795	ENSG00000124225.16	gene|regulatory|transcript	29
chr20	13784792	13784821	ENSG00000089048.15	gene|regulatory|transcript	29
chr20	33837107	33837136	ENSG00000101421.4	gene|regulatory|transcript	29
chr20	50592546	50592575	ENSG00000042062.13	gene|regulatory|transcript	29
chr20	7885676	7885705	ENSG00000101323.5	gene|regulatory|transcript	29
chr20	38231798	38231827	ENSG00000149633.12	gene|regulatory|transcript	29
chr20	34538958	34538987	ENSG00000125971.18|ENSG00000289720.1	gene|regulatory|transcript	29
chr20	62363007	62363036	ENSG00000130702.15	gene|regulatory|transcript	29
chr20	18059050	18059079	ENSG00000125850.11	gene|regulatory|transcript	29
chr20	47075317	47075346	ENSG00000064655.19	gene|regulatory|transcript	29
chr20	5173264	5173293	ENSG00000101290.14	gene|regulatory|transcript	29
chr20	59005438	59005467	ENSG00000101160.15	gene|regulatory|transcript	29
chr20	35882715	35882744	ENSG00000025293.17	gene|regulatory|transcript	29
chr20	8398346	8398375	ENSG00000182621.19	gene|regulatory|transcript	29
chr20	3406706	3406735	ENSG00000088854.13|ENSG00000288577.1	gene|regulatory|transcript	29
chr20	63499028	63499057	ENSG00000101210.14	gene|regulatory|transcript	29
chr20	18173658	18173687	ENSG00000149474.15	gene|regulatory|transcript	29
chr20	46589130	46589159	ENSG00000158296.14	gene|regulatory|transcript	29
chr20	14853127	14853156	ENSG00000172264.19	gene|regulatory|transcript	29
chr20	41172699	41172728	ENSG00000124181.15	gene|regulatory|transcript	29
chr20	63642411	63642440	ENSG00000197457.10	gene|regulatory|transcript	29
chr20	63542321	63542350	ENSG00000125508.4	gene|regulatory|transcript	29
chr20	4222130	4222159	ENSG00000171873.8	gene|regulatory|transcript	29
chr20	32732455	32732484	ENSG00000149600.12|ENSG00000285382.1	gene|regulatory|transcript	29
chr20	10034957	10034986	ENSG00000132623.16|ENSG00000227906.10	gene|regulatory|transcript	29
chr20	47352531	47352560	ENSG00000101040.20	gene|regulatory|transcript	29
chr20	17518766	17518795	ENSG00000125864.14	gene|regulatory|transcript	29
chr20	57212573	57212602	ENSG00000101144.13	gene|regulatory|transcript	29
chr20	63799640	63799669	ENSG00000130584.12	gene|regulatory|transcript	29
chr20	37228969	37228998	ENSG00000118705.18	gene|regulatory|transcript	29
chr20	42138690	42138719	ENSG00000196090.14	gene|regulatory|transcript	29
chr20	62155878	62155907	ENSG00000184402.15	gene|regulatory|transcript	29
chr20	48938938	48938967	ENSG00000124198.10	gene|regulatory|transcript	29
chr20	32201635	32201664	ENSG00000126003.7	gene|regulatory|transcript	29
chr20	3896377	3896406	ENSG00000125779.24	gene|regulatory|transcript	29
chr20	58461635	58461664	ENSG00000198768.11	gene|regulatory|transcript	29
chr20	32667648	32667677	ENSG00000198547.10|ENSG00000285382.1	gene|regulatory|transcript	29
chr20	64273191	64273220	ENSG00000203880.13	gene|regulatory|transcript	29
chr20	32079079	32079108	ENSG00000101336.18	gene|regulatory|transcript	29
chr20	21512485	21512514	ENSG00000125820.6	gene|regulatory|transcript	29
chr20	32719935	32719964	ENSG00000149600.12|ENSG00000285382.1	gene|regulatory|transcript	29
chr20	35012185	35012214	ENSG00000100991.12	gene|regulatory|transcript	29
chr20	34997221	34997250	ENSG00000078814.19	gene|regulatory|transcript	29
chr20	32584037	32584066	ENSG00000197183.15|ENSG00000228156.1	gene|regulatory|transcript	29
chr20	21396929	21396957	ENSG00000125816.5	gene|regulatory|transcript	28
chr20	59985895	59985923	ENSG00000124215.17	gene|regulatory|transcript	28
chr20	15654472	15654500	ENSG00000172264.19	gene|regulatory|transcript	28
chr20	37234979	37235007	ENSG00000118705.18	gene|regulatory|transcript	28
chr20	2800312	2800340	ENSG00000088882.8	gene|regulatory|transcript	28
chr20	42531764	42531792	ENSG00000196090.14	gene|regulatory|transcript	28
chr20	3554040	3554068	ENSG00000088812.18	gene|regulatory|transcript	28
chr20	62652186	62652214	ENSG00000101187.16	gene|regulatory|transcript	28
chr20	62644013	62644041	ENSG00000101187.16	gene|regulatory|transcript	28
chr20	19304262	19304290	ENSG00000185052.13	gene|regulatory|transcript	28
chr20	59040536	59040564	ENSG00000101166.16	gene|regulatory|transcript	28
chr20	51529912	51529940	ENSG00000101096.20	gene|regulatory|transcript	28
chr20	32820379	32820407	ENSG00000101367.9	gene|regulatory|transcript	28
chr20	52195026	52195054	ENSG00000020256.20|ENSG00000234948.2	gene|regulatory|transcript	28
chr20	53021900	53021928	ENSG00000182463.17	gene|regulatory|transcript	28
chr20	20259669	20259697	ENSG00000089101.19|ENSG00000243810.1	gene|regulatory|transcript	28
chr20	5112691	5112719	ENSG00000089063.15	gene|regulatory|transcript	28
chr20	1390503	1390531	ENSG00000088832.18|ENSG00000274322.1	gene|regulatory|transcript	28
chr20	32794371	32794399	ENSG00000088305.19	gene|regulatory|transcript	28
chr20	48716672	48716700	ENSG00000124126.14	gene|regulatory|transcript	28
chr20	14559984	14560012	ENSG00000172264.19|ENSG00000227927.2	gene|regulatory|transcript	28
chr20	32360605	32360633	ENSG00000171456.22	gene|regulatory|transcript	28
chr20	45013295	45013323	ENSG00000101109.13	gene|regulatory|transcript	28
chr20	2115619	2115647	ENSG00000125834.13	gene|regulatory|transcript	28
chr20	1923940	1923968	ENSG00000198053.12	gene|regulatory|transcript	28
chr20	33840752	33840780	ENSG00000101421.4	gene|regulatory|transcript	28
chr20	4986613	4986641	ENSG00000089057.15	gene|regulatory|transcript	28
chr20	4990671	4990699	ENSG00000089057.15	gene|regulatory|transcript	28
chr20	25253341	25253369	ENSG00000100994.12	gene|regulatory|transcript	28
chr20	47317990	47318018	ENSG00000101040.20	gene|regulatory|transcript	28
chr20	47312555	47312583	ENSG00000101040.20	gene|regulatory|transcript	28
chr20	62796671	62796699	ENSG00000101189.7	gene|regulatory|transcript	28
chr20	43067000	43067028	ENSG00000196090.14	gene|regulatory|transcript	28
chr20	36095684	36095712	ENSG00000088367.23	gene|regulatory|transcript	28
chr20	45905379	45905407	ENSG00000100979.15	gene|regulatory|transcript	28
chr20	32506815	32506843	ENSG00000197183.15	gene|regulatory|transcript	28
chr20	18173594	18173622	ENSG00000149474.15	gene|regulatory|transcript	28
chr20	31682150	31682178	ENSG00000171552.14	gene|regulatory|transcript	28
chr20	34525450	34525478	ENSG00000125971.18|ENSG00000289720.1	gene|regulatory|transcript	28
chr20	34408089	34408117	ENSG00000078747.17|ENSG00000289720.1	gene|regulatory|transcript	28
chr20	35840632	35840660	ENSG00000025293.17	gene|regulatory|transcript	28
chr20	10430186	10430214	ENSG00000125863.20|ENSG00000285508.2|ENSG00000285723.2	gene|regulatory|transcript	28
chr20	31721478	31721506	ENSG00000171552.14	gene|regulatory|transcript	28
chr20	15978025	15978053	ENSG00000172264.19|ENSG00000286546.1	gene|regulatory|transcript	28
chr20	38877770	38877798	ENSG00000101445.10	gene|regulatory|transcript	28
chr20	5804365	5804393	ENSG00000171984.15	gene|regulatory|transcript	28
chr20	19858659	19858687	ENSG00000132669.14	gene|regulatory|transcript	28
chr20	31560848	31560876	ENSG00000101294.19	gene|regulatory|transcript	28
chr20	59942095	59942123	ENSG00000196227.11	gene|regulatory|transcript	28
chr20	47665953	47665981	ENSG00000196562.16	gene|regulatory|transcript	28
chr20	46214944	46214972	ENSG00000149654.11	gene|regulatory|transcript	28
chr20	31749244	31749272	ENSG00000088325.16	gene|regulatory|transcript	28
chr20	32709414	32709442	ENSG00000149600.12|ENSG00000285382.1	gene|regulatory|transcript	28
chr20	10632704	10632732	ENSG00000149346.15	gene|regulatory|transcript	28
chr20	47543471	47543499	ENSG00000124151.19	gene|regulatory|transcript	28
chr20	50151072	50151100	ENSG00000124208.16|ENSG00000240849.11	gene|regulatory|transcript	28
chr20	38818459	38818487	ENSG00000101445.10	gene|regulatory|transcript	28
chr20	57687427	57687455	ENSG00000124225.16	gene|regulatory|transcript	28
chr20	3797553	3797581	ENSG00000101224.18	gene|regulatory|transcript	28
chr20	59616664	59616692	ENSG00000087495.17	gene|regulatory|transcript	28
chr20	20603386	20603414	ENSG00000188559.16	gene|regulatory|transcript	28
chr20	21182914	21182942	ENSG00000088970.16|ENSG00000232712.6	gene|regulatory|transcript	28
chr20	36574635	36574663	ENSG00000118707.11|ENSG00000259399.1	gene|regulatory|transcript	28
chr20	9457489	9457517	ENSG00000101333.19	gene|regulatory|transcript	28
chr20	2297682	2297710	ENSG00000125780.12|ENSG00000286022.1	gene|regulatory|transcript	28
chr20	57691206	57691234	ENSG00000124225.16	gene|regulatory|transcript	28
chr20	50628380	50628407	ENSG00000042062.13	gene|regulatory|transcript	27
chr20	44401800	44401827	ENSG00000101076.20	gene|regulatory|transcript	27
chr20	289531	289558	ENSG00000196476.12	gene|regulatory|transcript	27
chr20	50652689	50652716	ENSG00000042062.13|ENSG00000234693.1	gene|regulatory|transcript	27
chr20	33178228	33178255	ENSG00000131050.11	gene|regulatory|transcript	27
chr20	43003501	43003528	ENSG00000196090.14	gene|regulatory|transcript	27
chr20	42985952	42985979	ENSG00000196090.14	gene|regulatory|transcript	27
chr20	36491699	36491726	ENSG00000080845.19	gene|regulatory|transcript	27
chr20	34609321	34609348	ENSG00000101464.11	gene|regulatory|transcript	27
chr20	62177116	62177143	ENSG00000184402.15	gene|regulatory|transcript	27
chr20	49009166	49009193	ENSG00000124198.10	gene|regulatory|transcript	27
chr20	48949880	48949907	ENSG00000124198.10	gene|regulatory|transcript	27
chr20	42960645	42960672	ENSG00000196090.14	gene|regulatory|transcript	27
chr20	4869560	4869587	ENSG00000089057.15	gene|regulatory|transcript	27
chr20	46361517	46361544	ENSG00000080189.15	gene|regulatory|transcript	27
chr20	48823770	48823797	ENSG00000124126.14|ENSG00000278231.1	gene|regulatory|transcript	27
chr20	51665029	51665056	ENSG00000054793.14	gene|regulatory|transcript	27
chr20	4823529	4823556	ENSG00000101265.16	gene|regulatory|transcript	27
chr20	31716527	31716554	ENSG00000171552.14|ENSG00000236559.1	gene|regulatory|transcript	27
chr20	61271696	61271723	ENSG00000179242.16|ENSG00000286232.1	gene|regulatory|transcript	27
chr20	38842519	38842546	ENSG00000101445.10	gene|regulatory|transcript	27
chr20	4802855	4802882	ENSG00000101265.16	gene|regulatory|transcript	27
chr20	53380164	53380191	ENSG00000182463.17|ENSG00000271774.1	gene|regulatory|transcript	27
chr20	51613832	51613859	ENSG00000054793.14	gene|regulatory|transcript	27
chr20	32743280	32743307	ENSG00000149600.12|ENSG00000285382.1	gene|regulatory|transcript	27
chr20	41618312	41618339	ENSG00000124177.16	gene|regulatory|transcript	27
chr20	38126096	38126123	ENSG00000101413.12	gene|regulatory|transcript	27
chr20	2923148	2923175	ENSG00000132670.21	gene|regulatory|transcript	27
chr20	61861516	61861543	ENSG00000179242.16	gene|regulatory|transcript	27
chr20	2951061	2951088	ENSG00000132670.21	gene|regulatory|transcript	27
chr20	62412900	62412927	ENSG00000130701.4	gene|regulatory|transcript	27
chr20	48800274	48800301	ENSG00000124126.14	gene|regulatory|transcript	27
chr20	34993225	34993252	ENSG00000078814.19	gene|regulatory|transcript	27
chr20	45343755	45343782	ENSG00000124145.6	gene|regulatory|transcript	27
chr20	53388322	53388349	ENSG00000182463.17|ENSG00000271774.1	gene|regulatory|transcript	27
chr20	46943064	46943091	ENSG00000064655.19	gene|regulatory|transcript	27
chr20	50930317	50930344	ENSG00000101126.18	gene|regulatory|transcript	27
chr20	35356458	35356485	ENSG00000101019.22	gene|regulatory|transcript	27
chr20	51510942	51510969	ENSG00000101096.20	gene|regulatory|transcript	27
chr20	41345452	41345479	ENSG00000132793.12	gene|regulatory|transcript	27
chr20	13292346	13292373	ENSG00000101230.6	gene|regulatory|transcript	27
chr20	48738316	48738343	ENSG00000124126.14	gene|regulatory|transcript	27
chr20	2132063	2132090	ENSG00000125834.13	gene|regulatory|transcript	27
chr20	62824940	62824967	ENSG00000092758.18	gene|regulatory|transcript	27
chr20	14832693	14832720	ENSG00000172264.19	gene|regulatory|transcript	27
chr20	61683711	61683738	ENSG00000179242.16	gene|regulatory|transcript	27
chr20	32473982	32474009	ENSG00000197183.15	gene|regulatory|transcript	27
chr20	20213065	20213092	ENSG00000089101.19	gene|regulatory|transcript	27
chr20	63253437	63253464	ENSG00000101198.15	gene|regulatory|transcript	27
chr20	62256221	62256248	ENSG00000130703.17	gene|regulatory|transcript	27
chr20	32493641	32493668	ENSG00000197183.15	gene|regulatory|transcript	27
chr20	45945683	45945710	ENSG00000100982.12	gene|regulatory|transcript	27
chr20	46683811	46683838	ENSG00000158296.14	gene|regulatory|transcript	27
chr20	8154870	8154897	ENSG00000182621.19	gene|regulatory|transcript	27
chr20	35269228	35269255	ENSG00000125966.10|ENSG00000126005.17|ENSG00000261582.1	gene|regulatory|transcript	27
chr20	18508469	18508496	ENSG00000101310.17	gene|regulatory|transcript	27
chr20	49448060	49448087	ENSG00000158445.10	gene|regulatory|transcript	27
chr20	44587046	44587073	ENSG00000168734.14|ENSG00000196839.14	gene|regulatory|transcript	27
chr20	62247612	62247639	ENSG00000130703.17	gene|regulatory|transcript	27
chr20	43927562	43927589	ENSG00000124191.18	gene|regulatory|transcript	27
chr20	37913128	37913155	ENSG00000132821.12	gene|regulatory|transcript	27
chr20	18657634	18657661	ENSG00000125821.13|ENSG00000284776.1	gene|regulatory|transcript	27
chr20	53588567	53588594	ENSG00000171940.14	gene|regulatory|transcript	27
chr20	48668269	48668296	ENSG00000124126.14	gene|regulatory|transcript	27
chr20	33778973	33779000	ENSG00000131061.15	gene|regulatory|transcript	27
chr20	31879973	31880000	ENSG00000131044.19	gene|regulatory|transcript	27
chr20	62642553	62642580	ENSG00000101187.16|ENSG00000167046.4	gene|regulatory|transcript	27
chr20	33560299	33560325	ENSG00000078699.22	gene|regulatory|transcript	26
chr20	16378778	16378804	ENSG00000089177.20	gene|regulatory|transcript	26
chr20	44967161	44967187	ENSG00000101109.13	gene|regulatory|transcript	26
chr20	35618896	35618922	ENSG00000061656.11	gene|regulatory|transcript	26
chr20	32153185	32153211	ENSG00000101337.16	gene|regulatory|transcript	26
chr20	5074962	5074988	ENSG00000089063.15	gene|regulatory|transcript	26
chr20	57659144	57659170	ENSG00000124225.16	gene|regulatory|transcript	26
chr20	21183082	21183108	ENSG00000088970.16|ENSG00000232712.6	gene|regulatory|transcript	26
chr20	2576667	2576693	ENSG00000149488.14	gene|regulatory|transcript	26
chr20	51543603	51543629	ENSG00000101096.20	gene|regulatory|transcript	26
chr20	35772164	35772190	ENSG00000025293.17	gene|regulatory|transcript	26
chr20	37120477	37120503	ENSG00000101353.16	gene|regulatory|transcript	26
chr20	36459971	36459997	ENSG00000080845.19	gene|regulatory|transcript	26
chr20	16004458	16004484	ENSG00000172264.19	gene|regulatory|transcript	26
chr20	58871800	58871826	ENSG00000087460.29|ENSG00000225806.8	gene|regulatory|transcript	26
chr20	5805143	5805169	ENSG00000171984.15	gene|regulatory|transcript	26
chr20	63786296	63786322	ENSG00000130584.12	gene|regulatory|transcript	26
chr20	33035585	33035611	ENSG00000167104.11	gene|regulatory|transcript	26
chr20	64083705	64083731	ENSG00000125510.18|ENSG00000171695.11	gene|regulatory|transcript	26
chr20	62654151	62654177	ENSG00000101187.16	gene|regulatory|transcript	26
chr20	64069738	64069764	ENSG00000171703.17	gene|regulatory|transcript	26
chr20	35819462	35819488	ENSG00000025293.17	gene|regulatory|transcript	26
chr20	32216721	32216747	ENSG00000101346.15	gene|regulatory|transcript	26
chr20	62678910	62678936	ENSG00000101187.16	gene|regulatory|transcript	26
chr20	5827466	5827492	ENSG00000171984.15	gene|regulatory|transcript	26
chr20	38134657	38134683	ENSG00000198959.12	gene|regulatory|transcript	26
chr20	1990054	1990080	ENSG00000101327.9|ENSG00000233896.2	gene|regulatory|transcript	26
chr20	56391856	56391882	ENSG00000087586.18	gene|regulatory|transcript	26
chr20	13996293	13996319	ENSG00000101251.13|ENSG00000172264.19	gene|regulatory|transcript	26
chr20	37942797	37942823	ENSG00000132821.12	gene|regulatory|transcript	26
chr20	20086142	20086168	ENSG00000089101.19	gene|regulatory|transcript	26
chr20	47163888	47163914	ENSG00000064655.19	gene|regulatory|transcript	26
chr20	48747011	48747037	ENSG00000124126.14	gene|regulatory|transcript	26
chr20	23988582	23988608	ENSG00000149435.12	gene|regulatory|transcript	26
chr20	36831867	36831893	ENSG00000149639.15	gene|regulatory|transcript	26
chr20	59161079	59161105	ENSG00000124203.7	gene|regulatory|transcript	26
chr20	32302586	32302612	ENSG00000101350.8	gene|regulatory|transcript	26
chr20	37159545	37159571	ENSG00000101353.16	gene|regulatory|transcript	26
chr20	4999104	4999130	ENSG00000089057.15	gene|regulatory|transcript	26
chr20	5118545	5118571	ENSG00000132646.11	gene|regulatory|transcript	26
chr20	48975989	48976015	ENSG00000124198.10	gene|regulatory|transcript	26
chr20	44386547	44386573	ENSG00000101076.20|ENSG00000229005.2	gene|regulatory|transcript	26
chr20	3674192	3674218	ENSG00000149451.19	gene|regulatory|transcript	26
chr20	50570644	50570670	ENSG00000196396.10	gene|regulatory|transcript	26
chr20	10540231	10540257	ENSG00000149346.15	gene|regulatory|transcript	26
chr20	2889334	2889360	ENSG00000132670.21	gene|regulatory|transcript	26
chr20	5119250	5119276	ENSG00000132646.11	gene|regulatory|transcript	26
chr20	41075470	41075496	ENSG00000198900.7	gene|regulatory|transcript	26
chr20	24966338	24966364	ENSG00000101474.12	gene|regulatory|transcript	26
chr20	46016223	46016249	ENSG00000100985.7|ENSG00000204044.6	gene|regulatory|transcript	26
chr20	31574851	31574877	ENSG00000101294.19	gene|regulatory|transcript	26
chr20	51796688	51796714	ENSG00000101115.13	gene|regulatory|transcript	26
chr20	881144	881170	ENSG00000101280.8	gene|regulatory|transcript	26
chr20	36765812	36765838	ENSG00000149636.16	gene|regulatory|transcript	26
chr20	34458939	34458965	ENSG00000078747.17|ENSG00000289720.1	gene|regulatory|transcript	26
chr20	64085148	64085174	ENSG00000125510.18	gene|regulatory|transcript	26
chr20	20601128	20601153	ENSG00000188559.16	gene|regulatory|transcript	25
chr20	19786671	19786696	ENSG00000132669.14	gene|regulatory|transcript	25
chr20	349368	349393	ENSG00000125841.13	gene|regulatory|transcript	25
chr20	373392	373417	ENSG00000101255.12	gene|regulatory|transcript	25
chr20	32474742	32474767	ENSG00000197183.15	gene|regulatory|transcript	25
chr20	36932759	36932784	ENSG00000101347.11	gene|regulatory|transcript	25
chr20	17665784	17665809	ENSG00000125844.17	gene|regulatory|transcript	25
chr20	46389013	46389038	ENSG00000062598.18|ENSG00000273828.2	gene|regulatory|transcript	25
chr20	47331356	47331381	ENSG00000101040.20	gene|regulatory|transcript	25
chr20	57212243	57212268	ENSG00000101144.13	gene|regulatory|transcript	25
chr20	31562314	31562339	ENSG00000101294.19	gene|regulatory|transcript	25
chr20	5818048	5818073	ENSG00000171984.15	gene|regulatory|transcript	25
chr20	34872856	34872881	ENSG00000131069.20	gene|regulatory|transcript	25
chr20	42191731	42191756	ENSG00000196090.14	gene|regulatory|transcript	25
chr20	63831071	63831096	ENSG00000130584.12	gene|regulatory|transcript	25
chr20	36458935	36458960	ENSG00000080845.19	gene|regulatory|transcript	25
chr20	42923731	42923756	ENSG00000196090.14	gene|regulatory|transcript	25
chr20	48789577	48789602	ENSG00000124126.14	gene|regulatory|transcript	25
chr20	5548381	5548406	ENSG00000125772.14	gene|regulatory|transcript	25
chr20	45864328	45864353	ENSG00000132801.7	gene|regulatory|transcript	25
chr20	38307541	38307566	ENSG00000101425.14|ENSG00000206249.3	gene|regulatory|transcript	25
chr20	17568334	17568359	ENSG00000125864.14	gene|regulatory|transcript	25
chr20	37254184	37254209	ENSG00000118702.11	gene|regulatory|transcript	25
chr20	358054	358079	ENSG00000125841.13	gene|regulatory|transcript	25
chr20	9617408	9617433	ENSG00000101349.17	gene|regulatory|transcript	25
chr20	47356631	47356656	ENSG00000101040.20	gene|regulatory|transcript	25
chr20	32146402	32146427	ENSG00000101337.16	gene|regulatory|transcript	25
chr20	37180220	37180245	ENSG00000118705.18	gene|regulatory|transcript	25
chr20	16553701	16553726	ENSG00000089177.20	gene|regulatory|transcript	25
chr20	16472461	16472486	ENSG00000089177.20	gene|regulatory|transcript	25
chr20	48937101	48937126	ENSG00000124198.10	gene|regulatory|transcript	25
chr20	38864373	38864398	ENSG00000101445.10	gene|regulatory|transcript	25
chr20	32485033	32485058	ENSG00000197183.15	gene|regulatory|transcript	25
chr20	64079826	64079851	ENSG00000171700.14	gene|regulatory|transcript	25
chr20	50104709	50104734	ENSG00000124208.16|ENSG00000244687.13	gene|regulatory|transcript	25
chr20	25076599	25076624	ENSG00000100987.15	gene|regulatory|transcript	25
chr20	20201445	20201470	ENSG00000089101.19	gene|regulatory|transcript	25
chr20	36827625	36827650	ENSG00000149639.15	gene|regulatory|transcript	25
chr20	48762184	48762209	ENSG00000124126.14	gene|regulatory|transcript	25
chr20	43680835	43680860	ENSG00000101057.16	gene|regulatory|transcript	25
chr20	23394775	23394800	ENSG00000125814.17	gene|regulatory|transcript	25
chr20	33752110	33752135	ENSG00000131061.15	gene|regulatory|transcript	25
chr20	24987428	24987453	ENSG00000101474.12	gene|regulatory|transcript	25
chr20	47245229	47245254	ENSG00000101040.20	gene|regulatory|transcript	25
chr20	31821798	31821823	ENSG00000101306.11	gene|regulatory|transcript	25
chr20	46980003	46980028	ENSG00000064655.19	gene|regulatory|transcript	25
chr20	47168155	47168180	ENSG00000064655.19	gene|regulatory|transcript	25
chr20	20038973	20038998	ENSG00000101343.15	gene|regulatory|transcript	25
chr20	36113799	36113824	ENSG00000088367.23	gene|regulatory|transcript	25
chr20	44020190	44020215	ENSG00000124191.18	gene|regulatory|transcript	25
chr20	15198311	15198336	ENSG00000172264.19	gene|regulatory|transcript	25
chr20	43925462	43925487	ENSG00000124191.18	gene|regulatory|transcript	25
chr20	5836948	5836973	ENSG00000171984.15	gene|regulatory|transcript	25
chr20	38150160	38150185	ENSG00000198959.12	gene|regulatory|transcript	25
chr20	22584596	22584621	ENSG00000125798.15	gene|regulatory|transcript	25
chr20	35269734	35269759	ENSG00000125966.10|ENSG00000126005.17|ENSG00000261582.1	gene|regulatory|transcript	25
chr20	14505766	14505791	ENSG00000172264.19	gene|regulatory|transcript	25
chr20	14434565	14434590	ENSG00000172264.19	gene|regulatory|transcript	25
chr20	41174011	41174036	ENSG00000124181.15	gene|regulatory|transcript	25
chr20	49983798	49983823	ENSG00000124216.4	gene|regulatory|transcript	25
chr20	63969788	63969813	ENSG00000196700.9	gene|regulatory|transcript	25
chr20	18146233	18146258	ENSG00000149474.15	gene|regulatory|transcript	25
chr20	278304	278329	ENSG00000196476.12	gene|regulatory|transcript	25
chr20	34926951	34926976	ENSG00000131069.20	gene|regulatory|transcript	25
chr20	25274723	25274748	ENSG00000100994.12	gene|regulatory|transcript	25
chr20	2923181	2923206	ENSG00000132670.21	gene|regulatory|transcript	25
chr20	2983896	2983921	ENSG00000132670.21	gene|regulatory|transcript	25
chr20	3044653	3044678	ENSG00000125787.11	gene|regulatory|transcript	25
chr20	37200519	37200543	ENSG00000118705.18	gene|regulatory|transcript	24
chr20	48728108	48728132	ENSG00000124126.14	gene|regulatory|transcript	24
chr20	10636271	10636295	ENSG00000149346.15	gene|regulatory|transcript	24
chr20	1568070	1568094	ENSG00000101307.16|ENSG00000260861.6	gene|regulatory|transcript	24
chr20	38473469	38473493	ENSG00000170471.15	gene|regulatory|transcript	24
chr20	4960919	4960943	ENSG00000089057.15	gene|regulatory|transcript	24
chr20	1343627	1343651	ENSG00000234684.8|ENSG00000274322.1	gene|regulatory|transcript	24
chr20	3663329	3663353	ENSG00000125861.16	gene|regulatory|transcript	24
chr20	51411827	51411851	ENSG00000101096.20	gene|regulatory|transcript	24
chr20	47061220	47061244	ENSG00000064655.19	gene|regulatory|transcript	24
chr20	50870844	50870868	ENSG00000124243.19	gene|regulatory|transcript	24
chr20	58151032	58151056	ENSG00000124237.6	gene|regulatory|transcript	24
chr20	63249266	63249290	ENSG00000101198.15	gene|regulatory|transcript	24
chr20	59144323	59144347	ENSG00000124203.7	gene|regulatory|transcript	24
chr20	51643754	51643778	ENSG00000054793.14	gene|regulatory|transcript	24
chr20	38094762	38094786	ENSG00000101413.12	gene|regulatory|transcript	24
chr20	38060696	38060720	ENSG00000101413.12	gene|regulatory|transcript	24
chr20	35266609	35266633	ENSG00000125966.10|ENSG00000126005.17	gene|regulatory|transcript	24
chr20	18585585	18585609	ENSG00000284776.1	gene|regulatory|transcript	24
chr20	51500603	51500627	ENSG00000101096.20	gene|regulatory|transcript	24
chr20	20611426	20611450	ENSG00000188559.16	gene|regulatory|transcript	24
chr20	38346640	38346664	ENSG00000129988.6	gene|regulatory|transcript	24
chr20	33623296	33623320	ENSG00000078699.22	gene|regulatory|transcript	24
chr20	31713777	31713801	ENSG00000171552.14|ENSG00000236559.1	gene|regulatory|transcript	24
chr20	37158255	37158279	ENSG00000101353.16	gene|regulatory|transcript	24
chr20	19234145	19234169	ENSG00000185052.13	gene|regulatory|transcript	24
chr20	1906898	1906922	ENSG00000198053.12	gene|regulatory|transcript	24
chr20	50114251	50114275	ENSG00000124208.16|ENSG00000244687.13	gene|regulatory|transcript	24
chr20	38355079	38355103	ENSG00000129988.6	gene|regulatory|transcript	24
chr20	34629700	34629724	ENSG00000101464.11	gene|regulatory|transcript	24
chr20	1490907	1490931	ENSG00000196209.13	gene|regulatory|transcript	24
chr20	48933496	48933520	ENSG00000124198.10	gene|regulatory|transcript	24
chr20	461884	461908	ENSG00000125875.15	gene|regulatory|transcript	24
chr20	50515590	50515614	ENSG00000196396.10	gene|regulatory|transcript	24
chr20	1242845	1242869	ENSG00000244588.6	gene|regulatory|transcript	24
chr20	57227332	57227356	ENSG00000101144.13	gene|regulatory|transcript	24
chr20	50636556	50636580	ENSG00000042062.13	gene|regulatory|transcript	24
chr20	4822403	4822427	ENSG00000101265.16	gene|regulatory|transcript	24
chr20	56395233	56395257	ENSG00000101138.12	gene|regulatory|transcript	24
chr20	45865691	45865715	ENSG00000132801.7	gene|regulatory|transcript	24
chr20	43016579	43016603	ENSG00000196090.14	gene|regulatory|transcript	24
chr20	37394277	37394301	ENSG00000197122.13	gene|regulatory|transcript	24
chr20	32360806	32360830	ENSG00000171456.22	gene|regulatory|transcript	24
chr20	49277042	49277066	ENSG00000124201.15	gene|regulatory|transcript	24
chr20	32327661	32327685	ENSG00000101350.8	gene|regulatory|transcript	24
chr20	32070825	32070849	ENSG00000101336.18	gene|regulatory|transcript	24
chr20	1273419	1273443	ENSG00000101298.15|ENSG00000244588.6	gene|regulatory|transcript	24
chr20	62651247	62651271	ENSG00000101187.16	gene|regulatory|transcript	24
chr20	20215262	20215286	ENSG00000089101.19	gene|regulatory|transcript	24
chr20	19991362	19991386	ENSG00000132669.14	gene|regulatory|transcript	24
chr20	17967663	17967687	ENSG00000089006.17|ENSG00000125850.11	gene|regulatory|transcript	24
chr20	59306285	59306309	ENSG00000124205.18	gene|regulatory|transcript	24
chr20	53115841	53115865	ENSG00000182463.17	gene|regulatory|transcript	24
chr20	51424396	51424420	ENSG00000101096.20	gene|regulatory|transcript	24
chr20	61252784	61252808	ENSG00000179242.16	gene|regulatory|transcript	24
chr20	15108019	15108043	ENSG00000172264.19	gene|regulatory|transcript	24
chr20	15460751	15460775	ENSG00000172264.19	gene|regulatory|transcript	24
chr20	42483929	42483953	ENSG00000196090.14	gene|regulatory|transcript	24
chr20	44031806	44031830	ENSG00000124191.18	gene|regulatory|transcript	24
chr20	50814964	50814988	ENSG00000124243.19	gene|regulatory|transcript	24
chr20	58407829	58407853	ENSG00000124164.16	gene|regulatory|transcript	24
chr20	19945083	19945107	ENSG00000132669.14	gene|regulatory|transcript	24
chr20	57399968	57399992	ENSG00000132819.17	gene|regulatory|transcript	24
chr20	44651392	44651416	ENSG00000196839.14	gene|regulatory|transcript	24
chr20	6768875	6768899	ENSG00000125845.7	gene|regulatory|transcript	24
chr20	32369123	32369147	ENSG00000171456.22	gene|regulatory|transcript	24
chr20	370903	370926	ENSG00000101255.12	gene|regulatory|transcript	23
chr20	47648981	47649004	ENSG00000124151.19	gene|regulatory|transcript	23
chr20	59746455	59746478	ENSG00000087495.17	gene|regulatory|transcript	23
chr20	49046423	49046446	ENSG00000124207.17	gene|regulatory|transcript	23
chr20	36523070	36523093	ENSG00000080845.19|ENSG00000232907.9	gene|regulatory|transcript	23
chr20	54168030	54168053	ENSG00000019186.10	gene|regulatory|transcript	23
chr20	16528440	16528463	ENSG00000089177.20	gene|regulatory|transcript	23
chr20	41348098	41348121	ENSG00000132793.12	gene|regulatory|transcript	23
chr20	47341005	47341028	ENSG00000101040.20	gene|regulatory|transcript	23
chr20	21323953	21323976	ENSG00000088930.8	gene|regulatory|transcript	23
chr20	20253925	20253948	ENSG00000089101.19	gene|regulatory|transcript	23
chr20	50926125	50926148	ENSG00000101126.18	gene|regulatory|transcript	23
chr20	56440965	56440988	ENSG00000087589.17	gene|regulatory|transcript	23
chr20	2709933	2709956	ENSG00000088881.22	gene|regulatory|transcript	23
chr20	59605823	59605846	ENSG00000087495.17	gene|regulatory|transcript	23
chr20	3173431	3173454	ENSG00000088899.16	gene|regulatory|transcript	23
chr20	38160057	38160080	ENSG00000198959.12	gene|regulatory|transcript	23
chr20	4686512	4686535	ENSG00000171867.18	gene|regulatory|transcript	23
chr20	893919	893942	ENSG00000101280.8	gene|regulatory|transcript	23
chr20	59629605	59629628	ENSG00000087495.17	gene|regulatory|transcript	23
chr20	33437455	33437478	ENSG00000101400.6	gene|regulatory|transcript	23
chr20	37082029	37082052	ENSG00000080839.12	gene|regulatory|transcript	23
chr20	38245025	38245048	ENSG00000149633.12	gene|regulatory|transcript	23
chr20	33603160	33603183	ENSG00000078699.22	gene|regulatory|transcript	23
chr20	47245544	47245567	ENSG00000101040.20	gene|regulatory|transcript	23
chr20	15268169	15268192	ENSG00000172264.19	gene|regulatory|transcript	23
chr20	36092813	36092836	ENSG00000088367.23	gene|regulatory|transcript	23
chr20	33790926	33790949	ENSG00000131061.15|ENSG00000230753.6	gene|regulatory|transcript	23
chr20	41247277	41247300	ENSG00000174306.22	gene|regulatory|transcript	23
chr20	36820980	36821003	ENSG00000149639.15	gene|regulatory|transcript	23
chr20	57706935	57706958	ENSG00000124225.16	gene|regulatory|transcript	23
chr20	45778989	45779012	ENSG00000124116.19	gene|regulatory|transcript	23
chr20	58699278	58699301	ENSG00000215440.12|ENSG00000254995.4	gene|regulatory|transcript	23
chr20	45470365	45470388	ENSG00000101443.18	gene|regulatory|transcript	23
chr20	20703183	20703206	ENSG00000188559.16	gene|regulatory|transcript	23
chr20	8454629	8454652	ENSG00000182621.19	gene|regulatory|transcript	23
chr20	62341095	62341118	ENSG00000130702.15	gene|regulatory|transcript	23
chr20	10590659	10590682	ENSG00000149346.15	gene|regulatory|transcript	23
chr20	1329061	1329084	ENSG00000125775.15|ENSG00000234684.8|ENSG00000274322.1	gene|regulatory|transcript	23
chr20	8161319	8161342	ENSG00000182621.19	gene|regulatory|transcript	23
chr20	48705197	48705220	ENSG00000124126.14	gene|regulatory|transcript	23
chr20	34559137	34559160	ENSG00000101460.13	gene|regulatory|transcript	23
chr20	50611157	50611180	ENSG00000042062.13	gene|regulatory|transcript	23
chr20	51446491	51446514	ENSG00000101096.20	gene|regulatory|transcript	23
chr20	42614391	42614414	ENSG00000196090.14	gene|regulatory|transcript	23
chr20	25541127	25541150	ENSG00000101004.16	gene|regulatory|transcript	23
chr20	53447343	53447366	ENSG00000182463.17|ENSG00000271774.1	gene|regulatory|transcript	23
chr20	45905780	45905803	ENSG00000100979.15	gene|regulatory|transcript	23
chr20	37391474	37391497	ENSG00000197122.13	gene|regulatory|transcript	23
chr20	3298326	3298349	ENSG00000088854.13	gene|regulatory|transcript	23
chr20	17671291	17671314	ENSG00000125844.17	gene|regulatory|transcript	23
chr20	13038066	13038089	ENSG00000172296.13	gene|regulatory|transcript	23
chr20	33811658	33811681	ENSG00000101421.4	gene|regulatory|transcript	23
chr20	17625337	17625360	ENSG00000125844.17	gene|regulatory|transcript	23
chr20	32538502	32538525	ENSG00000197183.15	gene|regulatory|transcript	23
chr20	47173839	47173862	ENSG00000064655.19	gene|regulatory|transcript	23
chr20	44142367	44142390	ENSG00000149596.7	gene|regulatory|transcript	23
chr20	34400738	34400761	ENSG00000078747.17|ENSG00000289720.1	gene|regulatory|transcript	23
chr20	44135892	44135915	ENSG00000149596.7	gene|regulatory|transcript	23
chr20	41112716	41112739	ENSG00000198900.7|ENSG00000226648.2	gene|regulatory|transcript	23
chr20	59005311	59005334	ENSG00000101160.15	gene|regulatory|transcript	23
chr20	34704778	34704800	ENSG00000078804.13|ENSG00000198646.14	gene|regulatory|transcript	22
chr20	51460772	51460794	ENSG00000101096.20	gene|regulatory|transcript	22
chr20	63274210	63274232	ENSG00000101199.13	gene|regulatory|transcript	22
chr20	14260601	14260623	ENSG00000172264.19	gene|regulatory|transcript	22
chr20	41247900	41247922	ENSG00000174306.22	gene|regulatory|transcript	22
chr20	35262101	35262123	ENSG00000125966.10|ENSG00000126005.17	gene|regulatory|transcript	22
chr20	61438106	61438128	ENSG00000179242.16	gene|regulatory|transcript	22
chr20	61331925	61331947	ENSG00000179242.16	gene|regulatory|transcript	22
chr20	46208135	46208157	ENSG00000149654.11	gene|regulatory|transcript	22
chr20	8160729	8160751	ENSG00000182621.19	gene|regulatory|transcript	22
chr20	3745470	3745492	ENSG00000132622.11	gene|regulatory|transcript	22
chr20	31770320	31770342	ENSG00000088325.16	gene|regulatory|transcript	22
chr20	45370991	45371013	ENSG00000204070.10|ENSG00000254806.5	gene|regulatory|transcript	22
chr20	32298450	32298472	ENSG00000101350.8	gene|regulatory|transcript	22
chr20	20199745	20199767	ENSG00000089101.19	gene|regulatory|transcript	22
chr20	62318650	62318672	ENSG00000130702.15	gene|regulatory|transcript	22
chr20	38109114	38109136	ENSG00000101413.12	gene|regulatory|transcript	22
chr20	44756352	44756374	ENSG00000101098.13	gene|regulatory|transcript	22
chr20	54169569	54169591	ENSG00000019186.10	gene|regulatory|transcript	22
chr20	35882413	35882435	ENSG00000025293.17	gene|regulatory|transcript	22
chr20	32902785	32902807	ENSG00000215529.13	gene|regulatory|transcript	22
chr20	54170244	54170266	ENSG00000019186.10	gene|regulatory|transcript	22
chr20	32526480	32526502	ENSG00000197183.15	gene|regulatory|transcript	22
chr20	58841914	58841936	ENSG00000087460.29|ENSG00000235590.9	gene|regulatory|transcript	22
chr20	17426045	17426067	ENSG00000125851.10	gene|regulatory|transcript	22
chr20	20702870	20702892	ENSG00000188559.16	gene|regulatory|transcript	22
chr20	36841647	36841669	ENSG00000149639.15	gene|regulatory|transcript	22
chr20	50540040	50540062	ENSG00000196396.10	gene|regulatory|transcript	22
chr20	36882605	36882627	ENSG00000101342.10	gene|regulatory|transcript	22
chr20	46999979	47000001	ENSG00000064655.19	gene|regulatory|transcript	22
chr20	34421278	34421300	ENSG00000078747.17|ENSG00000289720.1	gene|regulatory|transcript	22
chr20	38136759	38136781	ENSG00000198959.12	gene|regulatory|transcript	22
chr20	38140422	38140444	ENSG00000198959.12	gene|regulatory|transcript	22
chr20	31830006	31830028	ENSG00000101306.11	gene|regulatory|transcript	22
chr20	36210877	36210899	ENSG00000088367.23	gene|regulatory|transcript	22
chr20	49642021	49642043	ENSG00000158470.5	gene|regulatory|transcript	22
chr20	32077234	32077256	ENSG00000101336.18	gene|regulatory|transcript	22
chr20	47304272	47304294	ENSG00000101040.20	gene|regulatory|transcript	22
chr20	8764372	8764394	ENSG00000182621.19	gene|regulatory|transcript	22
chr20	33165429	33165451	ENSG00000131050.11	gene|regulatory|transcript	22
chr20	43047036	43047058	ENSG00000196090.14	gene|regulatory|transcript	22
chr20	46353542	46353564	ENSG00000080189.15	gene|regulatory|transcript	22
chr20	41271520	41271542	ENSG00000174306.22	gene|regulatory|transcript	22
chr20	62243516	62243538	ENSG00000130703.17	gene|regulatory|transcript	22
chr20	59895921	59895943	ENSG00000196074.13	gene|regulatory|transcript	22
chr20	36632572	36632594	ENSG00000101082.14	gene|regulatory|transcript	22
chr20	42925804	42925826	ENSG00000196090.14	gene|regulatory|transcript	22
chr20	36363032	36363054	ENSG00000080845.19	gene|regulatory|transcript	22
chr20	35034178	35034200	ENSG00000100991.12	gene|regulatory|transcript	22
chr20	57619808	57619830	ENSG00000124256.15	gene|regulatory|transcript	22
chr20	44475991	44476013	ENSG00000124120.11	gene|regulatory|transcript	22
chr20	31685538	31685560	ENSG00000171552.14	gene|regulatory|transcript	22
chr20	37180626	37180648	ENSG00000118705.18	gene|regulatory|transcript	22
chr20	37134454	37134476	ENSG00000101353.16	gene|regulatory|transcript	22
chr20	64063384	64063406	ENSG00000171703.17	gene|regulatory|transcript	22
chr20	54167338	54167360	ENSG00000019186.10	gene|regulatory|transcript	22
chr20	32489641	32489663	ENSG00000197183.15	gene|regulatory|transcript	22
chr20	62847881	62847903	ENSG00000101190.13	gene|regulatory|transcript	22
chr20	47758136	47758158	ENSG00000196562.16	gene|regulatory|transcript	22
chr20	37378128	37378150	ENSG00000197122.13	gene|regulatory|transcript	22
chr20	1388447	1388469	ENSG00000088832.18|ENSG00000274322.1	gene|regulatory|transcript	22
chr20	37160865	37160887	ENSG00000101353.16	gene|regulatory|transcript	22
chr20	38617793	38617815	ENSG00000124143.11|ENSG00000289012.1	gene|regulatory|transcript	22
chr20	54164563	54164585	ENSG00000019186.10	gene|regulatory|transcript	22
chr20	61900917	61900939	ENSG00000179242.16	gene|regulatory|transcript	22
chr20	44165314	44165336	ENSG00000149596.7	gene|regulatory|transcript	22
chr20	35618998	35619019	ENSG00000061656.11	gene|regulatory|transcript	21
chr20	49702227	49702248	ENSG00000158470.5	gene|regulatory|transcript	21
chr20	46036549	46036570	ENSG00000124140.15	gene|regulatory|transcript	21
chr20	50822467	50822488	ENSG00000124243.19	gene|regulatory|transcript	21
chr20	37996727	37996748	ENSG00000101407.13	gene|regulatory|transcript	21
chr20	47120577	47120598	ENSG00000064655.19	gene|regulatory|transcript	21
chr20	34523254	34523275	ENSG00000125971.18|ENSG00000289720.1	gene|regulatory|transcript	21
chr20	34524488	34524509	ENSG00000125971.18|ENSG00000289720.1	gene|regulatory|transcript	21
chr20	31862942	31862963	ENSG00000149599.16	gene|regulatory|transcript	21
chr20	36008611	36008632	ENSG00000149646.12	gene|regulatory|transcript	21
chr20	34404830	34404851	ENSG00000078747.17|ENSG00000289720.1	gene|regulatory|transcript	21
chr20	45099581	45099602	ENSG00000124134.9	gene|regulatory|transcript	21
chr20	33773692	33773713	ENSG00000131061.15	gene|regulatory|transcript	21
chr20	62825442	62825463	ENSG00000092758.18	gene|regulatory|transcript	21
chr20	57674065	57674086	ENSG00000124225.16	gene|regulatory|transcript	21
chr20	63707788	63707809	ENSG00000101246.20|ENSG00000197114.12	gene|regulatory|transcript	21
chr20	3113317	3113338	ENSG00000185019.17|ENSG00000235958.5	gene|regulatory|transcript	21
chr20	53069710	53069731	ENSG00000182463.17	gene|regulatory|transcript	21
chr20	31860710	31860731	ENSG00000149599.16	gene|regulatory|transcript	21
chr20	36843912	36843933	ENSG00000149639.15	gene|regulatory|transcript	21
chr20	61334393	61334414	ENSG00000179242.16	gene|regulatory|transcript	21
chr20	52056912	52056933	ENSG00000020256.20	gene|regulatory|transcript	21
chr20	31859634	31859655	ENSG00000149599.16	gene|regulatory|transcript	21
chr20	43459131	43459152	ENSG00000124193.16|ENSG00000288000.1	gene|regulatory|transcript	21
chr20	35069498	35069519	ENSG00000100991.12	gene|regulatory|transcript	21
chr20	13632061	13632082	ENSG00000089123.16	gene|regulatory|transcript	21
chr20	53299883	53299904	ENSG00000182463.17|ENSG00000271774.1	gene|regulatory|transcript	21
chr20	19304391	19304412	ENSG00000185052.13	gene|regulatory|transcript	21
chr20	43953925	43953946	ENSG00000124191.18	gene|regulatory|transcript	21
chr20	57201335	57201356	ENSG00000101144.13	gene|regulatory|transcript	21
chr20	8616819	8616840	ENSG00000182621.19	gene|regulatory|transcript	21
chr20	50816630	50816651	ENSG00000124243.19	gene|regulatory|transcript	21
chr20	54000317	54000338	ENSG00000064787.14	gene|regulatory|transcript	21
chr20	63212939	63212960	ENSG00000149658.18	gene|regulatory|transcript	21
chr20	32766358	32766379	ENSG00000088305.19	gene|regulatory|transcript	21
chr20	50619964	50619985	ENSG00000042062.13	gene|regulatory|transcript	21
chr20	58228202	58228223	ENSG00000124227.6	gene|regulatory|transcript	21
chr20	34247595	34247616	ENSG00000101440.10|ENSG00000250917.1	gene|regulatory|transcript	21
chr20	21142203	21142224	ENSG00000088970.16	gene|regulatory|transcript	21
chr20	63284093	63284114	ENSG00000101199.13	gene|regulatory|transcript	21
chr20	52172973	52172994	ENSG00000020256.20	gene|regulatory|transcript	21
chr20	34908232	34908253	ENSG00000131069.20	gene|regulatory|transcript	21
chr20	36112480	36112501	ENSG00000088367.23	gene|regulatory|transcript	21
chr20	36167927	36167948	ENSG00000088367.23	gene|regulatory|transcript	21
chr20	373177	373198	ENSG00000101255.12	gene|regulatory|transcript	21
chr20	32735297	32735318	ENSG00000149600.12|ENSG00000285382.1	gene|regulatory|transcript	21
chr20	46357773	46357794	ENSG00000080189.15	gene|regulatory|transcript	21
chr20	2313588	2313609	ENSG00000125780.12|ENSG00000286022.1	gene|regulatory|transcript	21
chr20	49688321	49688342	ENSG00000158470.5	gene|regulatory|transcript	21
chr20	41588391	41588412	ENSG00000124177.16	gene|regulatory|transcript	21
chr20	10512396	10512417	ENSG00000149346.15	gene|regulatory|transcript	21
chr20	25294292	25294313	ENSG00000100994.12	gene|regulatory|transcript	21
chr20	34875137	34875158	ENSG00000131069.20	gene|regulatory|transcript	21
chr20	19774589	19774610	ENSG00000132669.14	gene|regulatory|transcript	21
chr20	43188474	43188495	ENSG00000196090.14	gene|regulatory|transcript	21
chr20	18164587	18164608	ENSG00000149474.15	gene|regulatory|transcript	21
chr20	433380	433401	ENSG00000125875.15	gene|regulatory|transcript	21
chr20	52128823	52128844	ENSG00000020256.20	gene|regulatory|transcript	21
chr20	34046668	34046689	ENSG00000125970.12	gene|regulatory|transcript	21
chr20	14958727	14958748	ENSG00000172264.19	gene|regulatory|transcript	21
chr20	48660273	48660294	ENSG00000124126.14	gene|regulatory|transcript	21
chr20	44033361	44033382	ENSG00000124191.18	gene|regulatory|transcript	21
chr20	59986174	59986195	ENSG00000124215.17	gene|regulatory|transcript	21
chr20	2798406	2798427	ENSG00000088882.8	gene|regulatory|transcript	21
chr20	51768280	51768301	ENSG00000054793.14	gene|regulatory|transcript	21
chr20	36745888	36745909	ENSG00000101079.21	gene|regulatory|transcript	21
chr20	50144571	50144592	ENSG00000124208.16|ENSG00000240849.11	gene|regulatory|transcript	21
chr20	20259851	20259872	ENSG00000089101.19|ENSG00000243810.1	gene|regulatory|transcript	21
chr20	57493744	57493765	ENSG00000124097.8	gene|regulatory|transcript	21
chr20	62729464	62729485	ENSG00000101188.5	gene|regulatory|transcript	21
chr20	36237477	36237498	ENSG00000131043.13	gene|regulatory|transcript	21
chr20	2748630	2748651	ENSG00000088881.22	gene|regulatory|transcript	21
chr20	34768108	34768128	ENSG00000198646.14|ENSG00000286803.1	gene|regulatory|transcript	20
chr20	50568478	50568498	ENSG00000196396.10	gene|regulatory|transcript	20
chr20	45937397	45937417	ENSG00000100982.12	gene|regulatory|transcript	20
chr20	38112215	38112235	ENSG00000101413.12	gene|regulatory|transcript	20
chr20	10672674	10672694	ENSG00000101384.12	gene|regulatory|transcript	20
chr20	16274098	16274118	ENSG00000089177.20	gene|regulatory|transcript	20
chr20	657346	657366	ENSG00000270299.1	gene|regulatory|transcript	20
chr20	19263013	19263033	ENSG00000179447.2|ENSG00000185052.13	gene|regulatory|transcript	20
chr20	34519211	34519231	ENSG00000125971.18|ENSG00000289720.1	gene|regulatory|transcript	20
chr20	48922702	48922722	ENSG00000124198.10	gene|regulatory|transcript	20
chr20	41232573	41232593	ENSG00000174306.22	gene|regulatory|transcript	20
chr20	58716629	58716649	ENSG00000215440.12	gene|regulatory|transcript	20
chr20	43668076	43668096	ENSG00000101057.16	gene|regulatory|transcript	20
chr20	61734644	61734664	ENSG00000179242.16	gene|regulatory|transcript	20
chr20	46675545	46675565	ENSG00000158296.14	gene|regulatory|transcript	20
chr20	41248229	41248249	ENSG00000174306.22	gene|regulatory|transcript	20
chr20	34417080	34417100	ENSG00000078747.17|ENSG00000289720.1	gene|regulatory|transcript	20
chr20	33008780	33008800	ENSG00000078898.7	gene|regulatory|transcript	20
chr20	33441319	33441339	ENSG00000101400.6	gene|regulatory|transcript	20
chr20	46562802	46562822	ENSG00000158296.14	gene|regulatory|transcript	20
chr20	20655363	20655383	ENSG00000188559.16	gene|regulatory|transcript	20
chr20	49151561	49151581	ENSG00000124214.21	gene|regulatory|transcript	20
chr20	43959302	43959322	ENSG00000124191.18	gene|regulatory|transcript	20
chr20	62004295	62004315	ENSG00000130699.20	gene|regulatory|transcript	20
chr20	38369499	38369519	ENSG00000129988.6	gene|regulatory|transcript	20
chr20	54163674	54163694	ENSG00000019186.10	gene|regulatory|transcript	20
chr20	51462132	51462152	ENSG00000101096.20	gene|regulatory|transcript	20
chr20	9838223	9838243	ENSG00000101349.17|ENSG00000286470.1	gene|regulatory|transcript	20
chr20	44011508	44011528	ENSG00000124191.18	gene|regulatory|transcript	20
chr20	45796437	45796457	ENSG00000101457.13	gene|regulatory|transcript	20
chr20	37351047	37351067	ENSG00000197122.13	gene|regulatory|transcript	20
chr20	14686789	14686809	ENSG00000172264.19	gene|regulatory|transcript	20
chr20	47030549	47030569	ENSG00000064655.19	gene|regulatory|transcript	20
chr20	8275230	8275250	ENSG00000182621.19	gene|regulatory|transcript	20
chr20	2706188	2706208	ENSG00000088881.22	gene|regulatory|transcript	20
chr20	32832831	32832851	ENSG00000101367.9	gene|regulatory|transcript	20
chr20	46203073	46203093	ENSG00000149654.11	gene|regulatory|transcript	20
chr20	3238899	3238919	ENSG00000088836.14	gene|regulatory|transcript	20
chr20	19978795	19978815	ENSG00000132669.14	gene|regulatory|transcript	20
chr20	63422717	63422737	ENSG00000075043.21|ENSG00000280936.1	gene|regulatory|transcript	20
chr20	5596106	5596126	ENSG00000125772.14	gene|regulatory|transcript	20
chr20	49399633	49399653	ENSG00000158445.10|ENSG00000290421.1	gene|regulatory|transcript	20
chr20	50743122	50743142	ENSG00000124171.9	gene|regulatory|transcript	20
chr20	37381106	37381126	ENSG00000197122.13	gene|regulatory|transcript	20
chr20	17615905	17615925	ENSG00000125844.17	gene|regulatory|transcript	20
chr20	49187753	49187773	ENSG00000124214.21	gene|regulatory|transcript	20
chr20	48759816	48759836	ENSG00000124126.14	gene|regulatory|transcript	20
chr20	6005343	6005363	ENSG00000278719.1|ENSG00000286235.1	gene|regulatory|transcript	20
chr20	62426598	62426618	ENSG00000130701.4	gene|regulatory|transcript	20
chr20	1925265	1925285	ENSG00000198053.12	gene|regulatory|transcript	20
chr20	15298070	15298090	ENSG00000172264.19	gene|regulatory|transcript	20
chr20	38119754	38119774	ENSG00000101413.12	gene|regulatory|transcript	20
chr20	4806326	4806346	ENSG00000101265.16	gene|regulatory|transcript	20
chr20	4688407	4688427	ENSG00000171867.18	gene|regulatory|transcript	20
chr20	17702958	17702978	ENSG00000125888.15	gene|regulatory|transcript	20
chr20	45910633	45910653	ENSG00000100979.15	gene|regulatory|transcript	20
chr20	49528133	49528153	ENSG00000124212.6	gene|regulatory|transcript	20
chr20	48770154	48770174	ENSG00000124126.14	gene|regulatory|transcript	20
chr20	3935738	3935758	ENSG00000101236.17	gene|regulatory|transcript	20
chr20	1280688	1280708	ENSG00000101298.15|ENSG00000244588.6	gene|regulatory|transcript	20
chr20	44418253	44418273	ENSG00000101076.20	gene|regulatory|transcript	20
chr20	61959343	61959363	ENSG00000130699.20	gene|regulatory|transcript	20
chr20	418244	418264	ENSG00000125826.22	gene|regulatory|transcript	20
chr20	44951191	44951211	ENSG00000025772.8|ENSG00000101104.13	gene|regulatory|transcript	20
chr20	53075671	53075691	ENSG00000182463.17	gene|regulatory|transcript	20
chr20	49661207	49661227	ENSG00000158470.5	gene|regulatory|transcript	20
chr20	32667968	32667987	ENSG00000198547.10|ENSG00000285382.1	gene|regulatory|transcript	19
chr20	19881355	19881374	ENSG00000132669.14	gene|regulatory|transcript	19
chr20	35267865	35267884	ENSG00000125966.10|ENSG00000126005.17	gene|regulatory|transcript	19
chr20	10282270	10282289	ENSG00000132639.15|ENSG00000227906.10	gene|regulatory|transcript	19
chr20	35875096	35875115	ENSG00000025293.17	gene|regulatory|transcript	19
chr20	39027623	39027642	ENSG00000101452.15	gene|regulatory|transcript	19
chr20	5821535	5821554	ENSG00000171984.15	gene|regulatory|transcript	19
chr20	4152864	4152883	ENSG00000088826.18	gene|regulatory|transcript	19
chr20	38861068	38861087	ENSG00000101445.10	gene|regulatory|transcript	19
chr20	31667514	31667533	ENSG00000171552.14	gene|regulatory|transcript	19
chr20	57604769	57604788	ENSG00000124256.15	gene|regulatory|transcript	19
chr20	15491888	15491907	ENSG00000172264.19	gene|regulatory|transcript	19
chr20	35717688	35717707	ENSG00000131051.24	gene|regulatory|transcript	19
chr20	31676610	31676629	ENSG00000171552.14	gene|regulatory|transcript	19
chr20	43936905	43936924	ENSG00000124191.18	gene|regulatory|transcript	19
chr20	36145648	36145667	ENSG00000088367.23	gene|regulatory|transcript	19
chr20	35454620	35454639	ENSG00000125965.9	gene|regulatory|transcript	19
chr20	2102175	2102194	ENSG00000125834.13	gene|regulatory|transcript	19
chr20	47768345	47768364	ENSG00000196562.16	gene|regulatory|transcript	19
chr20	57653598	57653617	ENSG00000124225.16	gene|regulatory|transcript	19
chr20	57493977	57493996	ENSG00000124097.8	gene|regulatory|transcript	19
chr20	35438805	35438824	ENSG00000125965.9	gene|regulatory|transcript	19
chr20	36158576	36158595	ENSG00000088367.23	gene|regulatory|transcript	19
chr20	33283254	33283273	ENSG00000125999.11	gene|regulatory|transcript	19
chr20	25579400	25579419	ENSG00000101004.16	gene|regulatory|transcript	19
chr20	5125932	5125951	ENSG00000132646.11	gene|regulatory|transcript	19
chr20	37392737	37392756	ENSG00000197122.13	gene|regulatory|transcript	19
chr20	63683458	63683477	ENSG00000026036.23|ENSG00000258366.12	gene|regulatory|transcript	19
chr20	57705086	57705105	ENSG00000124225.16	gene|regulatory|transcript	19
chr20	2664005	2664024	ENSG00000101365.21	gene|regulatory|transcript	19
chr20	36833008	36833027	ENSG00000149639.15	gene|regulatory|transcript	19
chr20	14623178	14623197	ENSG00000172264.19|ENSG00000227927.2	gene|regulatory|transcript	19
chr20	47019136	47019155	ENSG00000064655.19	gene|regulatory|transcript	19
chr20	49812948	49812967	ENSG00000197818.12	gene|regulatory|transcript	19
chr20	20582426	20582445	ENSG00000188559.16	gene|regulatory|transcript	19
chr20	38809528	38809547	ENSG00000101445.10	gene|regulatory|transcript	19
chr20	10003226	10003245	ENSG00000132623.16|ENSG00000243961.2	gene|regulatory|transcript	19
chr20	34553819	34553838	ENSG00000101460.13	gene|regulatory|transcript	19
chr20	46023178	46023197	ENSG00000124140.15	gene|regulatory|transcript	19
chr20	44357344	44357363	ENSG00000101076.20	gene|regulatory|transcript	19
chr20	49471452	49471471	ENSG00000158445.10	gene|regulatory|transcript	19
chr20	36458762	36458781	ENSG00000080845.19	gene|regulatory|transcript	19
chr20	33007760	33007779	ENSG00000078898.7	gene|regulatory|transcript	19
chr20	36467064	36467083	ENSG00000080845.19	gene|regulatory|transcript	19
chr20	57680309	57680328	ENSG00000124225.16	gene|regulatory|transcript	19
chr20	17595093	17595112	ENSG00000125868.16	gene|regulatory|transcript	19
chr20	41234012	41234031	ENSG00000174306.22	gene|regulatory|transcript	19
chr20	37916259	37916278	ENSG00000132821.12	gene|regulatory|transcript	19
chr20	57375106	57375125	ENSG00000101146.13	gene|regulatory|transcript	19
chr20	41301215	41301234	ENSG00000174306.22	gene|regulatory|transcript	19
chr20	41407974	41407993	ENSG00000124177.16	gene|regulatory|transcript	19
chr20	45792824	45792843	ENSG00000101457.13	gene|regulatory|transcript	19
chr20	32825177	32825196	ENSG00000101367.9	gene|regulatory|transcript	19
chr20	35283824	35283843	ENSG00000242372.9	gene|regulatory|transcript	19
chr20	45338259	45338277	ENSG00000124145.6	gene|regulatory|transcript	18
chr20	2838213	2838231	ENSG00000132635.17	gene|regulatory|transcript	18
chr20	15457931	15457949	ENSG00000172264.19	gene|regulatory|transcript	18
chr20	34400622	34400640	ENSG00000078747.17|ENSG00000289720.1	gene|regulatory|transcript	18
chr20	2301023	2301041	ENSG00000125780.12|ENSG00000286022.1	gene|regulatory|transcript	18
chr20	50690849	50690867	ENSG00000042062.13	gene|regulatory|transcript	18
chr20	45407889	45407907	ENSG00000244274.9|ENSG00000254806.5	gene|regulatory|transcript	18
chr20	31821737	31821755	ENSG00000101306.11	gene|regulatory|transcript	18
chr20	44135831	44135849	ENSG00000149596.7	gene|regulatory|transcript	18
chr20	44646815	44646833	ENSG00000196839.14	gene|regulatory|transcript	18
chr20	1925400	1925418	ENSG00000198053.12	gene|regulatory|transcript	18
chr20	35012035	35012053	ENSG00000100991.12	gene|regulatory|transcript	18
chr20	43679619	43679637	ENSG00000101057.16	gene|regulatory|transcript	18
chr20	44648731	44648749	ENSG00000196839.14	gene|regulatory|transcript	18
chr20	37519350	37519368	ENSG00000166619.15	gene|regulatory|transcript	18
chr20	50805312	50805330	ENSG00000124243.19	gene|regulatory|transcript	18
chr20	31739650	31739668	ENSG00000088325.16	gene|regulatory|transcript	18
chr20	46709964	46709982	ENSG00000197496.6	gene|regulatory|transcript	18
chr20	38157736	38157754	ENSG00000198959.12	gene|regulatory|transcript	18
chr20	15818949	15818967	ENSG00000172264.19	gene|regulatory|transcript	18
chr20	3282336	3282354	ENSG00000088854.13	gene|regulatory|transcript	18
chr20	37074433	37074451	ENSG00000080839.12	gene|regulatory|transcript	18
chr20	24986596	24986614	ENSG00000101474.12	gene|regulatory|transcript	18
chr20	32845785	32845803	ENSG00000101367.9|ENSG00000260536.1	gene|regulatory|transcript	18
chr20	37732521	37732539	ENSG00000132792.21	gene|regulatory|transcript	18
chr20	57256222	57256240	ENSG00000101144.13	gene|regulatory|transcript	18
chr20	2210741	2210759	ENSG00000226644.5|ENSG00000286022.1	gene|regulatory|transcript	18
chr20	10512247	10512265	ENSG00000149346.15	gene|regulatory|transcript	18
chr20	2884722	2884740	ENSG00000132670.21	gene|regulatory|transcript	18
chr20	37178391	37178409	ENSG00000101353.16	gene|regulatory|transcript	18
chr20	47708443	47708461	ENSG00000196562.16	gene|regulatory|transcript	18
chr20	44202942	44202960	ENSG00000132823.11	gene|regulatory|transcript	18
chr20	47542980	47542998	ENSG00000124151.19	gene|regulatory|transcript	18
chr20	32509940	32509958	ENSG00000197183.15	gene|regulatory|transcript	18
chr20	9390153	9390171	ENSG00000101333.19	gene|regulatory|transcript	18
chr20	15902845	15902863	ENSG00000172264.19|ENSG00000286546.1	gene|regulatory|transcript	18
chr20	48688091	48688109	ENSG00000124126.14	gene|regulatory|transcript	18
chr20	47182327	47182345	ENSG00000064655.19	gene|regulatory|transcript	18
chr20	8647881	8647899	ENSG00000182621.19	gene|regulatory|transcript	18
chr20	17577578	17577596	ENSG00000125868.16	gene|regulatory|transcript	18
chr20	37363613	37363631	ENSG00000197122.13	gene|regulatory|transcript	18
chr20	62137138	62137156	ENSG00000101182.15	gene|regulatory|transcript	18
chr20	50620132	50620150	ENSG00000042062.13	gene|regulatory|transcript	18
chr20	24654700	24654718	ENSG00000101463.6	gene|regulatory|transcript	18
chr20	36793160	36793178	ENSG00000149639.15	gene|regulatory|transcript	18
chr20	33409022	33409040	ENSG00000101400.6	gene|regulatory|transcript	18
chr20	19936950	19936968	ENSG00000132669.14	gene|regulatory|transcript	18
chr20	41116259	41116277	ENSG00000198900.7|ENSG00000226648.2	gene|regulatory|transcript	18
chr20	49389077	49389095	ENSG00000158445.10|ENSG00000290421.1	gene|regulatory|transcript	18
chr20	38115209	38115227	ENSG00000101413.12	gene|regulatory|transcript	18
chr20	59166338	59166356	ENSG00000124203.7	gene|regulatory|transcript	18
chr20	9398337	9398355	ENSG00000101333.19	gene|regulatory|transcript	18
chr20	47350489	47350507	ENSG00000101040.20	gene|regulatory|transcript	18
chr20	8212390	8212408	ENSG00000182621.19	gene|regulatory|transcript	18
chr20	5150698	5150716	ENSG00000101290.14	gene|regulatory|transcript	18
chr20	44610529	44610547	ENSG00000168734.14|ENSG00000196839.14	gene|regulatory|transcript	18
chr20	32535412	32535430	ENSG00000197183.15	gene|regulatory|transcript	18
chr20	8377106	8377124	ENSG00000182621.19	gene|regulatory|transcript	18
chr20	10217390	10217408	ENSG00000132639.15|ENSG00000227906.10	gene|regulatory|transcript	18
chr20	38092597	38092615	ENSG00000101413.12	gene|regulatory|transcript	18
chr20	48929391	48929409	ENSG00000124198.10	gene|regulatory|transcript	18
chr20	8250662	8250680	ENSG00000182621.19|ENSG00000225479.1	gene|regulatory|transcript	18
chr20	41118877	41118895	ENSG00000198900.7|ENSG00000226648.2	gene|regulatory|transcript	18
chr20	4994135	4994153	ENSG00000089057.15	gene|regulatory|transcript	18
chr20	49047512	49047530	ENSG00000124207.17	gene|regulatory|transcript	18
chr20	4989812	4989830	ENSG00000089057.15	gene|regulatory|transcript	18
chr20	59151950	59151968	ENSG00000124203.7	gene|regulatory|transcript	18
chr20	44717924	44717942	ENSG00000064205.11|ENSG00000244558.6	gene|regulatory|transcript	18
chr20	33521847	33521865	ENSG00000078699.22	gene|regulatory|transcript	18
chr20	2993083	2993101	ENSG00000132670.21	gene|regulatory|transcript	18
chr20	44247202	44247220	ENSG00000124194.17	gene|regulatory|transcript	18
chr20	58654972	58654989	ENSG00000124222.23|ENSG00000254995.4	gene|regulatory|transcript	17
chr20	44152190	44152207	ENSG00000149596.7	gene|regulatory|transcript	17
chr20	43622927	43622944	ENSG00000101052.13	gene|regulatory|transcript	17
chr20	42433650	42433667	ENSG00000196090.14	gene|regulatory|transcript	17
chr20	32316738	32316755	ENSG00000101350.8	gene|regulatory|transcript	17
chr20	44954361	44954378	ENSG00000025772.8|ENSG00000101104.13	gene|regulatory|transcript	17
chr20	35659121	35659138	ENSG00000214078.13|ENSG00000244462.8|ENSG00000272897.5	gene|regulatory|transcript	17
chr20	5827174	5827191	ENSG00000171984.15	gene|regulatory|transcript	17
chr20	32887877	32887894	ENSG00000215529.13	gene|regulatory|transcript	17
chr20	34999038	34999055	ENSG00000078814.19	gene|regulatory|transcript	17
chr20	31562391	31562408	ENSG00000101294.19	gene|regulatory|transcript	17
chr20	57498860	57498877	ENSG00000124092.13	gene|regulatory|transcript	17
chr20	38106647	38106664	ENSG00000101413.12	gene|regulatory|transcript	17
chr20	35000689	35000706	ENSG00000078814.19	gene|regulatory|transcript	17
chr20	18413222	18413239	ENSG00000089091.17	gene|regulatory|transcript	17
chr20	14859990	14860007	ENSG00000172264.19	gene|regulatory|transcript	17
chr20	34058811	34058828	ENSG00000125970.12	gene|regulatory|transcript	17
chr20	37713411	37713428	ENSG00000132792.21	gene|regulatory|transcript	17
chr20	13898170	13898187	ENSG00000101251.13	gene|regulatory|transcript	17
chr20	49447544	49447561	ENSG00000158445.10	gene|regulatory|transcript	17
chr20	31517713	31517730	ENSG00000101294.19	gene|regulatory|transcript	17
chr20	34915200	34915217	ENSG00000131069.20	gene|regulatory|transcript	17
chr20	37915555	37915572	ENSG00000132821.12	gene|regulatory|transcript	17
chr20	44032434	44032451	ENSG00000124191.18	gene|regulatory|transcript	17
chr20	2986849	2986866	ENSG00000132670.21	gene|regulatory|transcript	17
chr20	62816317	62816334	ENSG00000092758.18	gene|regulatory|transcript	17
chr20	32519381	32519398	ENSG00000197183.15|ENSG00000277301.1	gene|regulatory|transcript	17
chr20	19771806	19771823	ENSG00000132669.14	gene|regulatory|transcript	17
chr20	64223173	64223190	ENSG00000196132.14	gene|regulatory|transcript	17
chr20	35491371	35491388	ENSG00000126001.17	gene|regulatory|transcript	17
chr20	3011613	3011630	ENSG00000132670.21	gene|regulatory|transcript	17
chr20	35121558	35121575	ENSG00000088298.13	gene|regulatory|transcript	17
chr20	49140999	49141016	ENSG00000124214.21	gene|regulatory|transcript	17
chr20	10513371	10513388	ENSG00000149346.15	gene|regulatory|transcript	17
chr20	50735166	50735183	ENSG00000124171.9	gene|regulatory|transcript	17
chr20	25274004	25274021	ENSG00000100994.12	gene|regulatory|transcript	17
chr20	517321	517338	ENSG00000101266.19	gene|regulatory|transcript	17
chr20	5008723	5008740	ENSG00000089057.15	gene|regulatory|transcript	17
chr20	54170448	54170465	ENSG00000019186.10	gene|regulatory|transcript	17
chr20	37384132	37384149	ENSG00000197122.13	gene|regulatory|transcript	17
chr20	9333175	9333192	ENSG00000101333.19	gene|regulatory|transcript	17
chr20	25364939	25364956	ENSG00000100997.20	gene|regulatory|transcript	17
chr20	1185762	1185779	ENSG00000125818.18	gene|regulatory|transcript	17
chr20	5172540	5172557	ENSG00000101290.14	gene|regulatory|transcript	17
chr20	45335764	45335781	ENSG00000124145.6	gene|regulatory|transcript	17
chr20	3159401	3159418	ENSG00000185019.17|ENSG00000215251.5	gene|regulatory|transcript	17
chr20	9503365	9503382	ENSG00000101333.19	gene|regulatory|transcript	17
chr20	34875648	34875665	ENSG00000131069.20	gene|regulatory|transcript	17
chr20	45793019	45793036	ENSG00000101457.13	gene|regulatory|transcript	17
chr20	17226825	17226842	ENSG00000125851.10	gene|regulatory|transcript	17
chr20	45306944	45306961	ENSG00000124159.17|ENSG00000124232.11	gene|regulatory|transcript	17
chr20	32584346	32584363	ENSG00000197183.15|ENSG00000228156.1	gene|regulatory|transcript	17
chr20	59594480	59594497	ENSG00000087495.17	gene|regulatory|transcript	17
chr20	35015297	35015314	ENSG00000100991.12	gene|regulatory|transcript	17
chr20	19932519	19932536	ENSG00000132669.14	gene|regulatory|transcript	17
chr20	58892506	58892523	ENSG00000087460.29	gene|regulatory|transcript	17
chr20	43926697	43926714	ENSG00000124191.18	gene|regulatory|transcript	17
chr20	5597832	5597849	ENSG00000125772.14	gene|regulatory|transcript	17
chr20	35311518	35311535	ENSG00000101019.22	gene|regulatory|transcript	17
chr20	31667467	31667484	ENSG00000171552.14	gene|regulatory|transcript	17
chr20	45861115	45861132	ENSG00000132801.7	gene|regulatory|transcript	17
chr20	3557263	3557280	ENSG00000088812.18	gene|regulatory|transcript	17
chr20	34366233	34366250	ENSG00000078747.17|ENSG00000289720.1	gene|regulatory|transcript	17
chr20	13423780	13423797	ENSG00000089123.16	gene|regulatory|transcript	17
chr20	43016535	43016552	ENSG00000196090.14	gene|regulatory|transcript	17
chr20	57332369	57332386	ENSG00000054796.13	gene|regulatory|transcript	17
chr20	48683555	48683572	ENSG00000124126.14	gene|regulatory|transcript	17
chr20	51528366	51528383	ENSG00000101096.20	gene|regulatory|transcript	17
chr20	33790970	33790987	ENSG00000131061.15|ENSG00000230753.6	gene|regulatory|transcript	17
chr20	31849520	31849537	ENSG00000149599.16	gene|regulatory|transcript	17
chr20	44170903	44170919	ENSG00000149596.7	gene|regulatory|transcript	16
chr20	47713163	47713179	ENSG00000196562.16	gene|regulatory|transcript	16
chr20	4942395	4942411	ENSG00000089057.15	gene|regulatory|transcript	16
chr20	19887010	19887026	ENSG00000132669.14	gene|regulatory|transcript	16
chr20	50654126	50654142	ENSG00000042062.13|ENSG00000234693.1	gene|regulatory|transcript	16
chr20	46665944	46665960	ENSG00000158296.14	gene|regulatory|transcript	16
chr20	38304870	38304886	ENSG00000101425.14|ENSG00000206249.3	gene|regulatory|transcript	16
chr20	17502068	17502084	ENSG00000125864.14	gene|regulatory|transcript	16
chr20	17391664	17391680	ENSG00000125851.10	gene|regulatory|transcript	16
chr20	50110565	50110581	ENSG00000124208.16|ENSG00000244687.13	gene|regulatory|transcript	16
chr20	63453881	63453897	ENSG00000075043.21	gene|regulatory|transcript	16
chr20	43092491	43092507	ENSG00000196090.14	gene|regulatory|transcript	16
chr20	1894997	1895013	ENSG00000198053.12	gene|regulatory|transcript	16
chr20	25309429	25309445	ENSG00000100997.20	gene|regulatory|transcript	16
chr20	62892792	62892808	ENSG00000101191.17	gene|regulatory|transcript	16
chr20	19256129	19256145	ENSG00000179447.2|ENSG00000185052.13	gene|regulatory|transcript	16
chr20	1895734	1895750	ENSG00000198053.12	gene|regulatory|transcript	16
chr20	53201904	53201920	ENSG00000182463.17|ENSG00000227705.1	gene|regulatory|transcript	16
chr20	17589504	17589520	ENSG00000125868.16	gene|regulatory|transcript	16
chr20	59578000	59578016	ENSG00000087495.17	gene|regulatory|transcript	16
chr20	36717983	36717999	ENSG00000101079.21	gene|regulatory|transcript	16
chr20	5594130	5594146	ENSG00000125772.14	gene|regulatory|transcript	16
chr20	61704705	61704721	ENSG00000179242.16	gene|regulatory|transcript	16
chr20	24982643	24982659	ENSG00000101474.12	gene|regulatory|transcript	16
chr20	18738171	18738187	ENSG00000125821.13|ENSG00000284776.1	gene|regulatory|transcript	16
chr20	31879410	31879426	ENSG00000131044.19	gene|regulatory|transcript	16
chr20	36847554	36847570	ENSG00000149639.15	gene|regulatory|transcript	16
chr20	49385774	49385790	ENSG00000158445.10|ENSG00000290421.1	gene|regulatory|transcript	16
chr20	53585079	53585095	ENSG00000171940.14	gene|regulatory|transcript	16
chr20	44501512	44501528	ENSG00000132824.14	gene|regulatory|transcript	16
chr20	44643909	44643925	ENSG00000196839.14	gene|regulatory|transcript	16
chr20	46989984	46990000	ENSG00000064655.19	gene|regulatory|transcript	16
chr20	44646773	44646789	ENSG00000196839.14	gene|regulatory|transcript	16
chr20	41459000	41459016	ENSG00000124177.16	gene|regulatory|transcript	16
chr20	50739913	50739929	ENSG00000124171.9	gene|regulatory|transcript	16
chr20	47631438	47631454	ENSG00000124151.19	gene|regulatory|transcript	16
chr20	44721537	44721553	ENSG00000064205.11|ENSG00000244558.6	gene|regulatory|transcript	16
chr20	31549190	31549206	ENSG00000101294.19	gene|regulatory|transcript	16
chr20	34939626	34939642	ENSG00000100983.12	gene|regulatory|transcript	16
chr20	56360060	56360076	ENSG00000124098.10	gene|regulatory|transcript	16
chr20	14583030	14583046	ENSG00000172264.19|ENSG00000227927.2	gene|regulatory|transcript	16
chr20	59196005	59196021	ENSG00000124203.7	gene|regulatory|transcript	16
chr20	50099394	50099410	ENSG00000124208.16|ENSG00000244687.13	gene|regulatory|transcript	16
chr20	46010098	46010114	ENSG00000100985.7	gene|regulatory|transcript	16
chr20	47635874	47635890	ENSG00000124151.19	gene|regulatory|transcript	16
chr20	37289844	37289860	ENSG00000101363.13	gene|regulatory|transcript	16
chr20	32893792	32893808	ENSG00000215529.13	gene|regulatory|transcript	16
chr20	32738043	32738059	ENSG00000149600.12|ENSG00000285382.1	gene|regulatory|transcript	16
chr20	25049844	25049860	ENSG00000154930.15	gene|regulatory|transcript	16
chr20	49226413	49226429	ENSG00000124228.15	gene|regulatory|transcript	16
chr20	49658847	49658863	ENSG00000158470.5	gene|regulatory|transcript	16
chr20	25486747	25486763	ENSG00000101004.16	gene|regulatory|transcript	16
chr20	21192301	21192317	ENSG00000088970.16|ENSG00000232712.6	gene|regulatory|transcript	16
chr20	32019536	32019552	ENSG00000101331.17|ENSG00000226239.2	gene|regulatory|transcript	16
chr20	49526422	49526438	ENSG00000124212.6	gene|regulatory|transcript	16
chr20	14934299	14934315	ENSG00000172264.19|ENSG00000237832.1	gene|regulatory|transcript	16
chr20	59588784	59588800	ENSG00000087495.17	gene|regulatory|transcript	16
chr20	1280509	1280525	ENSG00000101298.15|ENSG00000244588.6	gene|regulatory|transcript	16
chr20	46360052	46360068	ENSG00000080189.15	gene|regulatory|transcript	16
chr20	20253838	20253854	ENSG00000089101.19	gene|regulatory|transcript	16
chr20	48766604	48766620	ENSG00000124126.14	gene|regulatory|transcript	16
chr20	18744083	18744099	ENSG00000125821.13|ENSG00000284776.1	gene|regulatory|transcript	16
chr20	8933086	8933102	ENSG00000182621.19	gene|regulatory|transcript	16
chr20	45904859	45904875	ENSG00000100979.15	gene|regulatory|transcript	16
chr20	47253095	47253111	ENSG00000101040.20	gene|regulatory|transcript	16
chr20	43693027	43693042	ENSG00000101057.16	gene|regulatory|transcript	15
chr20	32057677	32057692	ENSG00000101336.18	gene|regulatory|transcript	15
chr20	53942159	53942174	ENSG00000064787.14|ENSG00000236352.1	gene|regulatory|transcript	15
chr20	62396505	62396520	ENSG00000149679.12	gene|regulatory|transcript	15
chr20	52105928	52105943	ENSG00000020256.20	gene|regulatory|transcript	15
chr20	20064028	20064043	ENSG00000089101.19	gene|regulatory|transcript	15
chr20	45972106	45972121	ENSG00000198026.8	gene|regulatory|transcript	15
chr20	3822293	3822308	ENSG00000125843.11|ENSG00000274949.1	gene|regulatory|transcript	15
chr20	18583598	18583613	ENSG00000284776.1	gene|regulatory|transcript	15
chr20	35251483	35251498	ENSG00000125966.10|ENSG00000126005.17	gene|regulatory|transcript	15
chr20	49431212	49431227	ENSG00000158445.10|ENSG00000290421.1	gene|regulatory|transcript	15
chr20	3707585	3707600	ENSG00000088827.14	gene|regulatory|transcript	15
chr20	839977	839992	ENSG00000125898.13	gene|regulatory|transcript	15
chr20	45051969	45051984	ENSG00000101109.13	gene|regulatory|transcript	15
chr20	62351329	62351344	ENSG00000130702.15	gene|regulatory|transcript	15
chr20	8128713	8128728	ENSG00000182621.19	gene|regulatory|transcript	15
chr20	34927071	34927086	ENSG00000131069.20	gene|regulatory|transcript	15
chr20	34995320	34995335	ENSG00000078814.19	gene|regulatory|transcript	15
chr20	2840827	2840842	ENSG00000132635.17|ENSG00000215305.10	gene|regulatory|transcript	15
chr20	1343731	1343746	ENSG00000234684.8|ENSG00000274322.1	gene|regulatory|transcript	15
chr20	32912141	32912156	ENSG00000215529.13	gene|regulatory|transcript	15
chr20	10304269	10304284	ENSG00000132639.15|ENSG00000227906.10	gene|regulatory|transcript	15
chr20	43536884	43536899	ENSG00000185513.18|ENSG00000288000.1	gene|regulatory|transcript	15
chr20	45364026	45364041	ENSG00000204070.10|ENSG00000254806.5	gene|regulatory|transcript	15
chr20	13274690	13274705	ENSG00000101230.6	gene|regulatory|transcript	15
chr20	47310204	47310219	ENSG00000101040.20	gene|regulatory|transcript	15
chr20	37521693	37521708	ENSG00000053438.11|ENSG00000166619.15	gene|regulatory|transcript	15
chr20	3892924	3892939	ENSG00000125779.24	gene|regulatory|transcript	15
chr20	62925276	62925291	ENSG00000101191.17	gene|regulatory|transcript	15
chr20	31573902	31573917	ENSG00000101294.19	gene|regulatory|transcript	15
chr20	53233203	53233218	ENSG00000182463.17	gene|regulatory|transcript	15
chr20	23394580	23394595	ENSG00000125814.17	gene|regulatory|transcript	15
chr20	59903843	59903858	ENSG00000196074.13	gene|regulatory|transcript	15
chr20	50928635	50928650	ENSG00000101126.18	gene|regulatory|transcript	15
chr20	51409508	51409523	ENSG00000101096.20	gene|regulatory|transcript	15
chr20	59605132	59605147	ENSG00000087495.17	gene|regulatory|transcript	15
chr20	33609584	33609599	ENSG00000078699.22	gene|regulatory|transcript	15
chr20	57211437	57211452	ENSG00000101144.13	gene|regulatory|transcript	15
chr20	42973473	42973488	ENSG00000196090.14	gene|regulatory|transcript	15
chr20	37005423	37005438	ENSG00000080839.12	gene|regulatory|transcript	15
chr20	49508064	49508079	ENSG00000124212.6	gene|regulatory|transcript	15
chr20	32201612	32201627	ENSG00000126003.7	gene|regulatory|transcript	15
chr20	9442095	9442110	ENSG00000101333.19	gene|regulatory|transcript	15
chr20	36541561	36541576	ENSG00000101335.10|ENSG00000232907.9	gene|regulatory|transcript	15
chr20	32067700	32067715	ENSG00000101336.18	gene|regulatory|transcript	15
chr20	1895185	1895200	ENSG00000198053.12	gene|regulatory|transcript	15
chr20	46681267	46681282	ENSG00000158296.14	gene|regulatory|transcript	15
chr20	1185122	1185137	ENSG00000125818.18|ENSG00000125895.6	gene|regulatory|transcript	15
chr20	34824375	34824390	ENSG00000198646.14	gene|regulatory|transcript	15
chr20	977088	977103	ENSG00000101282.9	gene|regulatory|transcript	15
chr20	53095550	53095565	ENSG00000182463.17	gene|regulatory|transcript	15
chr20	17380888	17380903	ENSG00000125851.10	gene|regulatory|transcript	15
chr20	20522729	20522744	ENSG00000188559.16	gene|regulatory|transcript	15
chr20	4994185	4994200	ENSG00000089057.15	gene|regulatory|transcript	15
chr20	38510931	38510946	ENSG00000170471.15	gene|regulatory|transcript	15
chr20	16308716	16308731	ENSG00000089177.20	gene|regulatory|transcript	15
chr20	10649506	10649521	ENSG00000101384.12	gene|regulatory|transcript	15
chr20	20608979	20608994	ENSG00000188559.16	gene|regulatory|transcript	15
chr20	20491027	20491042	ENSG00000188559.16	gene|regulatory|transcript	15
chr20	10417675	10417690	ENSG00000125863.20|ENSG00000285508.2|ENSG00000285723.2	gene|regulatory|transcript	15
chr20	10507190	10507205	ENSG00000149346.15	gene|regulatory|transcript	15
chr20	57677362	57677377	ENSG00000124225.16	gene|regulatory|transcript	15
chr20	280382	280397	ENSG00000196476.12	gene|regulatory|transcript	15
chr20	44209338	44209353	ENSG00000132823.11	gene|regulatory|transcript	15
chr20	380745	380759	ENSG00000101255.12	gene|regulatory|transcript	14
chr20	20566612	20566626	ENSG00000188559.16	gene|regulatory|transcript	14
chr20	37202610	37202624	ENSG00000118705.18	gene|regulatory|transcript	14
chr20	34859428	34859442	ENSG00000131067.17	gene|regulatory|transcript	14
chr20	59629382	59629396	ENSG00000087495.17	gene|regulatory|transcript	14
chr20	35080520	35080534	ENSG00000100991.12	gene|regulatory|transcript	14
chr20	46631608	46631622	ENSG00000158296.14	gene|regulatory|transcript	14
chr20	38250913	38250927	ENSG00000149633.12	gene|regulatory|transcript	14
chr20	62817035	62817049	ENSG00000092758.18	gene|regulatory|transcript	14
chr20	44016794	44016808	ENSG00000124191.18	gene|regulatory|transcript	14
chr20	4812258	4812272	ENSG00000101265.16	gene|regulatory|transcript	14
chr20	34301471	34301485	ENSG00000101444.13	gene|regulatory|transcript	14
chr20	38243798	38243812	ENSG00000149633.12	gene|regulatory|transcript	14
chr20	38243707	38243721	ENSG00000149633.12	gene|regulatory|transcript	14
chr20	968138	968152	ENSG00000101282.9	gene|regulatory|transcript	14
chr20	36341437	36341451	ENSG00000080845.19	gene|regulatory|transcript	14
chr20	45329059	45329073	ENSG00000124145.6	gene|regulatory|transcript	14
chr20	44634412	44634426	ENSG00000196839.14	gene|regulatory|transcript	14
chr20	32639088	32639102	ENSG00000198547.10|ENSG00000285382.1	gene|regulatory|transcript	14
chr20	52179434	52179448	ENSG00000020256.20	gene|regulatory|transcript	14
chr20	63463669	63463683	ENSG00000075043.21	gene|regulatory|transcript	14
chr20	51538558	51538572	ENSG00000101096.20	gene|regulatory|transcript	14
chr20	3022674	3022688	ENSG00000132670.21	gene|regulatory|transcript	14
chr20	47544484	47544498	ENSG00000124151.19	gene|regulatory|transcript	14
chr20	17698758	17698772	ENSG00000125888.15	gene|regulatory|transcript	14
chr20	46269659	46269673	ENSG00000149654.11	gene|regulatory|transcript	14
chr20	61311307	61311321	ENSG00000179242.16	gene|regulatory|transcript	14
chr20	48764075	48764089	ENSG00000124126.14	gene|regulatory|transcript	14
chr20	2751907	2751921	ENSG00000088881.22	gene|regulatory|transcript	14
chr20	32539360	32539374	ENSG00000197183.15	gene|regulatory|transcript	14
chr20	38110559	38110573	ENSG00000101413.12	gene|regulatory|transcript	14
chr20	43714937	43714951	ENSG00000101057.16	gene|regulatory|transcript	14
chr20	24471629	24471643	ENSG00000101463.6	gene|regulatory|transcript	14
chr20	14556208	14556222	ENSG00000172264.19|ENSG00000227927.2	gene|regulatory|transcript	14
chr20	32065913	32065927	ENSG00000101336.18	gene|regulatory|transcript	14
chr20	45814090	45814104	ENSG00000175063.17	gene|regulatory|transcript	14
chr20	35467555	35467569	ENSG00000126001.17	gene|regulatory|transcript	14
chr20	36111245	36111259	ENSG00000088367.23	gene|regulatory|transcript	14
chr20	17681730	17681744	ENSG00000125844.17	gene|regulatory|transcript	14
chr20	62352955	62352969	ENSG00000130702.15	gene|regulatory|transcript	14
chr20	36121075	36121089	ENSG00000088367.23	gene|regulatory|transcript	14
chr20	44746193	44746207	ENSG00000124249.7	gene|regulatory|transcript	14
chr20	44715450	44715464	ENSG00000064205.11|ENSG00000244558.6	gene|regulatory|transcript	14
chr20	33387533	33387547	ENSG00000101391.21	gene|regulatory|transcript	14
chr20	50088066	50088080	ENSG00000124208.16|ENSG00000244687.13	gene|regulatory|transcript	14
chr20	45362333	45362347	ENSG00000204070.10	gene|regulatory|transcript	14
chr20	45348310	45348324	ENSG00000124145.6	gene|regulatory|transcript	14
chr20	2851312	2851326	ENSG00000215305.10	gene|regulatory|transcript	14
chr20	44116386	44116400	ENSG00000149596.7	gene|regulatory|transcript	14
chr20	48679636	48679650	ENSG00000124126.14	gene|regulatory|transcript	14
chr20	48678498	48678512	ENSG00000124126.14	gene|regulatory|transcript	14
chr20	25016321	25016335	ENSG00000154930.15	gene|regulatory|transcript	14
chr20	36941450	36941464	ENSG00000101347.11	gene|regulatory|transcript	14
chr20	13430748	13430762	ENSG00000089123.16	gene|regulatory|transcript	14
chr20	47502019	47502033	ENSG00000124151.19	gene|regulatory|transcript	14
chr20	1344117	1344131	ENSG00000234684.8|ENSG00000274322.1	gene|regulatory|transcript	14
chr20	37726396	37726410	ENSG00000132792.21	gene|regulatory|transcript	14
chr20	13567750	13567764	ENSG00000089123.16	gene|regulatory|transcript	14
chr20	51765659	51765673	ENSG00000054793.14	gene|regulatory|transcript	14
chr20	32476184	32476198	ENSG00000197183.15	gene|regulatory|transcript	14
chr20	49821903	49821917	ENSG00000197818.12	gene|regulatory|transcript	14
chr20	41279074	41279088	ENSG00000174306.22	gene|regulatory|transcript	14
chr20	34689585	34689599	ENSG00000101464.11|ENSG00000198646.14	gene|regulatory|transcript	14
chr20	13059345	13059359	ENSG00000172296.13	gene|regulatory|transcript	14
chr20	34872576	34872590	ENSG00000131067.17|ENSG00000131069.20	gene|regulatory|transcript	14
chr20	51620095	51620109	ENSG00000054793.14	gene|regulatory|transcript	14
chr20	37192108	37192122	ENSG00000118705.18	gene|regulatory|transcript	14
chr20	37354248	37354262	ENSG00000197122.13	gene|regulatory|transcript	14
chr20	47334311	47334325	ENSG00000101040.20	gene|regulatory|transcript	14
chr20	51632043	51632057	ENSG00000054793.14	gene|regulatory|transcript	14
chr20	44401487	44401501	ENSG00000101076.20	gene|regulatory|transcript	14
chr20	44357142	44357156	ENSG00000101076.20	gene|regulatory|transcript	14
chr20	19847844	19847857	ENSG00000132669.14	gene|regulatory|transcript	13
chr20	409816	409829	ENSG00000125826.22	gene|regulatory|transcript	13
chr20	44171101	44171114	ENSG00000149596.7	gene|regulatory|transcript	13
chr20	32572359	32572372	ENSG00000197183.15|ENSG00000233293.1	gene|regulatory|transcript	13
chr20	37366344	37366357	ENSG00000197122.13	gene|regulatory|transcript	13
chr20	31697879	31697892	ENSG00000171552.14|ENSG00000236559.1	gene|regulatory|transcript	13
chr20	19768598	19768611	ENSG00000132669.14	gene|regulatory|transcript	13
chr20	56631690	56631703	ENSG00000087510.7	gene|regulatory|transcript	13
chr20	47765831	47765844	ENSG00000196562.16	gene|regulatory|transcript	13
chr20	31706977	31706990	ENSG00000171552.14|ENSG00000236559.1	gene|regulatory|transcript	13
chr20	19875476	19875489	ENSG00000132669.14	gene|regulatory|transcript	13
chr20	3172199	3172212	ENSG00000088899.16	gene|regulatory|transcript	13
chr20	45836886	45836899	ENSG00000124104.19	gene|regulatory|transcript	13
chr20	64069347	64069360	ENSG00000171703.17	gene|regulatory|transcript	13
chr20	53186919	53186932	ENSG00000182463.17	gene|regulatory|transcript	13
chr20	63708025	63708038	ENSG00000197114.12	gene|regulatory|transcript	13
chr20	64079811	64079824	ENSG00000171700.14	gene|regulatory|transcript	13
chr20	63707853	63707866	ENSG00000101246.20|ENSG00000197114.12	gene|regulatory|transcript	13
chr20	42191814	42191827	ENSG00000196090.14	gene|regulatory|transcript	13
chr20	19374779	19374792	ENSG00000185052.13	gene|regulatory|transcript	13
chr20	16732150	16732163	ENSG00000125870.11	gene|regulatory|transcript	13
chr20	21156384	21156397	ENSG00000088970.16|ENSG00000228604.3|ENSG00000232712.6	gene|regulatory|transcript	13
chr20	10664412	10664425	ENSG00000101384.12	gene|regulatory|transcript	13
chr20	17735259	17735272	ENSG00000125888.15	gene|regulatory|transcript	13
chr20	45949080	45949093	ENSG00000198026.8	gene|regulatory|transcript	13
chr20	59177954	59177967	ENSG00000124203.7	gene|regulatory|transcript	13
chr20	14407429	14407442	ENSG00000172264.19	gene|regulatory|transcript	13
chr20	50822068	50822081	ENSG00000124243.19	gene|regulatory|transcript	13
chr20	44726379	44726392	ENSG00000064205.11|ENSG00000244558.6	gene|regulatory|transcript	13
chr20	854711	854724	ENSG00000125898.13	gene|regulatory|transcript	13
chr20	63533537	63533550	ENSG00000101213.7	gene|regulatory|transcript	13
chr20	63695764	63695777	ENSG00000026036.23|ENSG00000258366.12	gene|regulatory|transcript	13
chr20	63688386	63688399	ENSG00000026036.23|ENSG00000258366.12	gene|regulatory|transcript	13
chr20	35088524	35088537	ENSG00000100991.12	gene|regulatory|transcript	13
chr20	37397014	37397027	ENSG00000197122.13	gene|regulatory|transcript	13
chr20	15333307	15333320	ENSG00000172264.19	gene|regulatory|transcript	13
chr20	41044794	41044807	ENSG00000198900.7	gene|regulatory|transcript	13
chr20	15108280	15108293	ENSG00000172264.19	gene|regulatory|transcript	13
chr20	9495839	9495852	ENSG00000101333.19	gene|regulatory|transcript	13
chr20	51542356	51542369	ENSG00000101096.20	gene|regulatory|transcript	13
chr20	48641949	48641962	ENSG00000124126.14	gene|regulatory|transcript	13
chr20	13771896	13771909	ENSG00000089048.15	gene|regulatory|transcript	13
chr20	46979678	46979691	ENSG00000064655.19	gene|regulatory|transcript	13
chr20	46966285	46966298	ENSG00000064655.19	gene|regulatory|transcript	13
chr20	1273717	1273730	ENSG00000101298.15|ENSG00000244588.6	gene|regulatory|transcript	13
chr20	59985197	59985210	ENSG00000124215.17	gene|regulatory|transcript	13
chr20	3404481	3404494	ENSG00000088854.13	gene|regulatory|transcript	13
chr20	49267464	49267477	ENSG00000124201.15	gene|regulatory|transcript	13
chr20	36216924	36216937	ENSG00000088367.23	gene|regulatory|transcript	13
chr20	17649493	17649506	ENSG00000125844.17	gene|regulatory|transcript	13
chr20	3568545	3568558	ENSG00000088812.18	gene|regulatory|transcript	13
chr20	45853221	45853234	ENSG00000101473.17	gene|regulatory|transcript	13
chr20	32881007	32881020	ENSG00000215529.13	gene|regulatory|transcript	13
chr20	15857695	15857708	ENSG00000172264.19	gene|regulatory|transcript	13
chr20	54549757	54549770	ENSG00000101134.12	gene|regulatory|transcript	13
chr20	35819329	35819342	ENSG00000025293.17	gene|regulatory|transcript	13
chr20	13412929	13412942	ENSG00000089123.16	gene|regulatory|transcript	13
chr20	25686957	25686970	ENSG00000130684.14|ENSG00000213742.8	gene|regulatory|transcript	13
chr20	51456469	51456482	ENSG00000101096.20	gene|regulatory|transcript	13
chr20	62351257	62351270	ENSG00000130702.15	gene|regulatory|transcript	13
chr20	47079974	47079987	ENSG00000064655.19	gene|regulatory|transcript	13
chr20	10642601	10642614	ENSG00000101384.12	gene|regulatory|transcript	13
chr20	8156625	8156638	ENSG00000182621.19	gene|regulatory|transcript	13
chr20	32412490	32412503	ENSG00000171456.22	gene|regulatory|transcript	13
chr20	19566059	19566072	ENSG00000185052.13	gene|regulatory|transcript	13
chr20	417718	417731	ENSG00000125826.22	gene|regulatory|transcript	13
chr20	4974519	4974532	ENSG00000089057.15	gene|regulatory|transcript	13
chr20	53150247	53150260	ENSG00000182463.17	gene|regulatory|transcript	13
chr20	36091875	36091888	ENSG00000088367.23	gene|regulatory|transcript	13
chr20	59008108	59008121	ENSG00000101160.15	gene|regulatory|transcript	13
chr20	49909555	49909568	ENSG00000158480.11	gene|regulatory|transcript	13
chr20	38131477	38131490	ENSG00000198959.12	gene|regulatory|transcript	13
chr20	5823422	5823435	ENSG00000171984.15	gene|regulatory|transcript	13
chr20	10656384	10656397	ENSG00000101384.12	gene|regulatory|transcript	13
chr20	43692143	43692156	ENSG00000101057.16	gene|regulatory|transcript	13
chr20	51512522	51512535	ENSG00000101096.20	gene|regulatory|transcript	13
chr20	38764173	38764185	ENSG00000101442.10	gene|regulatory|transcript	12
chr20	49141600	49141612	ENSG00000124214.21	gene|regulatory|transcript	12
chr20	43940140	43940152	ENSG00000124191.18	gene|regulatory|transcript	12
chr20	47660598	47660610	ENSG00000196562.16	gene|regulatory|transcript	12
chr20	3209476	3209488	ENSG00000125877.13	gene|regulatory|transcript	12
chr20	13038033	13038045	ENSG00000172296.13	gene|regulatory|transcript	12
chr20	46544843	46544855	ENSG00000149635.3	gene|regulatory|transcript	12
chr20	10304095	10304107	ENSG00000132639.15|ENSG00000227906.10	gene|regulatory|transcript	12
chr20	43489504	43489516	ENSG00000185513.18|ENSG00000288000.1	gene|regulatory|transcript	12
chr20	1206646	1206658	ENSG00000215595.3|ENSG00000274269.1	gene|regulatory|transcript	12
chr20	14985738	14985750	ENSG00000172264.19	gene|regulatory|transcript	12
chr20	3980699	3980711	ENSG00000101236.17	gene|regulatory|transcript	12
chr20	6012320	6012332	ENSG00000088766.12|ENSG00000286235.1	gene|regulatory|transcript	12
chr20	38880965	38880977	ENSG00000101445.10	gene|regulatory|transcript	12
chr20	13783537	13783549	ENSG00000089048.15	gene|regulatory|transcript	12
chr20	33767041	33767053	ENSG00000131061.15	gene|regulatory|transcript	12
chr20	47303103	47303115	ENSG00000101040.20	gene|regulatory|transcript	12
chr20	17617785	17617797	ENSG00000125844.17	gene|regulatory|transcript	12
chr20	49535020	49535032	ENSG00000124212.6	gene|regulatory|transcript	12
chr20	45873543	45873555	ENSG00000132801.7	gene|regulatory|transcript	12
chr20	15889289	15889301	ENSG00000172264.19	gene|regulatory|transcript	12
chr20	50151566	50151578	ENSG00000124208.16|ENSG00000240849.11	gene|regulatory|transcript	12
chr20	46388031	46388043	ENSG00000062598.18|ENSG00000273828.2	gene|regulatory|transcript	12
chr20	47728197	47728209	ENSG00000196562.16	gene|regulatory|transcript	12
chr20	1900822	1900834	ENSG00000198053.12	gene|regulatory|transcript	12
chr20	48932158	48932170	ENSG00000124198.10	gene|regulatory|transcript	12
chr20	4869451	4869463	ENSG00000089057.15	gene|regulatory|transcript	12
chr20	44601129	44601141	ENSG00000168734.14|ENSG00000196839.14	gene|regulatory|transcript	12
chr20	37041695	37041707	ENSG00000080839.12	gene|regulatory|transcript	12
chr20	45308429	45308441	ENSG00000124159.17|ENSG00000124232.11	gene|regulatory|transcript	12
chr20	37044073	37044085	ENSG00000080839.12	gene|regulatory|transcript	12
chr20	32113627	32113639	ENSG00000101337.16	gene|regulatory|transcript	12
chr20	37048008	37048020	ENSG00000080839.12	gene|regulatory|transcript	12
chr20	4811357	4811369	ENSG00000101265.16	gene|regulatory|transcript	12
chr20	37394869	37394881	ENSG00000197122.13	gene|regulatory|transcript	12
chr20	25248421	25248433	ENSG00000100994.12	gene|regulatory|transcript	12
chr20	47309699	47309711	ENSG00000101040.20	gene|regulatory|transcript	12
chr20	8920043	8920055	ENSG00000182621.19	gene|regulatory|transcript	12
chr20	38308150	38308162	ENSG00000101425.14|ENSG00000206249.3	gene|regulatory|transcript	12
chr20	17594694	17594706	ENSG00000125868.16	gene|regulatory|transcript	12
chr20	32208199	32208211	ENSG00000101346.15	gene|regulatory|transcript	12
chr20	34496078	34496090	ENSG00000078747.17|ENSG00000289720.1	gene|regulatory|transcript	12
chr20	51437448	51437460	ENSG00000101096.20	gene|regulatory|transcript	12
chr20	44166323	44166335	ENSG00000149596.7	gene|regulatory|transcript	12
chr20	33661192	33661204	ENSG00000125967.17	gene|regulatory|transcript	12
chr20	64093206	64093218	ENSG00000125510.18	gene|regulatory|transcript	12
chr20	45835116	45835128	ENSG00000124104.19	gene|regulatory|transcript	12
chr20	3223353	3223365	ENSG00000125877.13	gene|regulatory|transcript	12
chr20	63443618	63443630	ENSG00000075043.21	gene|regulatory|transcript	12
chr20	51534232	51534244	ENSG00000101096.20	gene|regulatory|transcript	12
chr20	18583415	18583427	ENSG00000284776.1	gene|regulatory|transcript	12
chr20	58390340	58390352	ENSG00000124164.16	gene|regulatory|transcript	12
chr20	37359846	37359858	ENSG00000197122.13	gene|regulatory|transcript	12
chr20	62041650	62041662	ENSG00000130699.20	gene|regulatory|transcript	12
chr20	14958932	14958944	ENSG00000172264.19	gene|regulatory|transcript	12
chr20	35227625	35227637	ENSG00000125966.10|ENSG00000126005.17	gene|regulatory|transcript	12
chr20	8163834	8163846	ENSG00000182621.19	gene|regulatory|transcript	12
chr20	18497056	18497068	ENSG00000089050.16	gene|regulatory|transcript	12
chr20	14404773	14404785	ENSG00000172264.19	gene|regulatory|transcript	12
chr20	36842209	36842221	ENSG00000149639.15	gene|regulatory|transcript	12
chr20	57707662	57707674	ENSG00000124225.16	gene|regulatory|transcript	12
chr20	34014956	34014968	ENSG00000125970.12	gene|regulatory|transcript	12
chr20	34952843	34952855	ENSG00000100983.12	gene|regulatory|transcript	12
chr20	57396621	57396633	ENSG00000132819.17	gene|regulatory|transcript	12
chr20	18513357	18513369	ENSG00000101310.17	gene|regulatory|transcript	12
chr20	36860048	36860060	ENSG00000149639.15	gene|regulatory|transcript	12
chr20	36463359	36463371	ENSG00000080845.19	gene|regulatory|transcript	12
chr20	48993062	48993074	ENSG00000124198.10	gene|regulatory|transcript	12
chr20	46064598	46064610	ENSG00000124160.12	gene|regulatory|transcript	12
chr20	34523863	34523875	ENSG00000125971.18|ENSG00000289720.1	gene|regulatory|transcript	12
chr20	62338369	62338381	ENSG00000130702.15	gene|regulatory|transcript	12
chr20	32363626	32363638	ENSG00000171456.22	gene|regulatory|transcript	12
chr20	46562719	46562731	ENSG00000158296.14	gene|regulatory|transcript	12
chr20	35727061	35727073	ENSG00000131051.24	gene|regulatory|transcript	12
chr20	290158	290169	ENSG00000196476.12	gene|regulatory|transcript	11
chr20	63592144	63592155	ENSG00000101216.11	gene|regulatory|transcript	11
chr20	35491475	35491486	ENSG00000126001.17	gene|regulatory|transcript	11
chr20	64261415	64261426	ENSG00000203880.13	gene|regulatory|transcript	11
chr20	49710396	49710407	ENSG00000158470.5	gene|regulatory|transcript	11
chr20	47348072	47348083	ENSG00000101040.20	gene|regulatory|transcript	11
chr20	34780340	34780351	ENSG00000198646.14|ENSG00000286803.1	gene|regulatory|transcript	11
chr20	56506128	56506139	ENSG00000022277.13|ENSG00000124091.10	gene|regulatory|transcript	11
chr20	38814252	38814263	ENSG00000101445.10	gene|regulatory|transcript	11
chr20	16349409	16349420	ENSG00000089177.20	gene|regulatory|transcript	11
chr20	54163460	54163471	ENSG00000019186.10	gene|regulatory|transcript	11
chr20	49411342	49411353	ENSG00000158445.10|ENSG00000290421.1	gene|regulatory|transcript	11
chr20	62328445	62328456	ENSG00000130702.15	gene|regulatory|transcript	11
chr20	38034225	38034236	ENSG00000101413.12	gene|regulatory|transcript	11
chr20	47240221	47240232	ENSG00000101040.20	gene|regulatory|transcript	11
chr20	50850366	50850377	ENSG00000124243.19	gene|regulatory|transcript	11
chr20	34388317	34388328	ENSG00000078747.17|ENSG00000289720.1	gene|regulatory|transcript	11
chr20	45392830	45392841	ENSG00000124251.11|ENSG00000254806.5	gene|regulatory|transcript	11
chr20	37134184	37134195	ENSG00000101353.16	gene|regulatory|transcript	11
chr20	25373206	25373217	ENSG00000100997.20	gene|regulatory|transcript	11
chr20	37028379	37028390	ENSG00000080839.12	gene|regulatory|transcript	11
chr20	51636820	51636831	ENSG00000054793.14	gene|regulatory|transcript	11
chr20	36584332	36584343	ENSG00000118707.11|ENSG00000259399.1	gene|regulatory|transcript	11
chr20	50087102	50087113	ENSG00000124208.16|ENSG00000244687.13	gene|regulatory|transcript	11
chr20	63654431	63654442	ENSG00000197457.10	gene|regulatory|transcript	11
chr20	44116708	44116719	ENSG00000149596.7	gene|regulatory|transcript	11
chr20	33393177	33393188	ENSG00000101391.21	gene|regulatory|transcript	11
chr20	5153234	5153245	ENSG00000101290.14	gene|regulatory|transcript	11
chr20	25017674	25017685	ENSG00000154930.15	gene|regulatory|transcript	11
chr20	8920189	8920200	ENSG00000182621.19	gene|regulatory|transcript	11
chr20	37511980	37511991	ENSG00000166619.15	gene|regulatory|transcript	11
chr20	62183549	62183560	ENSG00000101181.18	gene|regulatory|transcript	11
chr20	50743909	50743920	ENSG00000124171.9	gene|regulatory|transcript	11
chr20	46681338	46681349	ENSG00000158296.14	gene|regulatory|transcript	11
chr20	1130865	1130876	ENSG00000125818.18	gene|regulatory|transcript	11
chr20	42709233	42709244	ENSG00000196090.14	gene|regulatory|transcript	11
chr20	20692189	20692200	ENSG00000188559.16	gene|regulatory|transcript	11
chr20	32822486	32822497	ENSG00000101367.9	gene|regulatory|transcript	11
chr20	38231553	38231564	ENSG00000149633.12	gene|regulatory|transcript	11
chr20	46931078	46931089	ENSG00000064655.19	gene|regulatory|transcript	11
chr20	5153252	5153263	ENSG00000101290.14	gene|regulatory|transcript	11
chr20	2800061	2800072	ENSG00000088882.8	gene|regulatory|transcript	11
chr20	63661496	63661507	ENSG00000026036.23|ENSG00000258366.12	gene|regulatory|transcript	11
chr20	53597619	53597630	ENSG00000171940.14	gene|regulatory|transcript	11
chr20	36134091	36134102	ENSG00000088367.23	gene|regulatory|transcript	11
chr20	47030737	47030748	ENSG00000064655.19	gene|regulatory|transcript	11
chr20	17712819	17712830	ENSG00000125888.15	gene|regulatory|transcript	11
chr20	45906359	45906370	ENSG00000100979.15	gene|regulatory|transcript	11
chr20	58892321	58892332	ENSG00000087460.29	gene|regulatory|transcript	11
chr20	53463369	53463380	ENSG00000182463.17|ENSG00000259723.1|ENSG00000271774.1	gene|regulatory|transcript	11
chr20	57696184	57696195	ENSG00000124225.16	gene|regulatory|transcript	11
chr20	31565694	31565705	ENSG00000101294.19	gene|regulatory|transcript	11
chr20	59940535	59940546	ENSG00000196227.11	gene|regulatory|transcript	11
chr20	43927511	43927522	ENSG00000124191.18	gene|regulatory|transcript	11
chr20	59984989	59985000	ENSG00000124215.17	gene|regulatory|transcript	11
chr20	53264014	53264025	ENSG00000182463.17|ENSG00000271774.1	gene|regulatory|transcript	11
chr20	53250065	53250076	ENSG00000182463.17	gene|regulatory|transcript	11
chr20	44019721	44019732	ENSG00000124191.18	gene|regulatory|transcript	11
chr20	13865809	13865820	ENSG00000101251.13	gene|regulatory|transcript	11
chr20	51536923	51536934	ENSG00000101096.20	gene|regulatory|transcript	11
chr20	49647661	49647672	ENSG00000158470.5	gene|regulatory|transcript	11
chr20	10565897	10565908	ENSG00000149346.15	gene|regulatory|transcript	11
chr20	34679765	34679776	ENSG00000101464.11	gene|regulatory|transcript	11
chr20	51511276	51511287	ENSG00000101096.20	gene|regulatory|transcript	11
chr20	33291895	33291906	ENSG00000125999.11	gene|regulatory|transcript	11
chr20	34925766	34925777	ENSG00000131069.20	gene|regulatory|transcript	11
chr20	34918327	34918338	ENSG00000131069.20	gene|regulatory|transcript	11
chr20	13736508	13736519	ENSG00000089048.15	gene|regulatory|transcript	11
chr20	45705376	45705387	ENSG00000168634.5	gene|regulatory|transcript	11
chr20	45061585	45061596	ENSG00000101109.13	gene|regulatory|transcript	11
chr20	31761186	31761197	ENSG00000088325.16	gene|regulatory|transcript	11
chr20	34469030	34469041	ENSG00000078747.17|ENSG00000289720.1	gene|regulatory|transcript	11
chr20	31574526	31574537	ENSG00000101294.19	gene|regulatory|transcript	11
chr20	50928825	50928836	ENSG00000101126.18	gene|regulatory|transcript	11
chr20	43691532	43691543	ENSG00000101057.16	gene|regulatory|transcript	11
chr20	45346012	45346023	ENSG00000124145.6	gene|regulatory|transcript	11
chr20	42493294	42493305	ENSG00000196090.14	gene|regulatory|transcript	11
chr20	50909393	50909404	ENSG00000101126.18	gene|regulatory|transcript	11
chr20	8304625	8304636	ENSG00000182621.19	gene|regulatory|transcript	11
chr20	48739721	48739732	ENSG00000124126.14	gene|regulatory|transcript	11
chr20	34998915	34998926	ENSG00000078814.19	gene|regulatory|transcript	11
chr20	25384772	25384783	ENSG00000100997.20	gene|regulatory|transcript	11
chr20	46980291	46980302	ENSG00000064655.19	gene|regulatory|transcript	11
chr20	6030731	6030742	ENSG00000088766.12|ENSG00000286235.1	gene|regulatory|transcript	11
chr20	34708863	34708874	ENSG00000078804.13|ENSG00000198646.14	gene|regulatory|transcript	11
chr20	43503930	43503941	ENSG00000185513.18|ENSG00000288000.1	gene|regulatory|transcript	11
chr20	25282021	25282032	ENSG00000100994.12	gene|regulatory|transcript	11
chr20	34726799	34726810	ENSG00000198646.14	gene|regulatory|transcript	11
chr20	59729390	59729401	ENSG00000087495.17	gene|regulatory|transcript	11
chr20	31706460	31706471	ENSG00000171552.14|ENSG00000236559.1	gene|regulatory|transcript	11
chr20	52194485	52194495	ENSG00000020256.20|ENSG00000234948.2	gene|regulatory|transcript	10
chr20	53075221	53075231	ENSG00000182463.17	gene|regulatory|transcript	10
chr20	51610457	51610467	ENSG00000054793.14	gene|regulatory|transcript	10
chr20	4959779	4959789	ENSG00000089057.15	gene|regulatory|transcript	10
chr20	53081953	53081963	ENSG00000182463.17	gene|regulatory|transcript	10
chr20	63900958	63900968	ENSG00000101152.12|ENSG00000290226.1	gene|regulatory|transcript	10
chr20	31678450	31678460	ENSG00000171552.14	gene|regulatory|transcript	10
chr20	20521100	20521110	ENSG00000188559.16	gene|regulatory|transcript	10
chr20	44392984	44392994	ENSG00000101076.20|ENSG00000229005.2	gene|regulatory|transcript	10
chr20	43559613	43559623	ENSG00000101049.18|ENSG00000277611.1	gene|regulatory|transcript	10
chr20	43489810	43489820	ENSG00000185513.18|ENSG00000288000.1	gene|regulatory|transcript	10
chr20	44966603	44966613	ENSG00000101109.13|ENSG00000227477.2	gene|regulatory|transcript	10
chr20	50732425	50732435	ENSG00000124171.9	gene|regulatory|transcript	10
chr20	31714677	31714687	ENSG00000171552.14|ENSG00000236559.1	gene|regulatory|transcript	10
chr20	63284922	63284932	ENSG00000101199.13	gene|regulatory|transcript	10
chr20	48719709	48719719	ENSG00000124126.14	gene|regulatory|transcript	10
chr20	8146001	8146011	ENSG00000182621.19	gene|regulatory|transcript	10
chr20	1312326	1312336	ENSG00000125775.15	gene|regulatory|transcript	10
chr20	8154766	8154776	ENSG00000182621.19	gene|regulatory|transcript	10
chr20	658249	658259	ENSG00000270299.1	gene|regulatory|transcript	10
chr20	3011845	3011855	ENSG00000132670.21	gene|regulatory|transcript	10
chr20	43939134	43939144	ENSG00000124191.18	gene|regulatory|transcript	10
chr20	25361984	25361994	ENSG00000100997.20	gene|regulatory|transcript	10
chr20	50806398	50806408	ENSG00000124243.19	gene|regulatory|transcript	10
chr20	47030117	47030127	ENSG00000064655.19	gene|regulatory|transcript	10
chr20	18006858	18006868	ENSG00000125850.11	gene|regulatory|transcript	10
chr20	17589209	17589219	ENSG00000125868.16	gene|regulatory|transcript	10
chr20	38161778	38161788	ENSG00000198959.12	gene|regulatory|transcript	10
chr20	1388143	1388153	ENSG00000088832.18|ENSG00000274322.1	gene|regulatory|transcript	10
chr20	32020022	32020032	ENSG00000101331.17|ENSG00000226239.2	gene|regulatory|transcript	10
chr20	9831239	9831249	ENSG00000101349.17	gene|regulatory|transcript	10
chr20	46203287	46203297	ENSG00000149654.11	gene|regulatory|transcript	10
chr20	19966892	19966902	ENSG00000132669.14	gene|regulatory|transcript	10
chr20	32142167	32142177	ENSG00000101337.16	gene|regulatory|transcript	10
chr20	19275627	19275637	ENSG00000179447.2|ENSG00000185052.13	gene|regulatory|transcript	10
chr20	2469282	2469292	ENSG00000125835.20|ENSG00000256566.1	gene|regulatory|transcript	10
chr20	50844157	50844167	ENSG00000124243.19	gene|regulatory|transcript	10
chr20	50839432	50839442	ENSG00000124243.19	gene|regulatory|transcript	10
chr20	9103969	9103979	ENSG00000101333.19	gene|regulatory|transcript	10
chr20	44792877	44792887	ENSG00000101098.13	gene|regulatory|transcript	10
chr20	25486216	25486226	ENSG00000101004.16	gene|regulatory|transcript	10
chr20	3044836	3044846	ENSG00000125787.11	gene|regulatory|transcript	10
chr20	37229184	37229194	ENSG00000118705.18	gene|regulatory|transcript	10
chr20	47719896	47719906	ENSG00000196562.16	gene|regulatory|transcript	10
chr20	46220855	46220865	ENSG00000149654.11	gene|regulatory|transcript	10
chr20	20208157	20208167	ENSG00000089101.19	gene|regulatory|transcript	10
chr20	47656877	47656887	ENSG00000196562.16	gene|regulatory|transcript	10
chr20	37914850	37914860	ENSG00000132821.12	gene|regulatory|transcript	10
chr20	3341152	3341162	ENSG00000088854.13	gene|regulatory|transcript	10
chr20	35829204	35829214	ENSG00000025293.17	gene|regulatory|transcript	10
chr20	48710394	48710404	ENSG00000124126.14	gene|regulatory|transcript	10
chr20	38002776	38002786	ENSG00000101407.13	gene|regulatory|transcript	10
chr20	50671460	50671470	ENSG00000042062.13	gene|regulatory|transcript	10
chr20	19778356	19778366	ENSG00000132669.14	gene|regulatory|transcript	10
chr20	20709971	20709981	ENSG00000188559.16	gene|regulatory|transcript	10
chr20	50103991	50104001	ENSG00000124208.16|ENSG00000244687.13	gene|regulatory|transcript	10
chr20	16732806	16732816	ENSG00000125870.11	gene|regulatory|transcript	10
chr20	64056961	64056971	ENSG00000171703.17|ENSG00000237371.1	gene|regulatory|transcript	10
chr20	1245631	1245641	ENSG00000244588.6	gene|regulatory|transcript	10
chr20	46175531	46175541	ENSG00000149654.11	gene|regulatory|transcript	10
chr20	17997885	17997895	ENSG00000125850.11	gene|regulatory|transcript	10
chr20	35955790	35955800	ENSG00000149646.12|ENSG00000171222.11	gene|regulatory|transcript	10
chr20	34092059	34092069	ENSG00000125970.12|ENSG00000125977.7	gene|regulatory|transcript	10
chr20	38871483	38871493	ENSG00000101445.10	gene|regulatory|transcript	10
chr20	3749739	3749749	ENSG00000132622.11	gene|regulatory|transcript	10
chr20	2284114	2284124	ENSG00000286022.1	gene|regulatory|transcript	10
chr20	44521902	44521912	ENSG00000132824.14	gene|regulatory|transcript	10
chr20	44116473	44116483	ENSG00000149596.7	gene|regulatory|transcript	10
chr20	34979496	34979506	ENSG00000078814.19	gene|regulatory|transcript	10
chr20	36947300	36947310	ENSG00000101347.11	gene|regulatory|transcript	10
chr20	5606542	5606552	ENSG00000125772.14	gene|regulatory|transcript	10
chr20	5750526	5750536	ENSG00000171984.15	gene|regulatory|transcript	10
chr20	5750762	5750772	ENSG00000171984.15	gene|regulatory|transcript	10
chr20	911668	911678	ENSG00000101280.8	gene|regulatory|transcript	10
chr20	34066679	34066689	ENSG00000125970.12	gene|regulatory|transcript	10
chr20	5764683	5764693	ENSG00000171984.15	gene|regulatory|transcript	10
chr20	21232914	21232924	ENSG00000088970.16	gene|regulatory|transcript	10
chr20	35009192	35009202	ENSG00000100991.12	gene|regulatory|transcript	10
chr20	31829791	31829801	ENSG00000101306.11	gene|regulatory|transcript	10
chr20	17956430	17956440	ENSG00000089006.17	gene|regulatory|transcript	10
chr20	34875842	34875852	ENSG00000131069.20	gene|regulatory|transcript	10
chr20	14311509	14311519	ENSG00000172264.19	gene|regulatory|transcript	10
chr20	63729644	63729654	ENSG00000197114.12|ENSG00000273154.3	gene|regulatory|transcript	10
chr20	36608543	36608553	ENSG00000101084.19|ENSG00000259399.1	gene|regulatory|transcript	10
chr20	49465841	49465851	ENSG00000158445.10	gene|regulatory|transcript	10
chr20	18047223	18047233	ENSG00000125850.11	gene|regulatory|transcript	10
chr20	4857336	4857346	ENSG00000089057.15	gene|regulatory|transcript	10
chr20	16274839	16274849	ENSG00000089177.20	gene|regulatory|transcript	10
chr20	47775054	47775064	ENSG00000196562.16	gene|regulatory|transcript	10
chr20	64067463	64067473	ENSG00000171703.17	gene|regulatory|transcript	10
chr20	31684356	31684366	ENSG00000171552.14	gene|regulatory|transcript	10
chr20	10636532	10636542	ENSG00000149346.15	gene|regulatory|transcript	10
chr20	25390503	25390512	ENSG00000100997.20	gene|regulatory|transcript	9
chr20	47355657	47355666	ENSG00000101040.20	gene|regulatory|transcript	9
chr20	53401254	53401263	ENSG00000182463.17|ENSG00000231703.2|ENSG00000271774.1	gene|regulatory|transcript	9
chr20	53413376	53413385	ENSG00000182463.17|ENSG00000271774.1	gene|regulatory|transcript	9
chr20	45335920	45335929	ENSG00000124145.6	gene|regulatory|transcript	9
chr20	32155587	32155596	ENSG00000101337.16	gene|regulatory|transcript	9
chr20	57682296	57682305	ENSG00000124225.16	gene|regulatory|transcript	9
chr20	36472522	36472531	ENSG00000080845.19	gene|regulatory|transcript	9
chr20	57406275	57406284	ENSG00000132819.17	gene|regulatory|transcript	9
chr20	48760717	48760726	ENSG00000124126.14	gene|regulatory|transcript	9
chr20	47295105	47295114	ENSG00000101040.20	gene|regulatory|transcript	9
chr20	34863670	34863679	ENSG00000131067.17	gene|regulatory|transcript	9
chr20	31689447	31689456	ENSG00000171552.14|ENSG00000236559.1	gene|regulatory|transcript	9
chr20	46550235	46550244	ENSG00000149635.3	gene|regulatory|transcript	9
chr20	375403	375412	ENSG00000101255.12	gene|regulatory|transcript	9
chr20	42406888	42406897	ENSG00000196090.14	gene|regulatory|transcript	9
chr20	20019154	20019163	ENSG00000173418.12	gene|regulatory|transcript	9
chr20	49430955	49430964	ENSG00000158445.10|ENSG00000290421.1	gene|regulatory|transcript	9
chr20	54622864	54622873	ENSG00000101134.12	gene|regulatory|transcript	9
chr20	34421096	34421105	ENSG00000078747.17|ENSG00000289720.1	gene|regulatory|transcript	9
chr20	48722559	48722568	ENSG00000124126.14	gene|regulatory|transcript	9
chr20	44647627	44647636	ENSG00000196839.14	gene|regulatory|transcript	9
chr20	14543199	14543208	ENSG00000172264.19	gene|regulatory|transcript	9
chr20	41293806	41293815	ENSG00000174306.22	gene|regulatory|transcript	9
chr20	1376766	1376775	ENSG00000088832.18|ENSG00000234684.8|ENSG00000274322.1	gene|regulatory|transcript	9
chr20	32470379	32470388	ENSG00000197183.15	gene|regulatory|transcript	9
chr20	61255816	61255825	ENSG00000179242.16	gene|regulatory|transcript	9
chr20	31572317	31572326	ENSG00000101294.19|ENSG00000230613.1	gene|regulatory|transcript	9
chr20	48772226	48772235	ENSG00000124126.14	gene|regulatory|transcript	9
chr20	44428487	44428496	ENSG00000101076.20	gene|regulatory|transcript	9
chr20	37745443	37745452	ENSG00000132792.21	gene|regulatory|transcript	9
chr20	1266449	1266458	ENSG00000101298.15|ENSG00000244588.6	gene|regulatory|transcript	9
chr20	46364361	46364370	ENSG00000080189.15	gene|regulatory|transcript	9
chr20	53586238	53586247	ENSG00000171940.14	gene|regulatory|transcript	9
chr20	9140461	9140470	ENSG00000101333.19	gene|regulatory|transcript	9
chr20	63533704	63533713	ENSG00000101213.7	gene|regulatory|transcript	9
chr20	45096090	45096099	ENSG00000124134.9	gene|regulatory|transcript	9
chr20	10539911	10539920	ENSG00000149346.15	gene|regulatory|transcript	9
chr20	51795632	51795641	ENSG00000101115.13	gene|regulatory|transcript	9
chr20	41044686	41044695	ENSG00000198900.7	gene|regulatory|transcript	9
chr20	46212154	46212163	ENSG00000149654.11	gene|regulatory|transcript	9
chr20	38894297	38894306	ENSG00000101445.10	gene|regulatory|transcript	9
chr20	63453670	63453679	ENSG00000075043.21	gene|regulatory|transcript	9
chr20	43013778	43013787	ENSG00000196090.14	gene|regulatory|transcript	9
chr20	41309330	41309339	ENSG00000174306.22	gene|regulatory|transcript	9
chr20	1391721	1391730	ENSG00000088832.18|ENSG00000274322.1	gene|regulatory|transcript	9
chr20	47262083	47262092	ENSG00000101040.20	gene|regulatory|transcript	9
chr20	47150756	47150765	ENSG00000064655.19	gene|regulatory|transcript	9
chr20	14622856	14622865	ENSG00000172264.19|ENSG00000227927.2	gene|regulatory|transcript	9
chr20	47000411	47000420	ENSG00000064655.19	gene|regulatory|transcript	9
chr20	36119311	36119320	ENSG00000088367.23	gene|regulatory|transcript	9
chr20	53593746	53593755	ENSG00000171940.14	gene|regulatory|transcript	9
chr20	59040657	59040666	ENSG00000101166.16	gene|regulatory|transcript	9
chr20	36885692	36885701	ENSG00000101342.10	gene|regulatory|transcript	9
chr20	15777257	15777266	ENSG00000172264.19	gene|regulatory|transcript	9
chr20	34559337	34559346	ENSG00000101460.13	gene|regulatory|transcript	9
chr20	36885479	36885488	ENSG00000101342.10	gene|regulatory|transcript	9
chr20	34406015	34406024	ENSG00000078747.17|ENSG00000289720.1	gene|regulatory|transcript	9
chr20	42482801	42482810	ENSG00000196090.14	gene|regulatory|transcript	9
chr20	21142124	21142133	ENSG00000088970.16	gene|regulatory|transcript	9
chr20	46684122	46684131	ENSG00000158296.14	gene|regulatory|transcript	9
chr20	36311545	36311554	ENSG00000080845.19	gene|regulatory|transcript	9
chr20	36402935	36402944	ENSG00000080845.19	gene|regulatory|transcript	9
chr20	37391562	37391571	ENSG00000197122.13	gene|regulatory|transcript	9
chr20	62158942	62158951	ENSG00000184402.15	gene|regulatory|transcript	9
chr20	34597833	34597842	ENSG00000101464.11	gene|regulatory|transcript	9
chr20	44579630	44579639	ENSG00000168734.14	gene|regulatory|transcript	9
chr20	38083932	38083941	ENSG00000101413.12	gene|regulatory|transcript	9
chr20	47099959	47099968	ENSG00000064655.19	gene|regulatory|transcript	9
chr20	32459230	32459239	ENSG00000197183.15	gene|regulatory|transcript	9
chr20	44967962	44967971	ENSG00000101109.13	gene|regulatory|transcript	9
chr20	51732367	51732376	ENSG00000054793.14	gene|regulatory|transcript	9
chr20	19953087	19953096	ENSG00000132669.14	gene|regulatory|transcript	9
chr20	34390254	34390263	ENSG00000078747.17|ENSG00000289720.1	gene|regulatory|transcript	9
chr20	51400158	51400167	ENSG00000101096.20	gene|regulatory|transcript	9
chr20	48952695	48952704	ENSG00000124198.10	gene|regulatory|transcript	9
chr20	1331867	1331876	ENSG00000234684.8|ENSG00000274322.1	gene|regulatory|transcript	9
chr20	38325674	38325683	ENSG00000101425.14|ENSG00000206249.3	gene|regulatory|transcript	9
chr20	21183274	21183283	ENSG00000088970.16|ENSG00000232712.6	gene|regulatory|transcript	9
chr20	25256525	25256534	ENSG00000100994.12	gene|regulatory|transcript	9
chr20	3118181	3118190	ENSG00000185019.17|ENSG00000235958.5	gene|regulatory|transcript	9
chr20	45409898	45409907	ENSG00000244274.9|ENSG00000254806.5	gene|regulatory|transcript	9
chr20	45419776	45419784	ENSG00000124155.19	gene|regulatory|transcript	8
chr20	37312632	37312640	ENSG00000101363.13	gene|regulatory|transcript	8
chr20	37346455	37346463	ENSG00000197122.13	gene|regulatory|transcript	8
chr20	37094937	37094945	ENSG00000080839.12	gene|regulatory|transcript	8
chr20	9590269	9590277	ENSG00000101349.17	gene|regulatory|transcript	8
chr20	9590348	9590356	ENSG00000101349.17	gene|regulatory|transcript	8
chr20	1651185	1651193	ENSG00000089012.14	gene|regulatory|transcript	8
chr20	49029244	49029252	ENSG00000124198.10	gene|regulatory|transcript	8
chr20	35772079	35772087	ENSG00000025293.17	gene|regulatory|transcript	8
chr20	33434563	33434571	ENSG00000101400.6	gene|regulatory|transcript	8
chr20	20582224	20582232	ENSG00000188559.16	gene|regulatory|transcript	8
chr20	61812491	61812499	ENSG00000179242.16	gene|regulatory|transcript	8
chr20	33400827	33400835	ENSG00000101391.21	gene|regulatory|transcript	8
chr20	17276657	17276665	ENSG00000125851.10	gene|regulatory|transcript	8
chr20	62846618	62846626	ENSG00000101190.13	gene|regulatory|transcript	8
chr20	62861015	62861023	ENSG00000101190.13	gene|regulatory|transcript	8
chr20	4945583	4945591	ENSG00000089057.15	gene|regulatory|transcript	8
chr20	63940785	63940793	ENSG00000198276.16	gene|regulatory|transcript	8
chr20	1392825	1392833	ENSG00000088832.18|ENSG00000274322.1	gene|regulatory|transcript	8
chr20	2602819	2602827	ENSG00000149488.14	gene|regulatory|transcript	8
chr20	5750479	5750487	ENSG00000171984.15	gene|regulatory|transcript	8
chr20	4812687	4812695	ENSG00000101265.16	gene|regulatory|transcript	8
chr20	50152080	50152088	ENSG00000124208.16|ENSG00000240849.11	gene|regulatory|transcript	8
chr20	51530070	51530078	ENSG00000101096.20	gene|regulatory|transcript	8
chr20	49642459	49642467	ENSG00000158470.5	gene|regulatory|transcript	8
chr20	37073725	37073733	ENSG00000080839.12	gene|regulatory|transcript	8
chr20	34304039	34304047	ENSG00000101444.13	gene|regulatory|transcript	8
chr20	51528542	51528550	ENSG00000101096.20	gene|regulatory|transcript	8
chr20	44766414	44766422	ENSG00000101098.13	gene|regulatory|transcript	8
chr20	19952911	19952919	ENSG00000132669.14	gene|regulatory|transcript	8
chr20	49567220	49567228	ENSG00000124212.6	gene|regulatory|transcript	8
chr20	35311699	35311707	ENSG00000101019.22	gene|regulatory|transcript	8
chr20	46901418	46901426	ENSG00000064655.19|ENSG00000236028.1	gene|regulatory|transcript	8
chr20	34216932	34216940	ENSG00000101440.10	gene|regulatory|transcript	8
chr20	63689648	63689656	ENSG00000026036.23|ENSG00000258366.12	gene|regulatory|transcript	8
chr20	57709465	57709473	ENSG00000124225.16	gene|regulatory|transcript	8
chr20	50610326	50610334	ENSG00000042062.13	gene|regulatory|transcript	8
chr20	47126401	47126409	ENSG00000064655.19	gene|regulatory|transcript	8
chr20	43003687	43003695	ENSG00000196090.14	gene|regulatory|transcript	8
chr20	62412615	62412623	ENSG00000130701.4	gene|regulatory|transcript	8
chr20	49669956	49669964	ENSG00000158470.5	gene|regulatory|transcript	8
chr20	51638576	51638584	ENSG00000054793.14	gene|regulatory|transcript	8
chr20	41566918	41566926	ENSG00000124177.16	gene|regulatory|transcript	8
chr20	10219213	10219221	ENSG00000132639.15|ENSG00000227906.10	gene|regulatory|transcript	8
chr20	19717593	19717601	ENSG00000185052.13	gene|regulatory|transcript	8
chr20	35491918	35491926	ENSG00000126001.17	gene|regulatory|transcript	8
chr20	50671395	50671403	ENSG00000042062.13	gene|regulatory|transcript	8
chr20	32570855	32570863	ENSG00000197183.15|ENSG00000233293.1	gene|regulatory|transcript	8
chr20	32524873	32524881	ENSG00000197183.15	gene|regulatory|transcript	8
chr20	63902976	63902984	ENSG00000101152.12|ENSG00000290226.1	gene|regulatory|transcript	8
chr20	2212571	2212579	ENSG00000226644.5|ENSG00000286022.1	gene|regulatory|transcript	8
chr20	62199283	62199291	ENSG00000101181.18	gene|regulatory|transcript	8
chr20	24964873	24964881	ENSG00000101474.12	gene|regulatory|transcript	8
chr20	2208076	2208084	ENSG00000226644.5|ENSG00000286022.1	gene|regulatory|transcript	8
chr20	44039247	44039255	ENSG00000124191.18	gene|regulatory|transcript	8
chr20	53041393	53041401	ENSG00000182463.17	gene|regulatory|transcript	8
chr20	2745071	2745079	ENSG00000088881.22	gene|regulatory|transcript	8
chr20	35284717	35284725	ENSG00000242372.9	gene|regulatory|transcript	8
chr20	834625	834633	ENSG00000125898.13	gene|regulatory|transcript	8
chr20	45911143	45911151	ENSG00000100979.15	gene|regulatory|transcript	8
chr20	22584919	22584927	ENSG00000125798.15	gene|regulatory|transcript	8
chr20	46222317	46222325	ENSG00000149654.11	gene|regulatory|transcript	8
chr20	17646382	17646390	ENSG00000125844.17	gene|regulatory|transcript	8
chr20	34369352	34369360	ENSG00000078747.17|ENSG00000289720.1	gene|regulatory|transcript	8
chr20	49508728	49508736	ENSG00000124212.6	gene|regulatory|transcript	8
chr20	49508625	49508633	ENSG00000124212.6	gene|regulatory|transcript	8
chr20	35879733	35879741	ENSG00000025293.17	gene|regulatory|transcript	8
chr20	48679966	48679974	ENSG00000124126.14	gene|regulatory|transcript	8
chr20	15319444	15319452	ENSG00000172264.19	gene|regulatory|transcript	8
chr20	18585554	18585562	ENSG00000284776.1	gene|regulatory|transcript	8
chr20	38126912	38126920	ENSG00000101413.12	gene|regulatory|transcript	8
chr20	56362472	56362480	ENSG00000124098.10	gene|regulatory|transcript	8
chr20	37990284	37990292	ENSG00000101407.13	gene|regulatory|transcript	8
chr20	14566293	14566301	ENSG00000172264.19|ENSG00000227927.2	gene|regulatory|transcript	8
chr20	33830774	33830782	ENSG00000101421.4	gene|regulatory|transcript	8
chr20	59158996	59159004	ENSG00000124203.7	gene|regulatory|transcript	8
chr20	18508705	18508713	ENSG00000101310.17	gene|regulatory|transcript	8
chr20	64009940	64009948	ENSG00000101161.8	gene|regulatory|transcript	8
chr20	13785290	13785298	ENSG00000101247.18	gene|regulatory|transcript	8
chr20	47033486	47033494	ENSG00000064655.19	gene|regulatory|transcript	8
chr20	34033761	34033769	ENSG00000125970.12	gene|regulatory|transcript	8
chr20	31553644	31553652	ENSG00000101294.19	gene|regulatory|transcript	8
chr20	10438231	10438239	ENSG00000149346.15	gene|regulatory|transcript	8
chr20	45611082	45611090	ENSG00000180205.4	gene|regulatory|transcript	8
chr20	48712829	48712837	ENSG00000124126.14	gene|regulatory|transcript	8
chr20	41140820	41140828	ENSG00000124181.15	gene|regulatory|transcript	8
chr20	49914066	49914074	ENSG00000158480.11	gene|regulatory|transcript	8
chr20	34877475	34877483	ENSG00000131069.20	gene|regulatory|transcript	8
chr20	3221527	3221534	ENSG00000125877.13	gene|regulatory|transcript	7
chr20	32489839	32489846	ENSG00000197183.15	gene|regulatory|transcript	7
chr20	37357750	37357757	ENSG00000197122.13	gene|regulatory|transcript	7
chr20	32155186	32155193	ENSG00000101337.16	gene|regulatory|transcript	7
chr20	36464870	36464877	ENSG00000080845.19	gene|regulatory|transcript	7
chr20	35715693	35715700	ENSG00000131051.24	gene|regulatory|transcript	7
chr20	1652424	1652431	ENSG00000089012.14	gene|regulatory|transcript	7
chr20	33438833	33438840	ENSG00000101400.6	gene|regulatory|transcript	7
chr20	53319653	53319660	ENSG00000182463.17|ENSG00000271774.1	gene|regulatory|transcript	7
chr20	47546217	47546224	ENSG00000124151.19	gene|regulatory|transcript	7
chr20	32648941	32648948	ENSG00000198547.10|ENSG00000285382.1	gene|regulatory|transcript	7
chr20	63926477	63926484	ENSG00000101152.12|ENSG00000290226.1	gene|regulatory|transcript	7
chr20	1484881	1484888	ENSG00000196209.13	gene|regulatory|transcript	7
chr20	47334627	47334634	ENSG00000101040.20	gene|regulatory|transcript	7
chr20	37109874	37109881	ENSG00000101353.16	gene|regulatory|transcript	7
chr20	50806355	50806362	ENSG00000124243.19	gene|regulatory|transcript	7
chr20	45944532	45944539	ENSG00000100982.12	gene|regulatory|transcript	7
chr20	35005803	35005810	ENSG00000100991.12	gene|regulatory|transcript	7
chr20	9148069	9148076	ENSG00000101333.19	gene|regulatory|transcript	7
chr20	49542568	49542575	ENSG00000124212.6	gene|regulatory|transcript	7
chr20	15528072	15528079	ENSG00000172264.19	gene|regulatory|transcript	7
chr20	35387681	35387688	ENSG00000101019.22	gene|regulatory|transcript	7
chr20	33836946	33836953	ENSG00000101421.4	gene|regulatory|transcript	7
chr20	35215338	35215345	ENSG00000101000.6|ENSG00000126005.17	gene|regulatory|transcript	7
chr20	43710062	43710069	ENSG00000101057.16	gene|regulatory|transcript	7
chr20	769918	769925	ENSG00000101276.18	gene|regulatory|transcript	7
chr20	3542266	3542273	ENSG00000088812.18	gene|regulatory|transcript	7
chr20	62238640	62238647	ENSG00000130703.17	gene|regulatory|transcript	7
chr20	15819010	15819017	ENSG00000172264.19	gene|regulatory|transcript	7
chr20	44970534	44970541	ENSG00000101109.13	gene|regulatory|transcript	7
chr20	3341350	3341357	ENSG00000088854.13	gene|regulatory|transcript	7
chr20	2519421	2519428	ENSG00000088876.13	gene|regulatory|transcript	7
chr20	63730781	63730788	ENSG00000197114.12|ENSG00000273154.3	gene|regulatory|transcript	7
chr20	45312213	45312220	ENSG00000124232.11	gene|regulatory|transcript	7
chr20	49186099	49186106	ENSG00000124214.21	gene|regulatory|transcript	7
chr20	56433532	56433539	ENSG00000087589.17	gene|regulatory|transcript	7
chr20	5153445	5153452	ENSG00000101290.14	gene|regulatory|transcript	7
chr20	36251767	36251774	ENSG00000131043.13	gene|regulatory|transcript	7
chr20	20247499	20247506	ENSG00000089101.19	gene|regulatory|transcript	7
chr20	32483582	32483589	ENSG00000197183.15	gene|regulatory|transcript	7
chr20	32071005	32071012	ENSG00000101336.18	gene|regulatory|transcript	7
chr20	53463877	53463884	ENSG00000182463.17|ENSG00000259723.1|ENSG00000271774.1	gene|regulatory|transcript	7
chr20	36847259	36847266	ENSG00000149639.15	gene|regulatory|transcript	7
chr20	8524347	8524354	ENSG00000182621.19	gene|regulatory|transcript	7
chr20	45364172	45364179	ENSG00000204070.10|ENSG00000254806.5	gene|regulatory|transcript	7
chr20	36831758	36831765	ENSG00000149639.15	gene|regulatory|transcript	7
chr20	38119650	38119657	ENSG00000101413.12	gene|regulatory|transcript	7
chr20	35866764	35866771	ENSG00000025293.17	gene|regulatory|transcript	7
chr20	36887528	36887535	ENSG00000101342.10	gene|regulatory|transcript	7
chr20	32793478	32793485	ENSG00000088305.19	gene|regulatory|transcript	7
chr20	3762650	3762657	ENSG00000101220.18	gene|regulatory|transcript	7
chr20	47066597	47066604	ENSG00000064655.19	gene|regulatory|transcript	7
chr20	37733526	37733533	ENSG00000132792.21	gene|regulatory|transcript	7
chr20	36792900	36792907	ENSG00000149639.15	gene|regulatory|transcript	7
chr20	64005735	64005742	ENSG00000101161.8	gene|regulatory|transcript	7
chr20	34622229	34622236	ENSG00000101464.11	gene|regulatory|transcript	7
chr20	37903993	37904000	ENSG00000132821.12	gene|regulatory|transcript	7
chr20	13784377	13784384	ENSG00000089048.15	gene|regulatory|transcript	7
chr20	48683860	48683867	ENSG00000124126.14	gene|regulatory|transcript	7
chr20	25695708	25695715	ENSG00000130684.14	gene|regulatory|transcript	7
chr20	19335984	19335991	ENSG00000185052.13	gene|regulatory|transcript	7
chr20	34677759	34677766	ENSG00000101464.11	gene|regulatory|transcript	7
chr20	32316649	32316656	ENSG00000101350.8	gene|regulatory|transcript	7
chr20	31916393	31916400	ENSG00000131044.19	gene|regulatory|transcript	7
chr20	35955579	35955586	ENSG00000149646.12|ENSG00000171222.11	gene|regulatory|transcript	7
chr20	19828991	19828998	ENSG00000132669.14	gene|regulatory|transcript	7
chr20	50664644	50664651	ENSG00000042062.13	gene|regulatory|transcript	7
chr20	416147	416154	ENSG00000125826.22	gene|regulatory|transcript	7
chr20	38346830	38346837	ENSG00000129988.6	gene|regulatory|transcript	7
chr20	33008683	33008690	ENSG00000078898.7	gene|regulatory|transcript	7
chr20	43466897	43466904	ENSG00000288000.1	gene|regulatory|transcript	7
chr20	32086307	32086314	ENSG00000101336.18	gene|regulatory|transcript	7
chr20	2984569	2984576	ENSG00000132670.21	gene|regulatory|transcript	7
chr20	37315463	37315470	ENSG00000101363.13	gene|regulatory|transcript	7
chr20	37289974	37289981	ENSG00000101363.13	gene|regulatory|transcript	7
chr20	37239352	37239358	ENSG00000118705.18	gene|regulatory|transcript	6
chr20	32584563	32584569	ENSG00000197183.15|ENSG00000228156.1	gene|regulatory|transcript	6
chr20	1576293	1576299	ENSG00000101307.16|ENSG00000260861.6	gene|regulatory|transcript	6
chr20	34960797	34960803	ENSG00000078814.19	gene|regulatory|transcript	6
chr20	42925623	42925629	ENSG00000196090.14	gene|regulatory|transcript	6
chr20	34559263	34559269	ENSG00000101460.13	gene|regulatory|transcript	6
chr20	34020069	34020075	ENSG00000125970.12	gene|regulatory|transcript	6
chr20	47217180	47217186	ENSG00000101040.20	gene|regulatory|transcript	6
chr20	31473559	31473565	ENSG00000180383.4	gene|regulatory|transcript	6
chr20	24605407	24605413	ENSG00000101463.6	gene|regulatory|transcript	6
chr20	2840859	2840865	ENSG00000132635.17|ENSG00000215305.10	gene|regulatory|transcript	6
chr20	2840204	2840210	ENSG00000132635.17	gene|regulatory|transcript	6
chr20	47030413	47030419	ENSG00000064655.19	gene|regulatory|transcript	6
chr20	17712540	17712546	ENSG00000125888.15	gene|regulatory|transcript	6
chr20	8522219	8522225	ENSG00000182621.19	gene|regulatory|transcript	6
chr20	32385633	32385639	ENSG00000171456.22	gene|regulatory|transcript	6
chr20	32361351	32361357	ENSG00000171456.22	gene|regulatory|transcript	6
chr20	14985937	14985943	ENSG00000172264.19	gene|regulatory|transcript	6
chr20	35226984	35226990	ENSG00000125966.10|ENSG00000126005.17	gene|regulatory|transcript	6
chr20	53226409	53226415	ENSG00000182463.17	gene|regulatory|transcript	6
chr20	36735993	36735999	ENSG00000101079.21	gene|regulatory|transcript	6
chr20	17963192	17963198	ENSG00000089006.17|ENSG00000125850.11	gene|regulatory|transcript	6
chr20	45345108	45345114	ENSG00000124145.6	gene|regulatory|transcript	6
chr20	37739117	37739123	ENSG00000132792.21	gene|regulatory|transcript	6
chr20	36812697	36812703	ENSG00000149639.15	gene|regulatory|transcript	6
chr20	2211995	2212001	ENSG00000226644.5|ENSG00000286022.1	gene|regulatory|transcript	6
chr20	8754717	8754723	ENSG00000182621.19	gene|regulatory|transcript	6
chr20	48751969	48751975	ENSG00000124126.14	gene|regulatory|transcript	6
chr20	34410399	34410405	ENSG00000078747.17|ENSG00000289720.1	gene|regulatory|transcript	6
chr20	3707073	3707079	ENSG00000088827.14	gene|regulatory|transcript	6
chr20	32780145	32780151	ENSG00000088305.19	gene|regulatory|transcript	6
chr20	41149905	41149911	ENSG00000124181.15	gene|regulatory|transcript	6
chr20	41150178	41150184	ENSG00000124181.15	gene|regulatory|transcript	6
chr20	41137085	41137091	ENSG00000124181.15|ENSG00000226648.2	gene|regulatory|transcript	6
chr20	63925758	63925764	ENSG00000101152.12|ENSG00000290226.1	gene|regulatory|transcript	6
chr20	47339939	47339945	ENSG00000101040.20	gene|regulatory|transcript	6
chr20	25408508	25408514	ENSG00000101003.12	gene|regulatory|transcript	6
chr20	3135812	3135818	ENSG00000185019.17|ENSG00000235958.5	gene|regulatory|transcript	6
chr20	15848185	15848191	ENSG00000172264.19	gene|regulatory|transcript	6
chr20	62041928	62041934	ENSG00000130699.20	gene|regulatory|transcript	6
chr20	35490024	35490030	ENSG00000126001.17|ENSG00000230155.8	gene|regulatory|transcript	6
chr20	52176114	52176120	ENSG00000020256.20	gene|regulatory|transcript	6
chr20	44476734	44476740	ENSG00000124120.11	gene|regulatory|transcript	6
chr20	35737574	35737580	ENSG00000131051.24	gene|regulatory|transcript	6
chr20	10647312	10647318	ENSG00000101384.12	gene|regulatory|transcript	6
chr20	41511157	41511163	ENSG00000124177.16	gene|regulatory|transcript	6
chr20	35542185	35542191	ENSG00000125991.21	gene|regulatory|transcript	6
chr20	43953979	43953985	ENSG00000124191.18	gene|regulatory|transcript	6
chr20	41366461	41366467	ENSG00000183798.5	gene|regulatory|transcript	6
chr20	59743498	59743504	ENSG00000087495.17	gene|regulatory|transcript	6
chr20	48924708	48924714	ENSG00000124198.10	gene|regulatory|transcript	6
chr20	36321314	36321320	ENSG00000080845.19	gene|regulatory|transcript	6
chr20	45833395	45833401	ENSG00000101470.10	gene|regulatory|transcript	6
chr20	50637883	50637889	ENSG00000042062.13	gene|regulatory|transcript	6
chr20	51414705	51414711	ENSG00000101096.20	gene|regulatory|transcript	6
chr20	20413879	20413885	ENSG00000188559.16	gene|regulatory|transcript	6
chr20	34066204	34066210	ENSG00000125970.12	gene|regulatory|transcript	6
chr20	35040164	35040170	ENSG00000100991.12	gene|regulatory|transcript	6
chr20	64050052	64050058	ENSG00000171703.17	gene|regulatory|transcript	6
chr20	51424371	51424377	ENSG00000101096.20	gene|regulatory|transcript	6
chr20	34090338	34090344	ENSG00000125970.12|ENSG00000125977.7	gene|regulatory|transcript	6
chr20	32201296	32201302	ENSG00000126003.7	gene|regulatory|transcript	6
chr20	51618806	51618812	ENSG00000054793.14	gene|regulatory|transcript	6
chr20	51615023	51615029	ENSG00000054793.14	gene|regulatory|transcript	6
chr20	2916565	2916571	ENSG00000132670.21	gene|regulatory|transcript	6
chr20	62178558	62178564	ENSG00000184402.15	gene|regulatory|transcript	6
chr20	36522513	36522519	ENSG00000080845.19|ENSG00000232907.9	gene|regulatory|transcript	6
chr20	62805429	62805435	ENSG00000060491.17|ENSG00000229873.2	gene|regulatory|transcript	6
chr20	48799637	48799643	ENSG00000124126.14	gene|regulatory|transcript	6
chr20	16428168	16428174	ENSG00000089177.20	gene|regulatory|transcript	6
chr20	63730014	63730020	ENSG00000197114.12|ENSG00000273154.3	gene|regulatory|transcript	6
chr20	14694862	14694867	ENSG00000172264.19	gene|regulatory|transcript	5
chr20	38043998	38044003	ENSG00000101413.12	gene|regulatory|transcript	5
chr20	14698469	14698474	ENSG00000172264.19	gene|regulatory|transcript	5
chr20	24565927	24565932	ENSG00000101463.6	gene|regulatory|transcript	5
chr20	19522978	19522983	ENSG00000185052.13	gene|regulatory|transcript	5
chr20	43499237	43499242	ENSG00000185513.18|ENSG00000288000.1	gene|regulatory|transcript	5
chr20	33305614	33305619	ENSG00000125999.11	gene|regulatory|transcript	5
chr20	49987418	49987423	ENSG00000124216.4	gene|regulatory|transcript	5
chr20	50103418	50103423	ENSG00000124208.16|ENSG00000244687.13	gene|regulatory|transcript	5
chr20	53606711	53606716	ENSG00000171940.14	gene|regulatory|transcript	5
chr20	35239832	35239837	ENSG00000125966.10|ENSG00000126005.17	gene|regulatory|transcript	5
chr20	58652222	58652227	ENSG00000124222.23|ENSG00000254995.4	gene|regulatory|transcript	5
chr20	19860718	19860723	ENSG00000132669.14	gene|regulatory|transcript	5
chr20	49694632	49694637	ENSG00000158470.5	gene|regulatory|transcript	5
chr20	47033298	47033303	ENSG00000064655.19	gene|regulatory|transcript	5
chr20	47117666	47117671	ENSG00000064655.19	gene|regulatory|transcript	5
chr20	48709675	48709680	ENSG00000124126.14	gene|regulatory|transcript	5
chr20	48713165	48713170	ENSG00000124126.14	gene|regulatory|transcript	5
chr20	1335088	1335093	ENSG00000234684.8|ENSG00000274322.1	gene|regulatory|transcript	5
chr20	42492488	42492493	ENSG00000196090.14	gene|regulatory|transcript	5
chr20	45346104	45346109	ENSG00000124145.6	gene|regulatory|transcript	5
chr20	23986875	23986880	ENSG00000149435.12	gene|regulatory|transcript	5
chr20	35001239	35001244	ENSG00000078814.19	gene|regulatory|transcript	5
chr20	34010830	34010835	ENSG00000125970.12	gene|regulatory|transcript	5
chr20	3615533	3615538	ENSG00000088812.18	gene|regulatory|transcript	5
chr20	18001855	18001860	ENSG00000125850.11	gene|regulatory|transcript	5
chr20	45963467	45963472	ENSG00000198026.8	gene|regulatory|transcript	5
chr20	5763315	5763320	ENSG00000171984.15	gene|regulatory|transcript	5
chr20	59932154	59932159	ENSG00000196074.13	gene|regulatory|transcript	5
chr20	48774166	48774171	ENSG00000124126.14	gene|regulatory|transcript	5
chr20	3855184	3855189	ENSG00000088888.18	gene|regulatory|transcript	5
chr20	25017158	25017163	ENSG00000154930.15	gene|regulatory|transcript	5
chr20	35840785	35840790	ENSG00000025293.17	gene|regulatory|transcript	5
chr20	63830440	63830445	ENSG00000130584.12	gene|regulatory|transcript	5
chr20	1187892	1187897	ENSG00000125818.18|ENSG00000274269.1	gene|regulatory|transcript	5
chr20	58893089	58893094	ENSG00000087460.29	gene|regulatory|transcript	5
chr20	44533199	44533204	ENSG00000168734.14	gene|regulatory|transcript	5
chr20	32765718	32765723	ENSG00000088305.19	gene|regulatory|transcript	5
chr20	15699587	15699592	ENSG00000172264.19	gene|regulatory|transcript	5
chr20	15496485	15496490	ENSG00000172264.19	gene|regulatory|transcript	5
chr20	2301448	2301453	ENSG00000125780.12|ENSG00000286022.1	gene|regulatory|transcript	5
chr20	17665709	17665714	ENSG00000125844.17	gene|regulatory|transcript	5
chr20	4124109	4124114	ENSG00000088826.18	gene|regulatory|transcript	5
chr20	53217407	53217412	ENSG00000182463.17	gene|regulatory|transcript	5
chr20	2236608	2236613	ENSG00000286022.1	gene|regulatory|transcript	5
chr20	25547281	25547286	ENSG00000101004.16	gene|regulatory|transcript	5
chr20	48719176	48719181	ENSG00000124126.14	gene|regulatory|transcript	5
chr20	1324900	1324905	ENSG00000125775.15|ENSG00000274322.1	gene|regulatory|transcript	5
chr20	45944455	45944460	ENSG00000100982.12	gene|regulatory|transcript	5
chr20	51427642	51427647	ENSG00000101096.20	gene|regulatory|transcript	5
chr20	8443568	8443573	ENSG00000182621.19	gene|regulatory|transcript	5
chr20	37694152	37694157	ENSG00000132792.21	gene|regulatory|transcript	5
chr20	58982173	58982178	ENSG00000101158.15	gene|regulatory|transcript	5
chr20	63287558	63287563	ENSG00000101199.13	gene|regulatory|transcript	5
chr20	48781974	48781979	ENSG00000124126.14	gene|regulatory|transcript	5
chr20	51796364	51796369	ENSG00000101115.13	gene|regulatory|transcript	5
chr20	2756323	2756328	ENSG00000088881.22	gene|regulatory|transcript	5
chr20	51716054	51716059	ENSG00000054793.14	gene|regulatory|transcript	5
chr20	42572693	42572698	ENSG00000196090.14	gene|regulatory|transcript	5
chr20	38811876	38811881	ENSG00000101445.10	gene|regulatory|transcript	5
chr20	44001644	44001649	ENSG00000124191.18	gene|regulatory|transcript	5
chr20	2586036	2586041	ENSG00000149488.14	gene|regulatory|transcript	5
chr20	34598856	34598861	ENSG00000101464.11	gene|regulatory|transcript	5
chr20	1390341	1390346	ENSG00000088832.18|ENSG00000274322.1	gene|regulatory|transcript	5
chr20	37015727	37015732	ENSG00000080839.12	gene|regulatory|transcript	5
chr20	25376948	25376953	ENSG00000100997.20	gene|regulatory|transcript	5
chr20	3213252	3213257	ENSG00000125877.13	gene|regulatory|transcript	5
chr20	5143606	5143611	ENSG00000101290.14	gene|regulatory|transcript	5
chr20	34085977	34085982	ENSG00000125970.12	gene|regulatory|transcript	5
chr20	34689737	34689742	ENSG00000101464.11|ENSG00000198646.14	gene|regulatory|transcript	5
chr20	25076550	25076555	ENSG00000100987.15	gene|regulatory|transcript	5
chr20	45799402	45799407	ENSG00000101457.13	gene|regulatory|transcript	5
chr20	41357876	41357881	ENSG00000132793.12	gene|regulatory|transcript	5
chr20	34907399	34907404	ENSG00000131069.20	gene|regulatory|transcript	5
chr20	38870237	38870242	ENSG00000101445.10	gene|regulatory|transcript	5
chr20	5002031	5002036	ENSG00000089057.15	gene|regulatory|transcript	5
chr20	5002374	5002379	ENSG00000089057.15	gene|regulatory|transcript	5
chr20	20566822	20566827	ENSG00000188559.16	gene|regulatory|transcript	5
chr20	33439026	33439031	ENSG00000101400.6	gene|regulatory|transcript	5
chr20	53002308	53002313	ENSG00000182463.17	gene|regulatory|transcript	5
chr20	31719122	31719127	ENSG00000171552.14	gene|regulatory|transcript	5
chr20	59644857	59644862	ENSG00000087495.17	gene|regulatory|transcript	5
chr20	49031249	49031254	ENSG00000124198.10	gene|regulatory|transcript	5
chr20	62139905	62139910	ENSG00000101182.15	gene|regulatory|transcript	5
chr20	47524231	47524236	ENSG00000124151.19	gene|regulatory|transcript	5
chr20	31684588	31684593	ENSG00000171552.14	gene|regulatory|transcript	5
chr20	44476617	44476622	ENSG00000124120.11	gene|regulatory|transcript	5
chr20	51540459	51540464	ENSG00000101096.20	gene|regulatory|transcript	5
chr20	64236549	64236554	ENSG00000196132.14	gene|regulatory|transcript	5
chr20	64283581	64283586	ENSG00000203880.13	gene|regulatory|transcript	5
chr20	351982	351987	ENSG00000125841.13	gene|regulatory|transcript	5
chr20	44210691	44210695	ENSG00000132823.11	gene|regulatory|transcript	4
chr20	49567041	49567045	ENSG00000124212.6	gene|regulatory|transcript	4
chr20	18719241	18719245	ENSG00000125821.13|ENSG00000284776.1	gene|regulatory|transcript	4
chr20	63610546	63610550	ENSG00000101216.11	gene|regulatory|transcript	4
chr20	33429365	33429369	ENSG00000101400.6	gene|regulatory|transcript	4
chr20	32198652	32198656	ENSG00000126003.7	gene|regulatory|transcript	4
chr20	41483519	41483523	ENSG00000124177.16	gene|regulatory|transcript	4
chr20	35284171	35284175	ENSG00000242372.9	gene|regulatory|transcript	4
chr20	35304622	35304626	ENSG00000101019.22	gene|regulatory|transcript	4
chr20	18047056	18047060	ENSG00000125850.11	gene|regulatory|transcript	4
chr20	35909296	35909300	ENSG00000025293.17	gene|regulatory|transcript	4
chr20	43989041	43989045	ENSG00000124191.18	gene|regulatory|transcript	4
chr20	18008005	18008009	ENSG00000125850.11	gene|regulatory|transcript	4
chr20	50085402	50085406	ENSG00000124208.16|ENSG00000244687.13	gene|regulatory|transcript	4
chr20	49320470	49320474	ENSG00000158445.10|ENSG00000283529.2|ENSG00000290421.1	gene|regulatory|transcript	4
chr20	36145970	36145974	ENSG00000088367.23	gene|regulatory|transcript	4
chr20	50113102	50113106	ENSG00000124208.16|ENSG00000244687.13	gene|regulatory|transcript	4
chr20	43975586	43975590	ENSG00000124191.18	gene|regulatory|transcript	4
chr20	32527913	32527917	ENSG00000197183.15	gene|regulatory|transcript	4
chr20	63653424	63653428	ENSG00000197457.10	gene|regulatory|transcript	4
chr20	42272031	42272035	ENSG00000196090.14	gene|regulatory|transcript	4
chr20	31980589	31980593	ENSG00000260903.3	gene|regulatory|transcript	4
chr20	59701253	59701257	ENSG00000087495.17	gene|regulatory|transcript	4
chr20	48962922	48962926	ENSG00000124198.10	gene|regulatory|transcript	4
chr20	50113811	50113815	ENSG00000124208.16|ENSG00000244687.13	gene|regulatory|transcript	4
chr20	35080032	35080036	ENSG00000100991.12	gene|regulatory|transcript	4
chr20	57656721	57656725	ENSG00000124225.16	gene|regulatory|transcript	4
chr20	15853865	15853869	ENSG00000172264.19	gene|regulatory|transcript	4
chr20	15902575	15902579	ENSG00000172264.19|ENSG00000286546.1	gene|regulatory|transcript	4
chr20	15757119	15757123	ENSG00000172264.19	gene|regulatory|transcript	4
chr20	32483357	32483361	ENSG00000197183.15	gene|regulatory|transcript	4
chr20	57499069	57499073	ENSG00000124092.13	gene|regulatory|transcript	4
chr20	51797421	51797425	ENSG00000101115.13	gene|regulatory|transcript	4
chr20	43679482	43679486	ENSG00000101057.16	gene|regulatory|transcript	4
chr20	36824163	36824167	ENSG00000149639.15	gene|regulatory|transcript	4
chr20	61311696	61311700	ENSG00000179242.16	gene|regulatory|transcript	4
chr20	61290842	61290846	ENSG00000179242.16	gene|regulatory|transcript	4
chr20	50541879	50541883	ENSG00000196396.10	gene|regulatory|transcript	4
chr20	41058141	41058145	ENSG00000198900.7	gene|regulatory|transcript	4
chr20	63215861	63215865	ENSG00000149658.18	gene|regulatory|transcript	4
chr20	44651570	44651574	ENSG00000196839.14	gene|regulatory|transcript	4
chr20	14700558	14700562	ENSG00000172264.19	gene|regulatory|transcript	4
chr20	48717934	48717938	ENSG00000124126.14	gene|regulatory|transcript	4
chr20	36847018	36847022	ENSG00000149639.15	gene|regulatory|transcript	4
chr20	13995809	13995813	ENSG00000101251.13|ENSG00000172264.19	gene|regulatory|transcript	4
chr20	48641915	48641919	ENSG00000124126.14	gene|regulatory|transcript	4
chr20	13580981	13580985	ENSG00000089123.16	gene|regulatory|transcript	4
chr20	43559159	43559163	ENSG00000101049.18|ENSG00000277611.1	gene|regulatory|transcript	4
chr20	47778865	47778869	ENSG00000196562.16	gene|regulatory|transcript	4
chr20	10656868	10656872	ENSG00000101384.12	gene|regulatory|transcript	4
chr20	46357618	46357622	ENSG00000080189.15	gene|regulatory|transcript	4
chr20	62938824	62938828	ENSG00000101193.8	gene|regulatory|transcript	4
chr20	62936267	62936271	ENSG00000101191.17	gene|regulatory|transcript	4
chr20	3922008	3922012	ENSG00000125779.24|ENSG00000275582.1	gene|regulatory|transcript	4
chr20	41029841	41029845	ENSG00000198900.7	gene|regulatory|transcript	4
chr20	42493359	42493363	ENSG00000196090.14	gene|regulatory|transcript	4
chr20	10566279	10566283	ENSG00000149346.15	gene|regulatory|transcript	4
chr20	61860053	61860057	ENSG00000179242.16	gene|regulatory|transcript	4
chr20	25273823	25273827	ENSG00000100994.12	gene|regulatory|transcript	4
chr20	32898876	32898880	ENSG00000215529.13	gene|regulatory|transcript	4
chr20	10412525	10412529	ENSG00000125863.20	gene|regulatory|transcript	4
chr20	10452872	10452876	ENSG00000149346.15	gene|regulatory|transcript	4
chr20	47567382	47567386	ENSG00000124151.19	gene|regulatory|transcript	4
chr20	1656436	1656440	ENSG00000089012.14	gene|regulatory|transcript	4
chr20	9743081	9743085	ENSG00000101349.17	gene|regulatory|transcript	4
chr20	37378068	37378072	ENSG00000197122.13	gene|regulatory|transcript	4
chr20	51633459	51633463	ENSG00000054793.14	gene|regulatory|transcript	4
chr20	31688113	31688117	ENSG00000171552.14|ENSG00000236559.1	gene|regulatory|transcript	4
chr20	31710251	31710255	ENSG00000171552.14|ENSG00000236559.1	gene|regulatory|transcript	4
chr20	4823225	4823229	ENSG00000101265.16	gene|regulatory|transcript	4
chr20	34596051	34596055	ENSG00000101464.11	gene|regulatory|transcript	4
chr20	47316882	47316886	ENSG00000101040.20	gene|regulatory|transcript	4
chr20	1925048	1925052	ENSG00000198053.12	gene|regulatory|transcript	4
chr20	62238722	62238726	ENSG00000130703.17	gene|regulatory|transcript	4
chr20	25623854	25623858	ENSG00000170191.5	gene|regulatory|transcript	4
chr20	53225174	53225178	ENSG00000182463.17	gene|regulatory|transcript	4
chr20	33423111	33423115	ENSG00000101400.6	gene|regulatory|transcript	4
chr20	62391111	62391115	ENSG00000149679.12	gene|regulatory|transcript	4
chr20	34412510	34412514	ENSG00000078747.17|ENSG00000289720.1	gene|regulatory|transcript	4
chr20	50859241	50859245	ENSG00000124243.19	gene|regulatory|transcript	4
chr20	31573794	31573798	ENSG00000101294.19	gene|regulatory|transcript	4
chr20	31672537	31672541	ENSG00000171552.14	gene|regulatory|transcript	4
chr20	51011594	51011598	ENSG00000026559.14	gene|regulatory|transcript	4
chr20	50930821	50930825	ENSG00000101126.18	gene|regulatory|transcript	4
chr20	46915572	46915576	ENSG00000064655.19	gene|regulatory|transcript	4
chr20	38218724	38218728	ENSG00000149633.12	gene|regulatory|transcript	4
chr20	46714462	46714466	ENSG00000197496.6	gene|regulatory|transcript	4
chr20	62666117	62666121	ENSG00000101187.16|ENSG00000232803.1	gene|regulatory|transcript	4
chr20	5593515	5593519	ENSG00000125772.14	gene|regulatory|transcript	4
chr20	51636407	51636411	ENSG00000054793.14	gene|regulatory|transcript	4
chr20	54171153	54171157	ENSG00000019186.10	gene|regulatory|transcript	4
chr20	51410981	51410985	ENSG00000101096.20	gene|regulatory|transcript	4
chr20	46898390	46898394	ENSG00000064655.19	gene|regulatory|transcript	4
chr20	32205787	32205791	ENSG00000126003.7	gene|regulatory|transcript	4
chr20	46677211	46677215	ENSG00000158296.14	gene|regulatory|transcript	4
chr20	19856546	19856550	ENSG00000132669.14	gene|regulatory|transcript	4
chr20	35738172	35738176	ENSG00000131051.24	gene|regulatory|transcript	4
chr20	19714117	19714121	ENSG00000185052.13	gene|regulatory|transcript	4
chr20	35719417	35719421	ENSG00000131051.24	gene|regulatory|transcript	4
chr20	63599706	63599710	ENSG00000101216.11	gene|regulatory|transcript	4
chr20	44274647	44274651	ENSG00000124194.17	gene|regulatory|transcript	4
chr20	32709583	32709587	ENSG00000149600.12|ENSG00000285382.1	gene|regulatory|transcript	4
chr20	18689687	18689690	ENSG00000125821.13|ENSG00000233993.1|ENSG00000284776.1	gene|regulatory|transcript	3
chr20	3083178	3083181	ENSG00000101200.5	gene|regulatory|transcript	3
chr20	33575358	33575361	ENSG00000078699.22	gene|regulatory|transcript	3
chr20	33401325	33401328	ENSG00000101391.21	gene|regulatory|transcript	3
chr20	5126200	5126203	ENSG00000132646.11	gene|regulatory|transcript	3
chr20	63727481	63727484	ENSG00000197114.12|ENSG00000273154.3	gene|regulatory|transcript	3
chr20	46638761	46638764	ENSG00000158296.14	gene|regulatory|transcript	3
chr20	42745149	42745152	ENSG00000196090.14	gene|regulatory|transcript	3
chr20	5078328	5078331	ENSG00000089063.15	gene|regulatory|transcript	3
chr20	530456	530459	ENSG00000101266.19	gene|regulatory|transcript	3
chr20	58700386	58700389	ENSG00000215440.12|ENSG00000254995.4	gene|regulatory|transcript	3
chr20	50826462	50826465	ENSG00000124243.19	gene|regulatory|transcript	3
chr20	51642171	51642174	ENSG00000054793.14	gene|regulatory|transcript	3
chr20	31554397	31554400	ENSG00000101294.19	gene|regulatory|transcript	3
chr20	62667388	62667391	ENSG00000101187.16	gene|regulatory|transcript	3
chr20	38162179	38162182	ENSG00000198959.12	gene|regulatory|transcript	3
chr20	45309563	45309566	ENSG00000124232.11	gene|regulatory|transcript	3
chr20	8764907	8764910	ENSG00000182621.19	gene|regulatory|transcript	3
chr20	42802051	42802054	ENSG00000196090.14	gene|regulatory|transcript	3
chr20	34623635	34623638	ENSG00000101464.11	gene|regulatory|transcript	3
chr20	34622060	34622063	ENSG00000101464.11	gene|regulatory|transcript	3
chr20	35287972	35287975	ENSG00000125998.8	gene|regulatory|transcript	3
chr20	44123364	44123367	ENSG00000149596.7	gene|regulatory|transcript	3
chr20	38135445	38135448	ENSG00000198959.12	gene|regulatory|transcript	3
chr20	54649237	54649240	ENSG00000101134.12	gene|regulatory|transcript	3
chr20	38151913	38151916	ENSG00000198959.12	gene|regulatory|transcript	3
chr20	32780311	32780314	ENSG00000088305.19	gene|regulatory|transcript	3
chr20	32283921	32283924	ENSG00000101350.8	gene|regulatory|transcript	3
chr20	63730919	63730922	ENSG00000197114.12|ENSG00000273154.3	gene|regulatory|transcript	3
chr20	37497102	37497105	ENSG00000166619.15	gene|regulatory|transcript	3
chr20	47307834	47307837	ENSG00000101040.20	gene|regulatory|transcript	3
chr20	37727298	37727301	ENSG00000132792.21	gene|regulatory|transcript	3
chr20	1118380	1118383	ENSG00000125818.18|ENSG00000286787.3	gene|regulatory|transcript	3
chr20	1924023	1924026	ENSG00000198053.12	gene|regulatory|transcript	3
chr20	63878899	63878902	ENSG00000101150.18|ENSG00000290226.1	gene|regulatory|transcript	3
chr20	36461334	36461337	ENSG00000080845.19	gene|regulatory|transcript	3
chr20	44967909	44967912	ENSG00000101109.13	gene|regulatory|transcript	3
chr20	35227683	35227686	ENSG00000125966.10|ENSG00000126005.17	gene|regulatory|transcript	3
chr20	62387136	62387139	ENSG00000171858.18	gene|regulatory|transcript	3
chr20	36199349	36199352	ENSG00000088367.23	gene|regulatory|transcript	3
chr20	15162674	15162677	ENSG00000172264.19	gene|regulatory|transcript	3
chr20	15237160	15237163	ENSG00000172264.19	gene|regulatory|transcript	3
chr20	51797177	51797180	ENSG00000101115.13	gene|regulatory|transcript	3
chr20	36817866	36817869	ENSG00000149639.15	gene|regulatory|transcript	3
chr20	50629949	50629952	ENSG00000042062.13	gene|regulatory|transcript	3
chr20	57393625	57393628	ENSG00000132819.17	gene|regulatory|transcript	3
chr20	14686852	14686855	ENSG00000172264.19	gene|regulatory|transcript	3
chr20	57403187	57403190	ENSG00000132819.17	gene|regulatory|transcript	3
chr20	41162255	41162258	ENSG00000124181.15	gene|regulatory|transcript	3
chr20	63654652	63654655	ENSG00000197457.10	gene|regulatory|transcript	3
chr20	33554722	33554725	ENSG00000078699.22	gene|regulatory|transcript	3
chr20	44272203	44272206	ENSG00000124194.17	gene|regulatory|transcript	3
chr20	45441605	45441608	ENSG00000124155.19|ENSG00000277022.1	gene|regulatory|transcript	3
chr20	19975787	19975790	ENSG00000132669.14	gene|regulatory|transcript	3
chr20	49661647	49661650	ENSG00000158470.5	gene|regulatory|transcript	3
chr20	42099143	42099146	ENSG00000196090.14	gene|regulatory|transcript	3
chr20	63975532	63975535	ENSG00000130590.14	gene|regulatory|transcript	3
chr20	14885874	14885877	ENSG00000172264.19|ENSG00000235914.2	gene|regulatory|transcript	3
chr20	41053971	41053974	ENSG00000198900.7	gene|regulatory|transcript	3
chr20	15242815	15242818	ENSG00000172264.19	gene|regulatory|transcript	3
chr20	37015419	37015422	ENSG00000080839.12	gene|regulatory|transcript	3
chr20	54057309	54057312	ENSG00000064787.14	gene|regulatory|transcript	3
chr20	51419658	51419661	ENSG00000101096.20	gene|regulatory|transcript	3
chr20	34066847	34066850	ENSG00000125970.12	gene|regulatory|transcript	3
chr20	62940755	62940758	ENSG00000101193.8	gene|regulatory|transcript	3
chr20	25018522	25018525	ENSG00000154930.15	gene|regulatory|transcript	3
chr20	25022357	25022360	ENSG00000154930.15	gene|regulatory|transcript	3
chr20	25037128	25037131	ENSG00000154930.15	gene|regulatory|transcript	3
chr20	48983431	48983434	ENSG00000124198.10	gene|regulatory|transcript	3
chr20	37175877	37175880	ENSG00000101353.16	gene|regulatory|transcript	3
chr20	37159995	37159998	ENSG00000101353.16	gene|regulatory|transcript	3
chr20	34907122	34907125	ENSG00000131069.20	gene|regulatory|transcript	3
chr20	37121532	37121535	ENSG00000101353.16	gene|regulatory|transcript	3
chr20	1282931	1282934	ENSG00000101298.15|ENSG00000244588.6	gene|regulatory|transcript	3
chr20	21185058	21185061	ENSG00000088970.16|ENSG00000232712.6	gene|regulatory|transcript	3
chr20	34780645	34780648	ENSG00000198646.14|ENSG00000286803.1	gene|regulatory|transcript	3
chr20	37195647	37195650	ENSG00000118705.18	gene|regulatory|transcript	3
chr20	47516938	47516941	ENSG00000124151.19	gene|regulatory|transcript	3
chr20	36585488	36585491	ENSG00000118707.11|ENSG00000259399.1	gene|regulatory|transcript	3
chr20	49009364	49009367	ENSG00000124198.10	gene|regulatory|transcript	3
chr20	44610339	44610342	ENSG00000168734.14|ENSG00000196839.14	gene|regulatory|transcript	3
chr20	61857110	61857113	ENSG00000179242.16	gene|regulatory|transcript	3
chr20	1144829	1144832	ENSG00000125818.18	gene|regulatory|transcript	3
chr20	36600553	36600556	ENSG00000259399.1	gene|regulatory|transcript	3
chr20	47543392	47543395	ENSG00000124151.19	gene|regulatory|transcript	3
chr20	45362665	45362668	ENSG00000204070.10	gene|regulatory|transcript	3
chr20	31870572	31870575	ENSG00000149599.16	gene|regulatory|transcript	3
chr20	63902667	63902670	ENSG00000101152.12|ENSG00000290226.1	gene|regulatory|transcript	3
chr20	63409957	63409960	ENSG00000075043.21	gene|regulatory|transcript	3
chr20	4988013	4988016	ENSG00000089057.15	gene|regulatory|transcript	3
chr20	46387817	46387820	ENSG00000062598.18|ENSG00000273828.2	gene|regulatory|transcript	3
chr20	36480719	36480722	ENSG00000080845.19	gene|regulatory|transcript	3
chr20	37397464	37397467	ENSG00000197122.13	gene|regulatory|transcript	3
chr20	63978241	63978244	ENSG00000130590.14	gene|regulatory|transcript	3
chr20	37005123	37005126	ENSG00000080839.12	gene|regulatory|transcript	3
chr20	49052638	49052640	ENSG00000124207.17	gene|regulatory|transcript	2
chr20	49129278	49129280	ENSG00000124214.21	gene|regulatory|transcript	2
chr20	59610712	59610714	ENSG00000087495.17	gene|regulatory|transcript	2
chr20	49047592	49047594	ENSG00000124207.17	gene|regulatory|transcript	2
chr20	35070268	35070270	ENSG00000100991.12	gene|regulatory|transcript	2
chr20	43988964	43988966	ENSG00000124191.18	gene|regulatory|transcript	2
chr20	8807684	8807686	ENSG00000182621.19	gene|regulatory|transcript	2
chr20	49314327	49314329	ENSG00000158445.10	gene|regulatory|transcript	2
chr20	64102555	64102557	ENSG00000196132.14	gene|regulatory|transcript	2
chr20	59577617	59577619	ENSG00000087495.17	gene|regulatory|transcript	2
chr20	35174161	35174163	ENSG00000101000.6	gene|regulatory|transcript	2
chr20	35174191	35174193	ENSG00000101000.6	gene|regulatory|transcript	2
chr20	53196364	53196366	ENSG00000182463.17|ENSG00000227705.1	gene|regulatory|transcript	2
chr20	32360586	32360588	ENSG00000171456.22	gene|regulatory|transcript	2
chr20	8114917	8114919	ENSG00000182621.19	gene|regulatory|transcript	2
chr20	59166051	59166053	ENSG00000124203.7	gene|regulatory|transcript	2
chr20	36133873	36133875	ENSG00000088367.23	gene|regulatory|transcript	2
chr20	18003664	18003666	ENSG00000125850.11	gene|regulatory|transcript	2
chr20	53041113	53041115	ENSG00000182463.17	gene|regulatory|transcript	2
chr20	17559421	17559423	ENSG00000125864.14	gene|regulatory|transcript	2
chr20	17563296	17563298	ENSG00000125864.14	gene|regulatory|transcript	2
chr20	52111049	52111051	ENSG00000020256.20	gene|regulatory|transcript	2
chr20	17969141	17969143	ENSG00000125850.11|ENSG00000125871.14	gene|regulatory|transcript	2
chr20	49411292	49411294	ENSG00000158445.10|ENSG00000290421.1	gene|regulatory|transcript	2
chr20	31682450	31682452	ENSG00000171552.14	gene|regulatory|transcript	2
chr20	56391618	56391620	ENSG00000087586.18	gene|regulatory|transcript	2
chr20	62349730	62349732	ENSG00000130702.15	gene|regulatory|transcript	2
chr20	25696010	25696012	ENSG00000130684.14	gene|regulatory|transcript	2
chr20	38035080	38035082	ENSG00000101413.12	gene|regulatory|transcript	2
chr20	32993696	32993698	ENSG00000167098.12	gene|regulatory|transcript	2
chr20	32208384	32208386	ENSG00000101346.15	gene|regulatory|transcript	2
chr20	49909673	49909675	ENSG00000158480.11	gene|regulatory|transcript	2
chr20	34243106	34243108	ENSG00000101440.10|ENSG00000250917.1	gene|regulatory|transcript	2
chr20	45826215	45826217	ENSG00000101470.10	gene|regulatory|transcript	2
chr20	33587565	33587567	ENSG00000078699.22	gene|regulatory|transcript	2
chr20	53413451	53413453	ENSG00000182463.17|ENSG00000271774.1	gene|regulatory|transcript	2
chr20	33513660	33513662	ENSG00000078699.22	gene|regulatory|transcript	2
chr20	3194868	3194870	ENSG00000198171.13	gene|regulatory|transcript	2
chr20	35699189	35699191	ENSG00000244005.13	gene|regulatory|transcript	2
chr20	19680204	19680206	ENSG00000185052.13	gene|regulatory|transcript	2
chr20	62732195	62732197	ENSG00000101188.5	gene|regulatory|transcript	2
chr20	34210820	34210822	ENSG00000101440.10	gene|regulatory|transcript	2
chr20	38347049	38347051	ENSG00000129988.6	gene|regulatory|transcript	2
chr20	19713940	19713942	ENSG00000185052.13	gene|regulatory|transcript	2
chr20	290584	290586	ENSG00000196476.12	gene|regulatory|transcript	2
chr20	49551845	49551847	ENSG00000124212.6	gene|regulatory|transcript	2
chr20	45780955	45780957	ENSG00000124116.19	gene|regulatory|transcript	2
chr20	33554604	33554606	ENSG00000078699.22	gene|regulatory|transcript	2
chr20	32070823	32070825	ENSG00000101336.18	gene|regulatory|transcript	2
chr20	4989527	4989529	ENSG00000089057.15	gene|regulatory|transcript	2
chr20	31705521	31705523	ENSG00000171552.14|ENSG00000236559.1	gene|regulatory|transcript	2
chr20	64147930	64147932	ENSG00000196132.14	gene|regulatory|transcript	2
chr20	674738	674740	ENSG00000215397.4|ENSG00000270299.1	gene|regulatory|transcript	2
chr20	47561613	47561615	ENSG00000124151.19	gene|regulatory|transcript	2
chr20	10218977	10218979	ENSG00000132639.15|ENSG00000227906.10	gene|regulatory|transcript	2
chr20	37372000	37372002	ENSG00000197122.13	gene|regulatory|transcript	2
chr20	37507903	37507905	ENSG00000166619.15	gene|regulatory|transcript	2
chr20	9332923	9332925	ENSG00000101333.19	gene|regulatory|transcript	2
chr20	37392443	37392445	ENSG00000197122.13	gene|regulatory|transcript	2
chr20	25484095	25484097	ENSG00000101004.16	gene|regulatory|transcript	2
chr20	25451027	25451029	ENSG00000101003.12	gene|regulatory|transcript	2
chr20	34617087	34617089	ENSG00000101464.11	gene|regulatory|transcript	2
chr20	1392656	1392658	ENSG00000088832.18|ENSG00000274322.1	gene|regulatory|transcript	2
chr20	44766302	44766304	ENSG00000101098.13	gene|regulatory|transcript	2
chr20	48799707	48799709	ENSG00000124126.14	gene|regulatory|transcript	2
chr20	32823940	32823942	ENSG00000101367.9	gene|regulatory|transcript	2
chr20	15986724	15986726	ENSG00000172264.19	gene|regulatory|transcript	2
chr20	15861150	15861152	ENSG00000172264.19	gene|regulatory|transcript	2
chr20	21225925	21225927	ENSG00000088970.16	gene|regulatory|transcript	2
chr20	48795376	48795378	ENSG00000124126.14	gene|regulatory|transcript	2
chr20	43491714	43491716	ENSG00000185513.18|ENSG00000288000.1	gene|regulatory|transcript	2
chr20	10509694	10509696	ENSG00000149346.15	gene|regulatory|transcript	2
chr20	62132790	62132792	ENSG00000149657.20	gene|regulatory|transcript	2
chr20	9496671	9496673	ENSG00000101333.19	gene|regulatory|transcript	2
chr20	35117207	35117209	ENSG00000088298.13	gene|regulatory|transcript	2
chr20	1576788	1576790	ENSG00000101307.16|ENSG00000260861.6	gene|regulatory|transcript	2
chr20	35080556	35080558	ENSG00000100991.12	gene|regulatory|transcript	2
chr20	37223285	37223287	ENSG00000118705.18	gene|regulatory|transcript	2
chr20	49151747	49151749	ENSG00000124214.21	gene|regulatory|transcript	2
chr20	59672264	59672266	ENSG00000087495.17	gene|regulatory|transcript	2
chr20	54064267	54064269	ENSG00000064787.14	gene|regulatory|transcript	2
chr20	31719274	31719276	ENSG00000171552.14	gene|regulatory|transcript	2
chr20	53320371	53320373	ENSG00000182463.17|ENSG00000271774.1	gene|regulatory|transcript	2
chr20	53593839	53593841	ENSG00000171940.14	gene|regulatory|transcript	2
chr20	43957565	43957567	ENSG00000124191.18	gene|regulatory|transcript	2
chr20	2841324	2841326	ENSG00000215305.10	gene|regulatory|transcript	2
chr20	32077542	32077544	ENSG00000101336.18	gene|regulatory|transcript	2
chr20	3391565	3391567	ENSG00000088854.13	gene|regulatory|transcript	2
chr20	45870683	45870685	ENSG00000132801.7	gene|regulatory|transcript	2
chr20	42256264	42256266	ENSG00000196090.14	gene|regulatory|transcript	2
chr20	37298739	37298741	ENSG00000101363.13	gene|regulatory|transcript	2
chr20	10488109	10488111	ENSG00000149346.15	gene|regulatory|transcript	2
chr20	63689499	63689501	ENSG00000026036.23|ENSG00000258366.12	gene|regulatory|transcript	2
chr20	34925572	34925574	ENSG00000131069.20	gene|regulatory|transcript	2
chr20	34952321	34952323	ENSG00000100983.12	gene|regulatory|transcript	2
chr20	48728418	48728420	ENSG00000124126.14	gene|regulatory|transcript	2
chr20	36820158	36820160	ENSG00000149639.15	gene|regulatory|transcript	2
chr20	51797355	51797357	ENSG00000101115.13	gene|regulatory|transcript	2
chr20	48782795	48782797	ENSG00000124126.14	gene|regulatory|transcript	2
chr20	47749028	47749030	ENSG00000196562.16	gene|regulatory|transcript	2
chr20	32959775	32959777	ENSG00000215529.13	gene|regulatory|transcript	2
chr20	51767068	51767070	ENSG00000054793.14	gene|regulatory|transcript	2
chr20	36945051	36945053	ENSG00000101347.11	gene|regulatory|transcript	2
chr20	36945220	36945222	ENSG00000101347.11	gene|regulatory|transcript	2
chr20	57264078	57264080	ENSG00000101144.13	gene|regulatory|transcript	2
chr20	46120780	46120782	ENSG00000101017.15	gene|regulatory|transcript	2
chr20	51469376	51469378	ENSG00000101096.20	gene|regulatory|transcript	2
chr20	34938956	34938958	ENSG00000100983.12	gene|regulatory|transcript	2
chr20	34042302	34042304	ENSG00000125970.12	gene|regulatory|transcript	2
chr20	32886950	32886952	ENSG00000215529.13	gene|regulatory|transcript	2
chr20	44180315	44180317	ENSG00000149596.7	gene|regulatory|transcript	2
chr20	44204751	44204753	ENSG00000132823.11	gene|regulatory|transcript	2
chr20	64008182	64008184	ENSG00000101161.8	gene|regulatory|transcript	2
chr20	46029006	46029008	ENSG00000124140.15	gene|regulatory|transcript	2
chr20	53606864	53606866	ENSG00000171940.14	gene|regulatory|transcript	2
chr20	3797619	3797621	ENSG00000101224.18	gene|regulatory|transcript	2
chr20	35822119	35822121	ENSG00000025293.17	gene|regulatory|transcript	2
chr20	19914669	19914671	ENSG00000132669.14	gene|regulatory|transcript	2
chr20	19219147	19219149	ENSG00000185052.13	gene|regulatory|transcript	2
chr20	49813000	49813002	ENSG00000197818.12	gene|regulatory|transcript	2
chr20	35776880	35776882	ENSG00000025293.17	gene|regulatory|transcript	2
chr20	35371721	35371723	ENSG00000101019.22	gene|regulatory|transcript	2
chr20	3072074	3072076	ENSG00000101405.3	gene|regulatory|transcript	2
chr20	3118789	3118791	ENSG00000185019.17|ENSG00000235958.5	gene|regulatory|transcript	2
chr20	33443308	33443310	ENSG00000101400.6	gene|regulatory|transcript	2
chr20	32112411	32112413	ENSG00000101337.16	gene|regulatory|transcript	2
chr20	372158	372159	ENSG00000101255.12	gene|regulatory|transcript	1
chr20	32738124	32738125	ENSG00000149600.12|ENSG00000285382.1	gene|regulatory|transcript	1
chr20	32160238	32160239	ENSG00000101337.16	gene|regulatory|transcript	1
chr20	41461340	41461341	ENSG00000124177.16|ENSG00000235088.1	gene|regulatory|transcript	1
chr20	49483474	49483475	ENSG00000158445.10	gene|regulatory|transcript	1
chr20	49551224	49551225	ENSG00000124212.6	gene|regulatory|transcript	1
chr20	19953137	19953138	ENSG00000132669.14	gene|regulatory|transcript	1
chr20	19953728	19953729	ENSG00000132669.14	gene|regulatory|transcript	1
chr20	58424086	58424087	ENSG00000124164.16	gene|regulatory|transcript	1
chr20	35447281	35447282	ENSG00000125965.9	gene|regulatory|transcript	1
chr20	44175276	44175277	ENSG00000149596.7	gene|regulatory|transcript	1
chr20	373365	373366	ENSG00000101255.12	gene|regulatory|transcript	1
chr20	286622	286623	ENSG00000196476.12	gene|regulatory|transcript	1
chr20	44392797	44392798	ENSG00000101076.20|ENSG00000229005.2	gene|regulatory|transcript	1
chr20	46085326	46085327	ENSG00000124160.12	gene|regulatory|transcript	1
chr20	33820688	33820689	ENSG00000101421.4	gene|regulatory|transcript	1
chr20	53961790	53961791	ENSG00000064787.14	gene|regulatory|transcript	1
chr20	41119603	41119604	ENSG00000198900.7|ENSG00000226648.2	gene|regulatory|transcript	1
chr20	53941524	53941525	ENSG00000064787.14|ENSG00000236352.1	gene|regulatory|transcript	1
chr20	36861368	36861369	ENSG00000149639.15	gene|regulatory|transcript	1
chr20	14566446	14566447	ENSG00000172264.19|ENSG00000227927.2	gene|regulatory|transcript	1
chr20	34955808	34955809	ENSG00000100983.12	gene|regulatory|transcript	1
chr20	14925156	14925157	ENSG00000172264.19|ENSG00000235914.2	gene|regulatory|transcript	1
chr20	50558534	50558535	ENSG00000196396.10	gene|regulatory|transcript	1
chr20	43691485	43691486	ENSG00000101057.16	gene|regulatory|transcript	1
chr20	61296903	61296904	ENSG00000179242.16	gene|regulatory|transcript	1
chr20	43715283	43715284	ENSG00000101057.16	gene|regulatory|transcript	1
chr20	44645049	44645050	ENSG00000196839.14	gene|regulatory|transcript	1
chr20	35010894	35010895	ENSG00000100991.12	gene|regulatory|transcript	1
chr20	15198258	15198259	ENSG00000172264.19	gene|regulatory|transcript	1
chr20	36765246	36765247	ENSG00000149636.16	gene|regulatory|transcript	1
chr20	15359723	15359724	ENSG00000172264.19	gene|regulatory|transcript	1
chr20	59994206	59994207	ENSG00000124215.17	gene|regulatory|transcript	1
chr20	15317962	15317963	ENSG00000172264.19	gene|regulatory|transcript	1
chr20	37074677	37074678	ENSG00000080839.12	gene|regulatory|transcript	1
chr20	25254088	25254089	ENSG00000100994.12	gene|regulatory|transcript	1
chr20	48638723	48638724	ENSG00000124126.14	gene|regulatory|transcript	1
chr20	43466943	43466944	ENSG00000288000.1	gene|regulatory|transcript	1
chr20	3897725	3897726	ENSG00000125779.24	gene|regulatory|transcript	1
chr20	4227906	4227907	ENSG00000171873.8	gene|regulatory|transcript	1
chr20	4137169	4137170	ENSG00000088826.18	gene|regulatory|transcript	1
chr20	3980615	3980616	ENSG00000101236.17	gene|regulatory|transcript	1
chr20	34066558	34066559	ENSG00000125970.12	gene|regulatory|transcript	1
chr20	50663116	50663117	ENSG00000042062.13	gene|regulatory|transcript	1
chr20	36734078	36734079	ENSG00000101079.21	gene|regulatory|transcript	1
chr20	48781923	48781924	ENSG00000124126.14	gene|regulatory|transcript	1
chr20	15777386	15777387	ENSG00000172264.19	gene|regulatory|transcript	1
chr20	15807813	15807814	ENSG00000172264.19	gene|regulatory|transcript	1
chr20	35017772	35017773	ENSG00000100991.12	gene|regulatory|transcript	1
chr20	15923507	15923508	ENSG00000172264.19|ENSG00000286546.1	gene|regulatory|transcript	1
chr20	50142231	50142232	ENSG00000124208.16|ENSG00000240849.11	gene|regulatory|transcript	1
chr20	15951351	15951352	ENSG00000172264.19|ENSG00000286546.1	gene|regulatory|transcript	1
chr20	61926088	61926089	ENSG00000179242.16	gene|regulatory|transcript	1
chr20	10453306	10453307	ENSG00000149346.15	gene|regulatory|transcript	1
chr20	37199225	37199226	ENSG00000118705.18	gene|regulatory|transcript	1
chr20	10556320	10556321	ENSG00000149346.15	gene|regulatory|transcript	1
chr20	37179387	37179388	ENSG00000101353.16|ENSG00000118705.18	gene|regulatory|transcript	1
chr20	34818208	34818209	ENSG00000198646.14	gene|regulatory|transcript	1
chr20	10644275	10644276	ENSG00000101384.12	gene|regulatory|transcript	1
chr20	10630199	10630200	ENSG00000149346.15	gene|regulatory|transcript	1
chr20	35040775	35040776	ENSG00000100991.12	gene|regulatory|transcript	1
chr20	35040893	35040894	ENSG00000100991.12	gene|regulatory|transcript	1
chr20	1204671	1204672	ENSG00000215595.3|ENSG00000274269.1	gene|regulatory|transcript	1
chr20	21166892	21166893	ENSG00000088970.16|ENSG00000232712.6	gene|regulatory|transcript	1
chr20	16314691	16314692	ENSG00000089177.20	gene|regulatory|transcript	1
chr20	17439012	17439013	ENSG00000125851.10	gene|regulatory|transcript	1
chr20	57680747	57680748	ENSG00000124225.16	gene|regulatory|transcript	1
chr20	42277234	42277235	ENSG00000196090.14	gene|regulatory|transcript	1
chr20	25408442	25408443	ENSG00000101003.12	gene|regulatory|transcript	1
chr20	10218453	10218454	ENSG00000132639.15|ENSG00000227906.10	gene|regulatory|transcript	1
chr20	37345615	37345616	ENSG00000197122.13	gene|regulatory|transcript	1
chr20	47521294	47521295	ENSG00000124151.19	gene|regulatory|transcript	1
chr20	32397977	32397978	ENSG00000171456.22	gene|regulatory|transcript	1
chr20	25342123	25342124	ENSG00000100997.20	gene|regulatory|transcript	1
chr20	45894741	45894742	ENSG00000064601.21	gene|regulatory|transcript	1
chr20	3551000	3551001	ENSG00000088812.18	gene|regulatory|transcript	1
chr20	51457819	51457820	ENSG00000101096.20	gene|regulatory|transcript	1
chr20	4945321	4945322	ENSG00000089057.15	gene|regulatory|transcript	1
chr20	31706569	31706570	ENSG00000171552.14|ENSG00000236559.1	gene|regulatory|transcript	1
chr20	31706701	31706702	ENSG00000171552.14|ENSG00000236559.1	gene|regulatory|transcript	1
chr20	4921308	4921309	ENSG00000089057.15	gene|regulatory|transcript	1
chr20	53331869	53331870	ENSG00000182463.17|ENSG00000271774.1	gene|regulatory|transcript	1
chr20	51635727	51635728	ENSG00000054793.14	gene|regulatory|transcript	1
chr20	37375537	37375538	ENSG00000197122.13	gene|regulatory|transcript	1
chr20	25384913	25384914	ENSG00000100997.20	gene|regulatory|transcript	1
chr20	25408205	25408206	ENSG00000101003.12	gene|regulatory|transcript	1
chr20	47313083	47313084	ENSG00000101040.20	gene|regulatory|transcript	1
chr20	47331921	47331922	ENSG00000101040.20	gene|regulatory|transcript	1
chr20	63874362	63874363	ENSG00000101150.18|ENSG00000290226.1	gene|regulatory|transcript	1
chr20	43071227	43071228	ENSG00000196090.14	gene|regulatory|transcript	1
chr20	9388436	9388437	ENSG00000101333.19	gene|regulatory|transcript	1
chr20	47333063	47333064	ENSG00000101040.20	gene|regulatory|transcript	1
chr20	47340895	47340896	ENSG00000101040.20	gene|regulatory|transcript	1
chr20	38818607	38818608	ENSG00000101445.10	gene|regulatory|transcript	1
chr20	17559562	17559563	ENSG00000125864.14	gene|regulatory|transcript	1
chr20	20525275	20525276	ENSG00000188559.16	gene|regulatory|transcript	1
chr20	44596051	44596052	ENSG00000168734.14|ENSG00000196839.14	gene|regulatory|transcript	1
chr20	20472956	20472957	ENSG00000188559.16	gene|regulatory|transcript	1
chr20	57687589	57687590	ENSG00000124225.16	gene|regulatory|transcript	1
chr20	20436000	20436001	ENSG00000188559.16	gene|regulatory|transcript	1
chr20	53224566	53224567	ENSG00000182463.17	gene|regulatory|transcript	1
chr20	44990482	44990483	ENSG00000101109.13	gene|regulatory|transcript	1
chr20	8933004	8933005	ENSG00000182621.19	gene|regulatory|transcript	1
chr20	25543267	25543268	ENSG00000101004.16	gene|regulatory|transcript	1
chr20	34677092	34677093	ENSG00000101464.11	gene|regulatory|transcript	1
chr20	62243670	62243671	ENSG00000130703.17	gene|regulatory|transcript	1
chr20	2139720	2139721	ENSG00000125834.13	gene|regulatory|transcript	1
chr20	34680897	34680898	ENSG00000101464.11	gene|regulatory|transcript	1
chr20	62185650	62185651	ENSG00000101181.18	gene|regulatory|transcript	1
chr20	35147150	35147151	ENSG00000088298.13	gene|regulatory|transcript	1
chr20	20317173	20317174	ENSG00000089101.19	gene|regulatory|transcript	1
chr20	20318409	20318410	ENSG00000089101.19	gene|regulatory|transcript	1
chr20	17972455	17972456	ENSG00000125850.11|ENSG00000125871.14	gene|regulatory|transcript	1
chr20	50101596	50101597	ENSG00000124208.16|ENSG00000244687.13	gene|regulatory|transcript	1
chr20	7936547	7936548	ENSG00000101323.5	gene|regulatory|transcript	1
chr20	63786809	63786810	ENSG00000130584.12	gene|regulatory|transcript	1
chr20	8427507	8427508	ENSG00000182621.19	gene|regulatory|transcript	1
chr20	8764482	8764483	ENSG00000182621.19	gene|regulatory|transcript	1
chr20	54171575	54171576	ENSG00000019186.10	gene|regulatory|transcript	1
chr20	62653043	62653044	ENSG00000101187.16	gene|regulatory|transcript	1
chr20	45061280	45061281	ENSG00000101109.13	gene|regulatory|transcript	1
chr20	42895124	42895125	ENSG00000196090.14	gene|regulatory|transcript	1
chr20	2470686	2470687	ENSG00000125835.20|ENSG00000256566.1	gene|regulatory|transcript	1
chr20	46964204	46964205	ENSG00000064655.19	gene|regulatory|transcript	1
chr20	34410560	34410561	ENSG00000078747.17|ENSG00000289720.1	gene|regulatory|transcript	1
chr20	20075487	20075488	ENSG00000089101.19	gene|regulatory|transcript	1
chr20	854839	854840	ENSG00000125898.13	gene|regulatory|transcript	1
chr20	838816	838817	ENSG00000125898.13	gene|regulatory|transcript	1
chr20	59158747	59158748	ENSG00000124203.7	gene|regulatory|transcript	1
chr20	18583557	18583558	ENSG00000284776.1	gene|regulatory|transcript	1
chr20	44519288	44519289	ENSG00000132824.14	gene|regulatory|transcript	1
chr20	64151910	64151911	ENSG00000196132.14	gene|regulatory|transcript	1
chr20	5008916	5008917	ENSG00000089057.15	gene|regulatory|transcript	1
chr20	38511249	38511250	ENSG00000170471.15	gene|regulatory|transcript	1
chr20	5080320	5080321	ENSG00000089063.15	gene|regulatory|transcript	1
chr20	42789023	42789024	ENSG00000196090.14	gene|regulatory|transcript	1
chr20	42801872	42801873	ENSG00000196090.14	gene|regulatory|transcript	1
chr20	35717862	35717863	ENSG00000131051.24	gene|regulatory|transcript	1
chr20	49694704	49694705	ENSG00000158470.5	gene|regulatory|transcript	1
chr20	529941	529942	ENSG00000101266.19	gene|regulatory|transcript	1
chr20	5158163	5158164	ENSG00000101290.14	gene|regulatory|transcript	1
chr20	5158475	5158476	ENSG00000101290.14	gene|regulatory|transcript	1
chr20	5152742	5152743	ENSG00000101290.14	gene|regulatory|transcript	1
chr20	34304275	34304276	ENSG00000101444.13	gene|regulatory|transcript	1
chr20	41428683	41428684	ENSG00000124177.16	gene|regulatory|transcript	1
chr20	3135894	3135895	ENSG00000185019.17|ENSG00000235958.5	gene|regulatory|transcript	1
chr20	19937972	19937973	ENSG00000132669.14	gene|regulatory|transcript	1
chr20	58982139	58982140	ENSG00000101158.15	gene|regulatory|transcript	1
chr20	382431	382432	ENSG00000101255.12	gene|regulatory|transcript	1
